# 2019  9  1 15  0 UTC  2020  3 22 10 51 UTC
# ID,Year,Month,Day,Time(UTC),Lat,Lon,Area(km^2),Volcano,Level,Reliability,FRP(Wm^-2),QF,Hot(ID)
1,2019,9,1,1500,59.02,136.78,2.55,0,2,1,.76,0,3
2,2019,9,1,1500,59.02,136.80,2.55,0,2,3,.76,0,3
3,2019,9,1,1500,59.00,136.78,2.55,0,2,1,.76,0,3
4,2019,9,1,1500,59.00,136.80,2.55,0,2,3,.76,0,3
5,2019,9,1,1500,57.90,105.84,2.63,0,3,1,4.18,0,8
6,2019,9,1,1500,57.90,105.86,2.63,0,3,1,4.18,0,8
7,2019,9,1,1500,57.88,105.86,2.64,0,3,1,4.18,0,8
8,2019,9,1,1500,57.88,105.88,2.64,0,3,1,4.19,0,8
9,2019,9,1,1500,54.88,134.70,2.85,0,1,1,1.78,0,12
10,2019,9,1,1500,54.88,134.72,2.85,0,1,3,1.78,0,12
11,2019,9,1,1500,54.86,134.70,2.85,0,1,3,1.78,0,12
12,2019,9,1,1500,54.86,134.72,2.85,0,1,3,1.78,0,12
13,2019,9,1,1500,54.04,129.30,2.91,0,2,1,1.45,0,13
14,2019,9,1,1500,47.68,127.16,3.34,0,1,1,3.02,0,15
15,2019,9,1,1500,47.66,127.16,3.34,0,1,1,3.02,0,15
16,2019,9,1,1500,46.42,135.56,3.42,0,1,3,8.59,0,16
17,2019,9,1,1500,46.42,135.58,3.42,0,1,3,8.59,0,16
18,2019,9,1,1500,46.40,135.56,3.42,0,1,3,8.59,0,16
19,2019,9,1,1500,46.40,135.58,3.42,0,1,3,8.59,0,16
20,2019,9,1,1500,44.76,90.22,3.52,0,2,1,3.11,0,20
21,2019,9,1,1500,44.74,90.26,3.52,0,2,1,2.90,0,22
22,2019,9,1,1500,44.74,90.28,3.52,0,2,1,2.91,0,22
23,2019,9,1,1500,43.48,114.98,3.60,0,1,1,4.66,0,26
24,2019,9,1,1500,43.48,115.00,3.60,0,1,3,7.44,0,27
25,2019,9,1,1500,43.48,115.02,3.60,0,1,3,7.44,0,27
26,2019,9,1,1500,43.46,114.98,3.60,0,1,1,4.66,0,26
27,2019,9,1,1500,43.46,115.02,3.60,0,1,3,7.44,0,27
28,2019,9,1,1500,41.32,125.50,3.72,0,1,3,3.45,0,28
29,2019,9,1,1500,41.16,122.98,3.73,0,2,1,2.99,0,30
30,2019,9,1,1500,41.16,123.00,3.73,0,2,1,4.46,0,30
31,2019,9,1,1500,41.14,122.98,3.73,0,2,1,3.50,0,30
32,2019,9,1,1500,41.14,123.00,3.73,0,1,1,3.87,0,30
33,2019,9,1,1500,41.14,123.02,3.73,0,1,1,3.87,0,30
34,2019,9,1,1500,41.12,122.98,3.73,0,2,1,3.50,0,30
35,2019,9,1,1500,41.12,123.00,3.73,0,2,1,3.50,0,30
36,2019,9,1,1500,41.12,123.02,3.73,0,1,1,3.87,0,30
37,2019,9,1,1500,40.64,109.72,3.76,0,2,1,2.74,0,37
38,2019,9,1,1500,40.64,109.74,3.76,0,2,1,2.74,0,37
39,2019,9,1,1500,40.62,115.08,3.76,0,2,1,2.26,0,39
40,2019,9,1,1500,40.60,115.08,3.76,0,2,1,2.26,0,39
41,2019,9,1,1500,40.60,115.10,3.76,0,2,1,2.26,0,39
42,2019,9,1,1500,40.48,118.30,3.77,0,1,3,11.99,0,42
43,2019,9,1,1500,40.46,118.30,3.77,0,1,3,9.80,0,42
44,2019,9,1,1500,40.46,118.32,3.77,0,1,1,9.80,0,42
45,2019,9,1,1500,40.44,118.32,3.77,0,1,3,9.94,0,42
46,2019,9,1,1500,40.42,118.32,3.77,0,1,3,9.94,0,42
47,2019,9,1,1500,40.42,118.34,3.77,0,1,3,9.94,0,42
48,2019,9,1,1500,40.22,119.00,3.78,0,1,1,3.32,0,48
49,2019,9,1,1500,40.20,119.02,3.79,0,1,3,3.53,0,50
50,2019,9,1,1500,40.18,119.02,3.79,0,1,3,6.16,0,50
51,2019,9,1,1500,39.88,106.88,3.80,0,1,1,3.98,0,51
52,2019,9,1,1500,39.70,124.62,3.81,0,2,1,3.81,0,52
53,2019,9,1,1500,39.44,116.30,3.83,0,1,1,6.08,0,53
54,2019,9,1,1500,39.44,116.32,3.83,0,1,1,6.08,0,53
55,2019,9,1,1500,39.22,108.98,3.84,0,1,1,5.36,0,55
56,2019,9,1,1500,39.14,109.90,3.84,0,1,3,7.51,0,61
57,2019,9,1,1500,39.12,109.90,3.85,0,1,3,7.51,0,61
58,2019,9,1,1500,39.12,109.92,3.85,0,1,3,7.51,0,58
59,2019,9,1,1500,39.10,109.86,3.85,0,1,1,11.34,0,61
60,2019,9,1,1500,39.10,109.88,3.85,0,1,1,15.31,0,61
61,2019,9,1,1500,39.10,109.90,3.85,0,1,1,15.31,0,61
62,2019,9,1,1500,38.90,115.46,3.86,0,2,1,1.88,0,63
63,2019,9,1,1500,38.88,115.46,3.86,0,2,1,3.55,0,63
64,2019,9,1,1500,38.88,115.48,3.86,0,2,1,3.55,0,63
65,2019,9,1,1500,38.88,115.50,3.86,0,2,3,3.47,0,63
66,2019,9,1,1500,38.88,116.02,3.86,0,2,3,2.05,0,66
67,2019,9,1,1500,38.86,116.04,3.86,0,2,3,2.07,0,67
68,2019,9,1,1500,38.66,104.32,3.87,0,1,1,4.91,0,68
69,2019,9,1,1500,38.26,114.28,3.89,0,1,1,8.64,0,69
70,2019,9,1,1500,38.12,116.84,3.90,0,2,1,4.38,0,70
71,2019,9,1,1500,38.12,116.86,3.90,0,2,1,4.38,0,70
72,2019,9,1,1500,37.74,115.68,3.92,0,1,1,5.02,0,72
73,2019,9,1,1500,37.72,115.68,3.92,0,1,1,5.02,0,72
74,2019,9,1,1500,37.72,115.70,3.92,0,1,1,5.02,0,72
75,2019,9,1,1500,37.64,115.62,3.92,0,2,3,3.76,0,75
76,2019,9,1,1500,37.62,115.62,3.93,0,2,3,3.76,0,75
77,2019,9,1,1500,37.60,115.60,3.93,0,2,3,3.25,0,79
78,2019,9,1,1500,37.60,115.62,3.93,0,2,3,3.61,0,75
79,2019,9,1,1500,37.58,115.58,3.93,0,1,1,4.47,0,79
80,2019,9,1,1500,37.58,115.60,3.93,0,1,1,4.47,0,79
81,2019,9,1,1500,37.56,91.16,3.93,0,2,1,1.32,0,82
82,2019,9,1,1500,37.56,91.18,3.93,0,2,1,1.32,0,82
83,2019,9,1,1500,37.08,114.46,3.95,0,1,1,5.67,0,85
84,2019,9,1,1500,37.08,114.48,3.95,0,1,1,5.67,0,85
85,2019,9,1,1500,37.08,114.50,3.95,0,1,3,6.70,0,85
86,2019,9,1,1500,37.06,114.48,3.96,0,1,1,5.67,0,85
87,2019,9,1,1500,37.06,114.50,3.96,0,1,3,6.70,0,85
88,2019,9,1,1500,36.96,140.06,3.96,0,1,3,22.10,0,88
89,2019,9,1,1500,36.54,115.28,3.98,0,2,3,1.96,0,89
90,2019,9,1,1500,36.54,115.30,3.98,0,2,3,1.96,0,89
91,2019,9,1,1500,36.28,100.00,4.00,0,2,1,1.48,0,91
92,2019,9,1,1500,36.08,103.82,4.01,0,1,3,3.81,0,94
93,2019,9,1,1500,36.08,103.84,4.01,0,1,3,3.81,0,94
94,2019,9,1,1500,36.06,103.84,4.01,0,1,3,3.81,0,94
95,2019,9,1,1500,35.60,140.10,4.03,0,2,1,3.23,0,95
96,2019,9,1,1500,35.04,136.88,4.06,0,2,1,4.16,0,96
97,2019,9,1,1500,34.80,111.34,4.07,0,2,3,5.53,0,97
98,2019,9,1,1500,34.04,97.18,4.11,0,2,3,1.68,0,99
99,2019,9,1,1500,34.04,97.20,4.11,0,2,3,1.68,0,99
100,2019,9,1,1500,34.02,110.22,4.11,0,2,3,2.12,0,100
101,2019,9,1,1500,33.12,111.46,4.15,0,2,3,2.41,0,101
102,2019,9,1,1500,32.80,111.48,4.17,0,1,1,5.62,0,102
103,2019,9,1,1500,32.78,111.46,4.17,0,1,3,3.83,0,103
104,2019,9,1,1500,32.76,110.08,4.17,0,1,3,24.38,0,104
105,2019,9,1,1500,32.76,110.10,4.17,0,1,3,24.38,0,104
106,2019,9,1,1500,32.74,110.10,4.17,0,1,3,18.32,0,104
107,2019,9,1,1500,32.72,110.10,4.17,0,1,3,18.32,0,104
108,2019,9,1,1500,32.72,110.12,4.17,0,1,3,18.32,0,104
109,2019,9,1,1500,32.62,110.42,4.17,0,1,3,8.62,0,109
110,2019,9,1,1500,32.62,110.44,4.17,0,1,3,8.62,0,109
111,2019,9,1,1500,31.28,96.58,4.24,0,1,1,5.70,0,111
112,2019,9,1,1500,29.04,109.56,4.33,0,1,3,7.71,0,112
113,2019,9,1,1500,29.04,109.58,4.33,0,2,3,2.95,0,112
114,2019,9,1,1500,29.04,111.38,4.33,0,2,1,5.09,0,114
115,2019,9,1,1500,28.68,116.46,4.35,0,1,3,18.09,0,115
116,2019,9,1,1500,28.48,106.54,4.36,0,2,3,1.07,0,116
117,2019,9,1,1500,28.48,106.56,4.36,0,2,3,1.07,0,116
118,2019,9,1,1500,28.16,114.90,4.37,0,1,3,2.30,0,118
119,2019,9,1,1500,28.14,110.08,4.37,0,2,3,1.20,0,119
120,2019,9,1,1500,28.14,114.90,4.37,0,1,3,2.30,0,118
121,2019,9,1,1500,28.14,114.92,4.37,0,1,3,2.30,0,118
122,2019,9,1,1500,28.10,111.10,4.37,0,2,3,3.26,0,122
123,2019,9,1,1500,28.10,111.12,4.37,0,2,3,3.25,0,122
124,2019,9,1,1500,28.08,111.06,4.37,0,2,3,1.38,0,122
125,2019,9,1,1500,28.08,111.08,4.37,0,2,3,1.72,0,122
126,2019,9,1,1500,28.08,111.10,4.37,0,2,3,1.72,0,122
127,2019,9,1,1500,27.52,114.50,4.40,0,1,1,2.87,0,127
128,2019,9,1,1500,27.52,114.52,4.40,0,1,1,2.87,0,127
129,2019,9,1,1500,27.40,111.08,4.40,0,1,3,6.04,0,130
130,2019,9,1,1500,27.38,111.08,4.40,0,1,3,6.88,0,130
131,2019,9,1,1500,27.36,112.12,4.40,0,1,3,9.54,0,131
132,2019,9,1,1500,27.22,115.60,4.41,0,1,3,7.74,0,132
133,2019,9,1,1500,27.22,115.62,4.41,0,1,1,7.74,0,132
134,2019,9,1,1500,26.78,102.02,4.42,0,1,3,11.08,0,135
135,2019,9,1,1500,26.76,102.02,4.43,0,1,3,16.02,0,135
136,2019,9,1,1500,26.76,102.04,4.43,0,1,3,16.02,0,135
137,2019,9,1,1500,26.76,102.08,4.43,0,1,3,9.38,0,139
138,2019,9,1,1500,26.76,102.10,4.43,0,1,3,9.38,0,139
139,2019,9,1,1500,26.74,102.06,4.43,0,1,3,14.21,0,139
140,2019,9,1,1500,26.74,102.08,4.43,0,1,3,14.21,0,139
141,2019,9,1,1500,26.74,104.40,4.43,0,1,3,4.31,0,143
142,2019,9,1,1500,26.74,104.42,4.43,0,1,3,4.31,0,143
143,2019,9,1,1500,26.74,104.44,4.43,0,1,3,6.85,0,143
144,2019,9,1,1500,26.72,102.02,4.43,0,1,1,5.08,0,144
145,2019,9,1,1500,26.72,102.08,4.43,0,1,3,14.21,0,139
146,2019,9,1,1500,26.70,102.04,4.43,0,1,1,6.73,0,146
147,2019,9,1,1500,26.68,102.12,4.43,0,1,3,8.59,0,147
148,2019,9,1,1500,26.66,102.12,4.43,0,1,1,6.74,0,147
149,2019,9,1,1500,26.66,102.14,4.43,0,1,3,6.74,0,147
150,2019,9,1,1500,26.66,109.72,4.43,0,1,3,5.65,0,150
151,2019,9,1,1500,26.60,112.14,4.43,0,1,3,15.83,0,151
152,2019,9,1,1500,26.50,110.20,4.44,0,1,3,5.80,0,154
153,2019,9,1,1500,26.50,110.22,4.44,0,1,3,5.80,0,154
154,2019,9,1,1500,26.48,110.22,4.44,0,1,3,9.02,0,154
155,2019,9,1,1500,25.96,102.70,4.46,0,1,3,5.21,0,155
156,2019,9,1,1500,25.94,101.76,4.46,0,1,3,10.44,0,156
157,2019,9,1,1500,25.94,101.78,4.46,0,1,3,10.44,0,156
158,2019,9,1,1500,25.94,102.70,4.46,0,1,1,5.21,0,155
159,2019,9,1,1500,25.16,111.86,4.49,0,1,1,6.59,0,159
160,2019,9,1,1500,24.74,107.06,4.50,0,1,3,5.79,0,160
161,2019,9,1,1500,24.66,112.20,4.50,0,1,1,6.89,0,161
162,2019,9,1,1506,23.64,106.36,4.54,0,1,3,7.83,0,164
163,2019,9,1,1506,23.62,106.34,4.54,0,1,3,15.12,0,164
164,2019,9,1,1506,23.62,106.36,4.54,0,1,3,15.85,0,164
165,2019,9,1,1506,22.46,104.76,4.58,0,1,1,6.00,0,166
166,2019,9,1,1506,22.46,104.78,4.58,0,1,3,9.14,0,166
167,2019,9,1,1506,22.46,104.80,4.58,0,1,3,9.14,0,166
168,2019,9,1,1506,22.40,104.70,4.58,0,1,3,12.98,0,168
169,2019,9,1,1506,21.88,104.88,4.60,0,1,1,8.45,0,171
170,2019,9,1,1506,21.88,104.90,4.60,0,1,1,8.45,0,171
171,2019,9,1,1506,21.86,104.90,4.60,0,1,3,12.04,0,171
172,2019,9,1,1506,21.84,104.90,4.60,0,1,3,12.04,0,171
173,2019,9,1,1506,19.72,85.52,4.67,0,2,1,2.64,0,173
174,2019,9,1,1506,18.24,101.30,4.71,0,2,3,6.02,0,174
175,2019,9,1,1506,18.24,101.32,4.71,0,2,3,6.02,0,174
176,2019,9,1,1506,2.88,103.06,4.95,0,2,5,8.89,0,178
177,2019,9,1,1506,2.88,103.08,4.95,0,2,5,5.21,0,178
178,2019,9,1,1506,2.86,103.06,4.95,0,1,5,19.77,0,178
179,2019,9,1,1506,2.86,103.08,4.95,0,2,5,10.19,0,178
180,2019,9,1,1506,2.62,97.78,4.95,0,1,1,14.53,0,180
181,2019,9,1,1506,2.58,98.46,4.95,0,1,1,14.89,0,181
182,2019,9,1,1506,2.50,117.90,4.95,0,2,5,9.99,0,182
183,2019,9,1,1506,2.46,117.86,4.95,0,2,5,12.92,0,183
184,2019,9,1,1506,2.46,117.88,4.95,0,2,3,4.47,0,183
185,2019,9,1,1506,2.06,100.50,4.95,0,2,5,30.94,0,187
186,2019,9,1,1506,2.06,100.52,4.95,0,2,5,30.93,0,187
187,2019,9,1,1506,2.06,100.54,4.95,0,1,3,35.21,0,187
188,2019,9,1,1506,1.94,100.48,4.95,0,2,3,14.38,0,188
189,2019,9,1,1506,1.94,100.50,4.95,0,2,3,14.38,0,188
190,2019,9,1,1506,1.94,100.64,4.95,0,2,1,15.79,0,195
191,2019,9,1,1506,1.94,100.66,4.95,0,2,1,15.79,0,195
192,2019,9,1,1506,1.94,100.68,4.95,0,2,3,21.06,0,195
193,2019,9,1,1506,1.92,100.64,4.95,0,2,1,28.66,0,195
194,2019,9,1,1506,1.92,100.66,4.95,0,2,1,28.66,0,195
195,2019,9,1,1506,1.92,100.68,4.95,0,2,5,45.47,0,195
196,2019,9,1,1506,1.90,100.40,4.95,0,2,3,5.57,0,196
197,2019,9,1,1506,1.90,100.42,4.95,0,2,3,5.57,0,196
198,2019,9,1,1506,1.90,100.76,4.95,0,1,3,22.07,0,198
199,2019,9,1,1506,1.88,100.76,4.95,0,2,1,8.44,0,198
200,2019,9,1,1506,1.74,101.16,4.95,0,1,3,17.67,0,203
201,2019,9,1,1506,1.74,101.18,4.95,0,1,3,17.67,0,203
202,2019,9,1,1506,1.72,101.18,4.95,0,2,5,16.17,0,203
203,2019,9,1,1506,1.72,101.20,4.95,0,2,5,27.34,0,203
204,2019,9,1,1506,1.52,101.14,4.95,0,2,3,6.93,0,209
205,2019,9,1,1506,1.52,101.16,4.95,0,2,3,6.93,0,209
206,2019,9,1,1506,1.52,101.18,4.95,0,2,3,7.77,0,209
207,2019,9,1,1506,1.50,101.14,4.95,0,2,3,8.85,0,209
208,2019,9,1,1506,1.50,101.16,4.95,0,2,3,8.85,0,209
209,2019,9,1,1506,1.50,101.18,4.95,0,1,3,13.85,0,209
210,2019,9,1,1506,1.40,101.44,4.96,0,2,5,16.35,0,212
211,2019,9,1,1506,1.40,101.46,4.96,0,2,5,16.35,0,212
212,2019,9,1,1506,1.40,101.48,4.96,0,2,5,45.26,0,212
213,2019,9,1,1506,1.38,101.48,4.96,0,1,3,21.74,0,212
214,2019,9,1,1506,1.38,101.50,4.96,0,2,3,10.31,0,212
215,2019,9,1,1506,.94,102.36,4.96,0,1,3,14.90,0,215
216,2019,9,1,1506,.90,102.50,4.96,0,2,1,6.44,0,216
217,2019,9,1,1506,.42,102.16,4.96,0,2,5,25.64,0,217
218,2019,9,1,1506,-.12,102.40,4.96,0,2,1,35.68,0,218
219,2019,9,1,1506,-.12,102.42,4.96,0,2,5,10.32,0,218
220,2019,9,1,1506,-.14,102.40,4.96,0,2,5,27.45,0,218
221,2019,9,1,1506,-.14,102.42,4.96,0,2,3,8.14,0,218
222,2019,9,1,1506,-.38,102.62,4.96,0,2,1,17.25,0,224
223,2019,9,1,1506,-.38,102.64,4.96,0,2,1,17.25,0,224
224,2019,9,1,1506,-.38,102.66,4.96,0,2,5,29.12,0,224
225,2019,9,1,1506,-.94,132.68,4.96,0,2,3,3.21,0,225
226,2019,9,1,1506,-1.08,103.40,4.96,0,1,5,15.17,0,227
227,2019,9,1,1506,-1.08,103.42,4.96,0,2,5,16.13,0,227
228,2019,9,1,1506,-1.10,103.40,4.96,0,2,3,4.25,0,227
229,2019,9,1,1506,-1.10,103.42,4.96,0,2,5,4.16,0,227
230,2019,9,1,1506,-1.26,103.94,4.96,0,2,1,5.45,0,230
231,2019,9,1,1506,-1.26,104.00,4.96,0,2,1,19.64,0,238
232,2019,9,1,1506,-1.26,104.02,4.96,0,2,1,19.64,0,238
233,2019,9,1,1506,-1.26,104.04,4.96,0,2,5,12.64,0,238
234,2019,9,1,1506,-1.28,103.94,4.96,0,2,1,2.84,0,230
235,2019,9,1,1506,-1.28,104.00,4.96,0,2,1,33.53,0,238
236,2019,9,1,1506,-1.28,104.02,4.96,0,2,1,33.52,0,238
237,2019,9,1,1506,-1.28,104.04,4.96,0,2,5,16.61,0,238
238,2019,9,1,1506,-1.30,103.96,4.96,0,2,1,113.06,0,238
239,2019,9,1,1506,-1.30,103.98,4.96,0,2,1,101.26,0,238
240,2019,9,1,1506,-1.30,104.00,4.96,0,2,1,18.28,0,238
241,2019,9,1,1506,-1.30,104.02,4.96,0,2,1,18.28,0,238
242,2019,9,1,1506,-1.30,104.04,4.96,0,2,1,7.46,0,238
243,2019,9,1,1506,-1.56,104.06,4.95,0,2,1,5.45,0,243
244,2019,9,1,1506,-1.58,104.06,4.95,0,2,1,3.92,0,243
245,2019,9,1,1506,-1.64,105.40,4.95,0,2,3,2.73,0,245
246,2019,9,1,1506,-1.76,104.28,4.95,0,2,1,7.04,0,246
247,2019,9,1,1506,-2.22,103.40,4.95,0,2,3,3.45,0,250
248,2019,9,1,1506,-2.22,103.42,4.95,0,2,5,8.28,0,250
249,2019,9,1,1506,-2.24,103.40,4.95,0,2,1,5.64,0,250
250,2019,9,1,1506,-2.24,103.42,4.95,0,2,5,17.10,0,250
251,2019,9,1,1506,-2.24,103.44,4.95,0,2,3,4.76,0,250
252,2019,9,1,1506,-2.26,103.44,4.95,0,2,3,6.68,0,250
253,2019,9,1,1506,-2.38,105.18,4.95,0,2,3,2.75,0,253
254,2019,9,1,1506,-2.38,114.38,4.95,0,2,1,19.21,0,254
255,2019,9,1,1506,-2.46,112.88,4.95,0,2,1,31.30,0,257
256,2019,9,1,1506,-2.46,114.40,4.95,0,2,1,31.61,0,256
257,2019,9,1,1506,-2.48,112.88,4.95,0,2,1,51.20,0,257
258,2019,9,1,1506,-2.62,115.02,4.95,0,2,3,2.32,0,258
259,2019,9,1,1506,-2.64,112.06,4.95,0,2,5,3.39,0,260
260,2019,9,1,1506,-2.64,112.08,4.95,0,2,3,5.38,0,260
261,2019,9,1,1506,-2.70,103.30,4.95,0,2,3,3.45,0,262
262,2019,9,1,1506,-2.72,103.26,4.95,0,1,3,8.15,0,262
263,2019,9,1,1506,-2.72,103.28,4.95,0,1,3,8.15,0,262
264,2019,9,1,1506,-2.72,103.30,4.95,0,2,5,7.32,0,262
265,2019,9,1,1506,-2.76,114.16,4.95,0,1,1,7.07,0,265
266,2019,9,1,1506,-2.76,114.18,4.95,0,1,1,7.07,0,265
267,2019,9,1,1506,-2.78,113.00,4.95,0,2,1,25.75,0,267
268,2019,9,1,1506,-2.78,113.02,4.95,0,1,5,20.74,0,267
269,2019,9,1,1506,-2.80,113.00,4.95,0,2,1,19.69,0,267
270,2019,9,1,1506,-2.80,114.16,4.95,0,2,3,4.44,0,272
271,2019,9,1,1506,-2.80,114.18,4.95,0,2,3,4.44,0,272
272,2019,9,1,1506,-2.82,114.14,4.95,0,2,1,8.42,0,272
273,2019,9,1,1506,-2.82,114.16,4.95,0,2,5,7.50,0,272
274,2019,9,1,1506,-2.88,112.92,4.95,0,2,1,7.43,0,274
275,2019,9,1,1506,-2.92,113.08,4.95,0,2,3,19.08,0,275
276,2019,9,1,1506,-2.92,121.44,4.95,0,1,3,7.13,0,278
277,2019,9,1,1506,-2.92,121.46,4.95,0,1,1,15.43,0,277
278,2019,9,1,1506,-2.94,121.44,4.95,0,1,1,15.43,0,278
279,2019,9,1,1506,-3.06,114.06,4.95,0,2,1,11.79,0,284
280,2019,9,1,1506,-3.08,114.06,4.95,0,1,3,7.51,0,284
281,2019,9,1,1506,-3.10,114.06,4.95,0,2,1,8.98,0,284
282,2019,9,1,1506,-3.10,114.08,4.95,0,2,1,8.61,0,284
283,2019,9,1,1506,-3.12,114.08,4.95,0,1,1,9.24,0,284
284,2019,9,1,1506,-3.14,114.08,4.95,0,1,1,14.42,0,284
285,2019,9,1,1506,-3.14,114.10,4.95,0,2,1,13.53,0,284
286,2019,9,1,1506,-3.16,114.08,4.95,0,2,1,8.94,0,284
287,2019,9,1,1506,-3.16,114.10,4.95,0,2,3,10.04,0,284
288,2019,9,1,1506,-3.26,105.16,4.95,0,2,3,3.98,0,292
289,2019,9,1,1506,-3.26,105.18,4.95,0,2,3,3.98,0,292
290,2019,9,1,1506,-3.26,105.20,4.95,0,2,3,3.09,0,292
291,2019,9,1,1506,-3.26,112.60,4.95,0,2,1,4.21,0,298
292,2019,9,1,1506,-3.28,105.16,4.95,0,2,5,5.52,0,292
293,2019,9,1,1506,-3.28,105.18,4.95,0,2,5,5.52,0,292
294,2019,9,1,1506,-3.28,105.20,4.95,0,2,5,4.71,0,292
295,2019,9,1,1506,-3.28,111.84,4.95,0,2,5,13.49,0,299
296,2019,9,1,1506,-3.28,112.56,4.95,0,2,3,3.26,0,298
297,2019,9,1,1506,-3.28,112.58,4.95,0,2,3,3.26,0,298
298,2019,9,1,1506,-3.28,112.60,4.95,0,1,3,6.66,0,298
299,2019,9,1,1506,-3.30,111.84,4.95,0,2,5,13.70,0,299
300,2019,9,1,1506,-3.40,126.56,4.95,0,1,3,13.83,0,300
301,2019,9,1,1506,-5.50,104.22,4.93,0,1,1,8.52,0,302
302,2019,9,1,1506,-5.52,104.22,4.93,0,1,3,10.61,0,302
303,2019,9,1,1506,-5.52,142.58,4.93,0,1,3,8.46,0,303
304,2019,9,1,1506,-6.54,107.36,4.92,0,2,1,2.43,0,304
305,2019,9,1,1506,-6.86,142.88,4.92,0,2,3,4.23,0,306
306,2019,9,1,1506,-6.88,142.88,4.92,0,1,3,6.48,0,306
307,2019,9,1,1506,-8.20,119.06,4.91,0,2,1,6.08,0,307
308,2019,9,1,1506,-11.36,132.12,4.86,0,2,3,3.16,0,308
309,2019,9,1,1506,-12.00,142.52,4.85,0,2,3,2.69,0,309
310,2019,9,1,1506,-12.02,142.52,4.85,0,2,3,2.62,0,309
311,2019,9,1,1506,-12.08,133.82,4.85,0,1,1,8.22,0,311
312,2019,9,1,1506,-12.26,133.06,4.84,0,2,3,3.27,0,312
313,2019,9,1,1506,-12.32,142.06,4.84,0,2,5,4.36,0,313
314,2019,9,1,1506,-12.34,142.08,4.84,0,2,5,2.95,0,314
315,2019,9,1,1506,-12.34,142.10,4.84,0,2,1,1.91,0,314
316,2019,9,1,1506,-12.38,134.86,4.84,0,2,3,1.98,0,316
317,2019,9,1,1506,-12.48,142.06,4.84,0,2,3,2.49,0,317
318,2019,9,1,1506,-12.50,133.84,4.84,0,2,5,6.90,0,318
319,2019,9,1,1506,-12.50,133.86,4.84,0,2,3,4.19,0,318
320,2019,9,1,1506,-12.52,133.84,4.84,0,2,3,4.11,0,318
321,2019,9,1,1506,-12.52,133.86,4.84,0,2,3,4.09,0,318
322,2019,9,1,1506,-12.54,134.48,4.84,0,2,5,4.65,0,324
323,2019,9,1,1506,-12.54,134.50,4.84,0,2,3,4.76,0,324
324,2019,9,1,1506,-12.56,134.48,4.84,0,2,5,6.56,0,324
325,2019,9,1,1506,-12.56,134.50,4.84,0,2,5,4.67,0,324
326,2019,9,1,1506,-12.56,134.52,4.84,0,2,5,5.37,0,324
327,2019,9,1,1506,-12.68,132.30,4.84,0,2,3,2.58,0,327
328,2019,9,1,1506,-12.74,143.36,4.83,0,2,5,8.79,0,328
329,2019,9,1,1506,-12.78,143.34,4.83,0,2,3,4.83,0,329
330,2019,9,1,1506,-12.80,132.04,4.83,0,2,3,4.03,0,332
331,2019,9,1,1506,-12.80,132.06,4.83,0,2,5,12.40,0,332
332,2019,9,1,1506,-12.82,132.06,4.83,0,2,5,28.55,0,332
333,2019,9,1,1506,-12.82,132.08,4.83,0,2,5,10.92,0,332
334,2019,9,1,1506,-12.84,131.00,4.83,0,2,1,4.39,0,335
335,2019,9,1,1506,-12.86,131.00,4.83,0,1,1,7.97,0,335
336,2019,9,1,1506,-12.86,142.76,4.83,0,2,3,1.92,0,337
337,2019,9,1,1506,-12.88,142.74,4.83,0,2,3,3.66,0,337
338,2019,9,1,1506,-12.88,142.76,4.83,0,2,3,2.43,0,337
339,2019,9,1,1506,-12.90,142.74,4.83,0,2,3,2.23,0,337
340,2019,9,1,1506,-13.12,130.78,4.83,0,2,3,2.35,0,340
341,2019,9,1,1506,-13.24,131.06,4.82,0,2,5,4.65,0,343
342,2019,9,1,1506,-13.24,131.08,4.82,0,2,5,5.26,0,342
343,2019,9,1,1506,-13.26,131.06,4.82,0,2,5,9.20,0,343
344,2019,9,1,1506,-13.34,130.98,4.82,0,2,3,4.26,0,345
345,2019,9,1,1506,-13.36,130.98,4.82,0,2,5,7.17,0,345
346,2019,9,1,1506,-13.38,130.76,4.82,0,2,5,13.15,0,346
347,2019,9,1,1506,-14.24,132.84,4.80,0,2,3,1.48,0,347
348,2019,9,1,1506,-15.24,134.46,4.78,0,2,3,2.12,0,348
349,2019,9,1,1506,-15.82,130.26,4.77,0,2,3,2.96,0,349
350,2019,9,1,1506,-15.82,130.28,4.77,0,2,1,2.83,0,349
351,2019,9,1,1506,-16.00,144.40,4.76,0,2,5,4.08,0,351
352,2019,9,1,1506,-16.02,144.40,4.76,0,2,3,2.50,0,351
353,2019,9,1,1506,-16.08,144.22,4.76,0,2,5,4.83,0,356
354,2019,9,1,1506,-16.08,144.24,4.76,0,2,5,5.16,0,356
355,2019,9,1,1506,-16.10,144.22,4.76,0,2,3,2.87,0,356
356,2019,9,1,1506,-16.10,144.24,4.76,0,2,5,5.80,0,356
357,2019,9,1,1506,-16.38,136.44,4.76,0,2,3,2.84,0,357
358,2019,9,1,1506,-16.38,136.48,4.76,0,2,3,3.55,0,358
359,2019,9,1,1506,-16.80,145.32,4.75,0,1,1,5.94,0,359
360,2019,9,1,1506,-17.02,142.78,4.74,0,2,5,13.51,0,363
361,2019,9,1,1506,-17.02,142.80,4.74,0,2,1,4.22,0,363
362,2019,9,1,1506,-17.04,142.76,4.74,0,2,5,14.42,0,363
363,2019,9,1,1506,-17.04,142.78,4.74,0,2,5,15.87,0,363
364,2019,9,1,1506,-17.06,142.76,4.74,0,2,5,9.27,0,363
365,2019,9,1,1506,-17.18,125.34,4.74,0,2,3,4.59,0,365
366,2019,9,1,1506,-17.20,142.56,4.73,0,2,3,4.21,0,366
367,2019,9,1,1506,-17.22,142.56,4.73,0,2,3,3.92,0,366
368,2019,9,1,1506,-18.16,127.54,4.71,0,1,1,9.95,0,368
369,2019,9,1,1506,-18.36,145.22,4.70,0,1,3,4.16,0,369
370,2019,9,1,1506,-18.88,129.68,4.69,0,1,1,9.43,0,370
371,2019,9,1,1506,-18.96,129.92,4.69,0,1,1,4.72,0,371
372,2019,9,1,1506,-19.02,127.58,4.69,0,1,3,5.46,0,372
373,2019,9,1,1506,-19.02,133.52,4.69,0,1,1,8.72,0,374
374,2019,9,1,1506,-19.04,133.52,4.69,0,1,1,9.69,0,374
375,2019,9,1,1506,-19.08,126.50,4.68,0,1,3,5.80,0,375
376,2019,9,1,1506,-19.08,126.52,4.68,0,1,3,5.22,0,375
377,2019,9,1,1506,-19.10,126.50,4.68,0,1,3,4.11,0,375
378,2019,9,1,1506,-19.46,127.12,4.67,0,1,1,8.62,0,378
379,2019,9,1,1506,-19.46,127.14,4.67,0,2,3,3.03,0,378
380,2019,9,1,1506,-19.62,128.26,4.67,0,1,1,6.55,0,380
381,2019,9,1,1506,-20.06,130.14,4.66,0,1,3,3.76,0,383
382,2019,9,1,1506,-20.06,130.16,4.66,0,1,3,6.10,0,382
383,2019,9,1,1506,-20.08,130.14,4.66,0,1,1,5.59,0,383
384,2019,9,1,1506,-20.20,129.60,4.65,0,1,1,6.56,0,384
385,2019,9,1,1506,-20.32,128.24,4.65,0,2,3,2.26,0,385
386,2019,9,1,1506,-20.34,119.40,4.65,0,1,1,4.18,0,387
387,2019,9,1,1506,-20.34,119.42,4.65,0,1,1,9.59,0,387
388,2019,9,1,1506,-20.36,148.32,4.65,0,1,1,5.20,0,390
389,2019,9,1,1506,-20.36,148.34,4.65,0,2,1,4.76,0,390
390,2019,9,1,1506,-20.38,148.34,4.65,0,1,1,6.13,0,390
391,2019,9,1,1506,-20.40,128.78,4.65,0,1,1,14.51,0,391
392,2019,9,1,1506,-20.50,120.68,4.64,0,1,1,6.03,0,393
393,2019,9,1,1506,-20.52,120.68,4.64,0,1,1,6.61,0,393
394,2019,9,1,1506,-20.72,139.48,4.64,0,2,1,4.28,0,394
395,2019,9,1,1506,-20.74,139.48,4.64,0,2,1,4.13,0,394
396,2019,9,1,1506,-21.12,128.48,4.62,0,1,1,11.14,0,396
397,2019,9,1,1506,-21.20,148.66,4.62,0,2,3,3.09,0,397
398,2019,9,1,1506,-21.20,148.88,4.62,0,1,3,7.60,0,399
399,2019,9,1,1506,-21.22,148.88,4.62,0,1,1,7.75,0,399
400,2019,9,1,1506,-21.48,125.32,4.61,0,1,1,5.26,0,400
401,2019,9,1,1506,-21.54,128.38,4.61,0,1,3,5.68,0,401
402,2019,9,1,1506,-21.56,132.44,4.61,0,1,3,5.82,0,402
403,2019,9,1,1506,-21.58,132.48,4.61,0,1,1,11.58,0,403
404,2019,9,1,1506,-21.60,128.74,4.61,0,1,1,7.43,0,405
405,2019,9,1,1506,-21.62,128.74,4.61,0,1,1,7.43,0,405
406,2019,9,1,1506,-21.88,139.76,4.60,0,1,3,8.65,0,406
407,2019,9,1,1506,-21.98,130.76,4.60,0,1,3,5.80,0,407
408,2019,9,1,1506,-22.02,136.60,4.60,0,1,1,3.08,0,408
409,2019,9,1,1506,-22.26,139.84,4.59,0,1,3,2.78,0,409
410,2019,9,1,1506,-22.28,136.20,4.59,0,1,3,3.57,0,410
411,2019,9,1,1506,-22.34,131.30,4.58,0,1,3,7.99,0,411
412,2019,9,1,1506,-22.36,130.76,4.58,0,1,1,5.73,0,413
413,2019,9,1,1506,-22.36,130.78,4.58,0,1,1,7.31,0,413
414,2019,9,1,1506,-22.42,124.20,4.58,0,2,1,2.32,0,414
415,2019,9,1,1506,-22.42,130.68,4.58,0,2,3,2.05,0,415
416,2019,9,1,1506,-22.52,123.76,4.58,0,1,1,11.60,0,416
417,2019,9,1,1506,-22.52,141.38,4.58,0,2,1,3.73,0,417
418,2019,9,1,1506,-22.54,123.76,4.58,0,1,1,10.80,0,416
419,2019,9,1,1506,-22.56,128.34,4.58,0,1,3,3.78,0,420
420,2019,9,1,1506,-22.58,128.34,4.58,0,1,1,5.78,0,420
421,2019,9,1,1506,-22.70,131.30,4.57,0,1,1,11.42,0,421
422,2019,9,1,1506,-22.72,130.54,4.57,0,2,3,2.71,0,422
423,2019,9,1,1506,-22.72,130.56,4.57,0,2,1,2.41,0,422
424,2019,9,1,1506,-22.72,131.18,4.57,0,1,1,14.28,0,424
425,2019,9,1,1506,-22.74,132.26,4.57,0,1,3,6.51,0,425
426,2019,9,1,1506,-22.76,131.48,4.57,0,1,1,8.47,0,426
427,2019,9,1,1506,-22.76,132.54,4.57,0,1,3,3.92,0,427
428,2019,9,1,1506,-22.82,133.52,4.57,0,1,1,6.48,0,428
429,2019,9,1,1506,-22.84,131.84,4.57,0,2,1,3.72,0,429
430,2019,9,1,1506,-22.86,131.82,4.57,0,1,1,6.95,0,430
431,2019,9,1,1506,-23.04,123.12,4.56,0,1,3,4.87,0,431
432,2019,9,1,1506,-23.08,123.02,4.56,0,1,1,5.05,0,432
433,2019,9,1,1506,-23.20,131.06,4.56,0,2,1,1.52,0,434
434,2019,9,1,1506,-23.20,131.08,4.56,0,1,3,5.78,0,434
435,2019,9,1,1506,-23.22,130.40,4.56,0,1,3,4.30,0,437
436,2019,9,1,1506,-23.24,130.38,4.55,0,1,1,5.00,0,437
437,2019,9,1,1506,-23.24,130.40,4.55,0,1,3,5.11,0,437
438,2019,9,1,1506,-23.28,129.42,4.55,0,1,1,10.70,0,438
439,2019,9,1,1506,-23.30,123.52,4.55,0,2,1,3.13,0,439
440,2019,9,1,1506,-23.30,123.54,4.55,0,2,3,2.09,0,439
441,2019,9,1,1506,-23.32,123.56,4.55,0,2,1,3.01,0,441
442,2019,9,1,1506,-23.32,129.32,4.55,0,1,1,8.90,0,443
443,2019,9,1,1506,-23.32,129.34,4.55,0,1,1,14.89,0,443
444,2019,9,1,1506,-23.34,129.34,4.55,0,1,3,10.84,0,443
445,2019,9,1,1506,-23.36,129.32,4.55,0,1,3,6.21,0,445
446,2019,9,1,1506,-23.36,130.30,4.55,0,1,1,7.27,0,446
447,2019,9,1,1506,-23.36,130.32,4.55,0,1,3,6.10,0,446
448,2019,9,1,1506,-23.50,130.86,4.55,0,1,3,6.15,0,448
449,2019,9,1,1506,-23.52,128.98,4.54,0,1,1,4.00,0,449
450,2019,9,1,1506,-23.54,128.98,4.54,0,1,1,3.80,0,449
451,2019,9,1,1506,-23.64,121.80,4.54,0,1,3,5.29,0,451
452,2019,9,1,1506,-23.64,128.94,4.54,0,1,1,7.83,0,452
453,2019,9,1,1506,-23.66,128.66,4.54,0,1,3,5.24,0,453
454,2019,9,1,1506,-23.68,148.02,4.54,0,1,1,11.12,0,454
455,2019,9,1,1506,-23.70,128.66,4.54,0,1,1,3.23,0,460
456,2019,9,1,1506,-23.70,128.68,4.54,0,2,3,2.05,0,460
457,2019,9,1,1506,-23.70,148.00,4.54,0,1,1,6.33,0,454
458,2019,9,1,1506,-23.70,148.02,4.54,0,1,1,8.28,0,454
459,2019,9,1,1506,-23.70,148.04,4.54,0,1,1,10.95,0,454
460,2019,9,1,1506,-23.72,128.66,4.54,0,1,1,3.23,0,460
461,2019,9,1,1506,-23.98,128.64,4.53,0,1,3,7.20,0,463
462,2019,9,1,1506,-24.00,128.62,4.53,0,1,1,5.65,0,464
463,2019,9,1,1506,-24.00,128.64,4.53,0,1,1,10.19,0,463
464,2019,9,1,1506,-24.02,128.62,4.53,0,1,3,6.29,0,464
465,2019,9,1,1506,-24.04,128.58,4.53,0,1,1,4.29,0,465
466,2019,9,1,1506,-24.14,123.16,4.52,0,1,1,3.79,0,466
467,2019,9,1,1506,-24.28,127.96,4.52,0,1,1,2.96,0,467
468,2019,9,1,1506,-24.64,129.60,4.51,0,1,1,10.40,0,468
469,2019,9,1,1506,-24.70,129.84,4.50,0,1,1,9.28,0,469
470,2019,9,1,1506,-24.70,129.86,4.50,0,1,1,5.69,0,469
471,2019,9,1,1506,-24.90,139.48,4.50,0,1,1,4.67,0,471
472,2019,9,1,1506,-24.90,139.50,4.50,0,1,1,4.48,0,471
473,2019,9,1,1506,-24.92,139.48,4.50,0,1,1,4.55,0,471
474,2019,9,1,1506,-25.00,130.50,4.49,0,1,3,4.95,0,474
475,2019,9,1,1506,-25.00,130.52,4.49,0,1,3,4.95,0,474
476,2019,9,1,1506,-25.02,130.54,4.49,0,1,1,11.23,0,476
477,2019,9,1,1506,-25.04,130.54,4.49,0,1,1,6.10,0,476
478,2019,9,1,1506,-25.18,138.64,4.49,0,1,3,9.93,0,478
479,2019,9,1,1506,-25.36,131.00,4.48,0,1,3,5.74,0,480
480,2019,9,1,1506,-25.36,131.02,4.48,0,1,1,14.62,0,480
481,2019,9,1,1506,-25.42,152.16,4.48,0,2,3,2.36,0,481
482,2019,9,1,1506,-25.42,152.18,4.48,0,2,3,2.36,0,481
483,2019,9,1,1506,-25.48,131.90,4.47,0,1,1,7.15,0,487
484,2019,9,1,1506,-25.50,131.88,4.47,0,1,1,5.68,0,487
485,2019,9,1,1506,-25.50,131.90,4.47,0,1,1,9.93,0,487
486,2019,9,1,1506,-25.52,131.88,4.47,0,1,1,5.68,0,487
487,2019,9,1,1506,-25.52,131.90,4.47,0,1,1,9.93,0,487
488,2019,9,1,1506,-25.60,149.72,4.47,0,1,3,5.48,0,488
489,2019,9,1,1506,-25.80,128.56,4.46,0,1,1,7.79,0,490
490,2019,9,1,1506,-25.80,128.58,4.46,0,1,3,9.08,0,490
491,2019,9,1,1506,-25.82,131.40,4.46,0,1,1,3.04,0,492
492,2019,9,1,1506,-25.82,131.42,4.46,0,1,3,4.69,0,492
493,2019,9,1,1506,-26.04,145.34,4.45,0,1,3,5.80,0,494
494,2019,9,1,1506,-26.06,145.32,4.45,0,1,1,7.31,0,494
495,2019,9,1,1506,-26.06,145.34,4.45,0,1,3,7.04,0,494
496,2019,9,1,1506,-26.14,138.94,4.45,0,2,3,2.38,0,496
497,2019,9,1,1506,-26.18,127.94,4.45,0,1,1,4.69,0,497
498,2019,9,1,1506,-26.44,148.40,4.44,0,1,3,3.00,0,498
499,2019,9,1,1506,-26.62,131.08,4.43,0,1,3,2.98,0,499
500,2019,9,1,1506,-26.66,130.82,4.43,0,1,1,6.78,0,500
501,2019,9,1,1506,-26.66,130.84,4.43,0,2,1,1.67,0,500
502,2019,9,1,1506,-26.76,130.14,4.43,0,1,3,2.60,0,502
503,2019,9,1,1506,-26.76,130.16,4.43,0,1,3,2.60,0,502
504,2019,9,1,1506,-26.78,147.44,4.42,0,2,5,2.64,0,506
505,2019,9,1,1506,-26.80,129.80,4.42,0,1,1,2.96,0,505
506,2019,9,1,1506,-26.80,147.44,4.42,0,2,5,2.64,0,506
507,2019,9,1,1506,-26.96,140.18,4.42,0,1,3,11.98,0,508
508,2019,9,1,1506,-26.98,140.18,4.42,0,1,3,11.98,0,508
509,2019,9,1,1506,-27.08,129.34,4.41,0,1,3,4.17,0,509
510,2019,9,1,1506,-27.10,140.18,4.41,0,1,1,8.35,0,510
511,2019,9,1,1506,-27.16,150.36,4.41,0,2,3,1.16,0,511
512,2019,9,1,1506,-27.16,150.38,4.41,0,2,1,1.12,0,511
513,2019,9,1,1506,-27.34,152.60,4.40,0,1,1,3.21,0,513
514,2019,9,1,1506,-27.44,149.94,4.40,0,1,3,5.63,0,514
515,2019,9,1,1506,-27.90,143.60,4.38,0,1,1,4.37,0,515
516,2019,9,1,1506,-28.08,143.60,4.37,0,2,1,1.56,0,516
517,2019,9,1,1506,-28.14,135.94,4.37,0,2,3,2.15,0,517
518,2019,9,1,1506,-28.70,142.38,4.35,0,1,1,5.90,0,518
519,2019,9,1,1506,-28.86,137.98,4.34,0,1,1,4.90,0,519
520,2019,9,1,1506,-28.98,150.40,4.34,0,2,1,2.23,0,520
521,2019,9,1,1506,-30.00,146.82,4.29,0,1,3,2.25,0,522
522,2019,9,1,1506,-30.02,146.82,4.29,0,1,3,2.25,0,522
523,2019,9,1,1511,-30.08,142.14,4.29,0,1,1,5.81,0,524
524,2019,9,1,1511,-30.10,142.14,4.29,0,1,1,5.81,0,524
525,2019,9,1,1511,-30.12,141.64,4.29,0,2,1,1.61,0,525
526,2019,9,1,1511,-30.26,138.04,4.28,0,1,3,5.23,0,526
527,2019,9,1,1511,-30.40,151.64,4.28,0,2,3,1.96,0,527
528,2019,9,1,1511,-30.50,143.80,4.27,0,1,1,3.54,0,528
529,2019,9,1,1511,-30.52,142.34,4.27,0,2,1,2.08,0,529
530,2019,9,1,1511,-30.58,145.76,4.27,0,2,3,2.19,0,531
531,2019,9,1,1511,-30.60,145.76,4.27,0,2,3,2.20,0,531
532,2019,9,1,1511,-30.86,136.06,4.25,0,1,1,5.71,0,532
533,2019,9,1,1511,-30.86,136.08,4.25,0,1,1,4.41,0,532
534,2019,9,1,1511,-31.78,137.14,4.21,0,1,1,3.91,0,535
535,2019,9,1,1511,-31.78,137.16,4.21,0,1,1,4.12,0,535
536,2019,9,1,1511,-32.06,147.10,4.20,0,2,3,1.25,0,537
537,2019,9,1,1511,-32.08,147.10,4.20,0,2,3,1.59,0,537
538,2019,9,1,1511,-32.38,148.36,4.19,0,2,3,2.13,0,538
539,2019,9,1,1511,-32.54,148.90,4.18,0,1,1,4.06,0,539
540,2019,9,1,1511,-33.96,141.24,4.11,0,1,1,9.68,0,540
541,2019,9,1,1511,-34.20,140.44,4.10,0,1,1,6.11,0,542
542,2019,9,1,1511,-34.22,140.44,4.10,0,1,1,6.11,0,542
543,2019,9,1,1511,-34.24,140.46,4.10,0,1,3,5.53,0,543
544,2019,9,1,1511,-34.30,140.60,4.09,0,2,3,1.69,0,545
545,2019,9,1,1511,-34.32,140.60,4.09,0,2,3,1.69,0,545
546,2019,9,1,1511,-35.44,143.64,4.04,0,1,1,3.61,0,547
547,2019,9,1,1511,-35.46,143.64,4.04,0,1,1,3.61,0,547
548,2019,9,1,1511,-35.46,143.66,4.04,0,1,1,3.61,0,547
549,2019,9,1,1511,-35.94,144.28,4.01,0,2,1,2.79,0,551
550,2019,9,1,1511,-35.94,144.30,4.01,0,2,1,2.79,0,551
551,2019,9,1,1511,-35.96,144.28,4.01,0,2,1,2.79,0,551
552,2019,9,1,1511,-35.96,144.30,4.01,0,2,1,2.79,0,551
553,2019,9,1,1511,-37.18,174.72,3.95,0,1,3,4.83,0,553
554,2019,9,1,1511,-38.14,145.12,3.90,0,2,3,1.88,0,554
