# 2019 11  4 12 30 UTC  2020  5 17 11 10 UTC
# ID,Year,Month,Day,Time(UTC),Lat,Lon,Area(km^2),Volcano,Level,Reliability,FRP(Wm^-2),QF,Hot(ID)
1,2019,11,4,1228,56.72,161.36,2.72,0,1,1,20.27,0,5
2,2019,11,4,1228,56.72,161.38,2.72,0,1,1,20.27,0,5
3,2019,11,4,1228,56.70,161.34,2.72,1,1,1,20.27,0,5
4,2019,11,4,1228,56.70,161.36,2.72,1,1,1,20.27,0,5
5,2019,11,4,1228,56.68,161.32,2.72,1,1,1,20.27,0,5
6,2019,11,4,1228,56.68,161.34,2.72,1,2,1,13.72,0,5
7,2019,11,4,1228,56.66,161.32,2.72,1,2,1,13.72,0,5
8,2019,11,4,1228,56.66,161.34,2.72,1,2,1,13.72,0,5
9,2019,11,4,1228,56.64,161.30,2.73,0,2,1,13.72,0,5
10,2019,11,4,1228,56.64,161.32,2.73,0,2,1,13.72,0,5
11,2019,11,4,1228,49.76,122.98,3.20,0,2,5,2.21,0,11
12,2019,11,4,1228,49.76,123.00,3.20,0,2,5,2.21,0,11
13,2019,11,4,1228,49.76,123.02,3.20,0,2,3,1.12,0,11
14,2019,11,4,1228,49.74,123.00,3.20,0,2,5,2.21,0,11
15,2019,11,4,1228,49.74,123.02,3.20,0,2,3,1.12,0,11
16,2019,11,4,1228,49.74,123.04,3.20,0,2,3,1.12,0,11
17,2019,11,4,1228,49.72,123.00,3.20,0,2,3,.87,0,11
18,2019,11,4,1228,49.72,123.02,3.20,0,2,3,.87,0,11
19,2019,11,4,1228,49.58,115.54,3.21,0,2,1,1.41,0,21
20,2019,11,4,1228,49.58,115.56,3.21,0,2,1,1.42,0,21
21,2019,11,4,1228,49.56,115.56,3.22,0,2,1,1.42,0,21
22,2019,11,4,1228,49.56,115.58,3.22,0,2,1,1.42,0,21
23,2019,11,4,1228,48.64,133.52,3.28,0,2,5,1.16,0,26
24,2019,11,4,1228,48.62,133.52,3.28,0,2,5,1.16,0,26
25,2019,11,4,1228,48.62,133.54,3.28,0,2,5,1.16,0,26
26,2019,11,4,1228,48.60,133.52,3.28,0,2,3,1.36,0,26
27,2019,11,4,1228,48.60,133.54,3.28,0,2,3,1.36,0,26
28,2019,11,4,1228,48.58,133.52,3.28,0,2,3,1.36,0,26
29,2019,11,4,1228,48.58,133.54,3.28,0,2,3,1.36,0,26
30,2019,11,4,1228,47.90,117.86,3.32,0,2,1,.96,0,30
31,2019,11,4,1234,46.76,123.24,3.40,0,2,1,1.77,0,31
32,2019,11,4,1234,46.70,131.18,3.40,0,2,3,1.41,0,32
33,2019,11,4,1234,46.68,131.18,3.40,0,2,3,1.41,0,32
34,2019,11,4,1234,46.68,131.20,3.40,0,2,1,1.41,0,32
35,2019,11,4,1234,46.30,126.60,3.42,0,2,1,.98,0,38
36,2019,11,4,1234,46.30,126.62,3.42,0,2,1,.98,0,38
37,2019,11,4,1234,46.28,126.60,3.43,0,2,1,.98,0,38
38,2019,11,4,1234,46.28,126.62,3.43,0,2,1,.98,0,38
39,2019,11,4,1234,46.04,126.80,3.44,0,2,3,1.94,0,40
40,2019,11,4,1234,46.04,126.82,3.44,0,2,3,2.31,0,40
41,2019,11,4,1234,46.04,126.84,3.44,0,2,3,2.31,0,40
42,2019,11,4,1234,46.02,126.82,3.44,0,2,3,2.31,0,40
43,2019,11,4,1234,46.02,126.84,3.44,0,2,1,2.31,0,40
44,2019,11,4,1234,46.00,131.98,3.44,0,2,1,2.10,0,44
45,2019,11,4,1234,45.38,121.80,3.48,0,2,5,4.51,0,45
46,2019,11,4,1234,45.36,121.80,3.48,0,2,5,4.51,0,45
47,2019,11,4,1234,45.36,121.82,3.48,0,2,5,4.51,0,45
48,2019,11,4,1234,45.36,121.84,3.48,0,2,3,1.28,0,45
49,2019,11,4,1234,44.76,90.18,3.52,0,2,1,1.85,0,53
50,2019,11,4,1234,44.76,90.20,3.52,0,2,1,1.85,0,53
51,2019,11,4,1234,44.74,90.20,3.52,0,2,1,1.86,0,53
52,2019,11,4,1234,44.74,90.22,3.52,0,2,1,1.86,0,53
53,2019,11,4,1234,44.74,90.24,3.52,0,2,1,1.86,0,53
54,2019,11,4,1234,44.54,127.86,3.53,0,2,5,2.59,0,54
55,2019,11,4,1234,44.54,127.88,3.53,0,2,5,2.59,0,54
56,2019,11,4,1234,44.52,127.88,3.53,0,2,5,2.59,0,54
57,2019,11,4,1234,44.42,125.14,3.54,0,2,1,.67,0,57
58,2019,11,4,1234,44.28,132.04,3.55,0,2,5,2.55,0,60
59,2019,11,4,1234,44.26,132.04,3.55,0,2,5,2.55,0,60
60,2019,11,4,1234,44.24,132.04,3.55,0,1,5,6.78,0,60
61,2019,11,4,1234,44.20,135.58,3.55,0,2,5,7.48,0,61
62,2019,11,4,1234,44.20,135.60,3.55,0,2,3,2.08,0,61
63,2019,11,4,1234,44.18,135.58,3.55,0,2,3,3.23,0,61
64,2019,11,4,1234,44.16,135.58,3.56,0,2,3,3.23,0,61
65,2019,11,4,1234,44.04,124.90,3.56,0,2,1,1.11,0,65
66,2019,11,4,1234,43.30,116.90,3.61,0,2,1,.89,0,67
67,2019,11,4,1234,43.30,116.92,3.61,0,2,1,.89,0,67
68,2019,11,4,1234,43.18,124.34,3.61,0,2,1,1.13,0,68
69,2019,11,4,1234,43.16,124.34,3.62,0,2,1,1.13,0,68
70,2019,11,4,1234,43.14,133.06,3.62,0,2,3,2.45,0,71
71,2019,11,4,1234,43.12,133.06,3.62,0,2,5,3.61,0,71
72,2019,11,4,1234,43.10,133.06,3.62,0,2,5,3.61,0,71
73,2019,11,4,1234,43.04,126.14,3.62,0,2,3,1.59,0,73
74,2019,11,4,1234,42.52,124.22,3.65,0,2,1,2.99,0,74
75,2019,11,4,1234,42.44,110.66,3.66,0,2,1,1.07,0,75
76,2019,11,4,1234,42.36,127.42,3.66,0,2,1,.98,0,76
77,2019,11,4,1234,41.84,123.76,3.69,0,2,1,1.68,0,77
78,2019,11,4,1234,41.40,128.16,3.72,0,2,5,2.20,0,78
79,2019,11,4,1234,41.22,123.60,3.73,0,2,1,1.40,0,79
80,2019,11,4,1234,41.20,124.14,3.73,0,2,3,1.66,0,80
81,2019,11,4,1234,41.16,122.98,3.73,0,2,1,3.67,0,83
82,2019,11,4,1234,41.16,123.00,3.73,0,2,1,2.16,0,83
83,2019,11,4,1234,41.14,122.98,3.73,0,1,1,12.75,0,83
84,2019,11,4,1234,41.12,122.98,3.73,0,1,1,12.75,0,83
85,2019,11,4,1234,41.12,123.00,3.73,0,1,1,12.75,0,83
86,2019,11,4,1234,41.04,86.62,3.74,0,1,1,2.05,0,86
87,2019,11,4,1234,40.78,113.26,3.75,0,2,3,1.03,0,87
88,2019,11,4,1234,40.78,113.28,3.75,0,2,3,1.03,0,87
89,2019,11,4,1234,40.76,113.28,3.75,0,2,3,1.03,0,87
90,2019,11,4,1234,40.66,122.56,3.76,0,2,1,2.88,0,90
91,2019,11,4,1234,40.64,109.72,3.76,0,2,1,1.59,0,91
92,2019,11,4,1234,40.64,109.74,3.76,0,2,1,1.59,0,91
93,2019,11,4,1234,40.64,122.56,3.76,0,2,1,2.88,0,90
94,2019,11,4,1234,40.58,123.70,3.76,0,2,3,2.74,0,94
95,2019,11,4,1234,40.58,123.72,3.76,0,2,3,2.74,0,94
96,2019,11,4,1234,40.42,113.16,3.77,0,2,1,1.53,0,96
97,2019,11,4,1234,39.96,118.54,3.80,0,1,1,3.73,0,97
98,2019,11,4,1234,39.88,106.88,3.80,0,2,1,1.70,0,98
99,2019,11,4,1234,39.68,118.88,3.81,0,1,1,3.26,0,99
100,2019,11,4,1234,39.68,118.90,3.81,0,1,1,3.26,0,99
101,2019,11,4,1234,39.66,118.90,3.82,0,1,1,3.26,0,99
102,2019,11,4,1234,39.54,92.96,3.82,0,2,1,1.33,0,103
103,2019,11,4,1234,39.54,92.98,3.82,0,2,1,1.33,0,103
104,2019,11,4,1234,39.50,110.50,3.82,0,2,1,1.84,0,104
105,2019,11,4,1234,39.50,118.68,3.82,0,2,1,1.78,0,105
106,2019,11,4,1234,39.48,110.52,3.83,0,2,1,1.76,0,106
107,2019,11,4,1234,39.48,118.68,3.83,0,2,1,1.78,0,105
108,2019,11,4,1234,39.48,118.70,3.83,0,2,1,1.78,0,105
109,2019,11,4,1234,39.38,106.94,3.83,0,1,1,4.39,0,109
110,2019,11,4,1234,38.94,106.40,3.86,0,1,1,6.93,0,110
111,2019,11,4,1234,38.94,106.42,3.86,0,1,1,6.93,0,110
112,2019,11,4,1234,38.40,126.80,3.88,0,2,1,1.47,0,112
113,2019,11,4,1234,38.38,126.80,3.89,0,2,1,1.47,0,112
114,2019,11,4,1234,37.94,112.52,3.91,0,2,1,1.49,0,114
115,2019,11,4,1234,36.96,128.02,3.96,0,1,1,3.87,0,115
116,2019,11,4,1234,36.94,128.02,3.96,0,1,1,3.87,0,115
117,2019,11,4,1234,36.94,128.04,3.96,0,1,1,3.87,0,115
118,2019,11,4,1234,36.82,115.70,3.97,0,2,1,1.25,0,118
119,2019,11,4,1234,36.82,115.72,3.97,0,2,1,1.25,0,118
120,2019,11,4,1234,36.48,113.08,3.99,0,2,1,1.50,0,120
121,2019,11,4,1234,36.48,113.10,3.99,0,2,1,1.50,0,120
122,2019,11,4,1234,36.42,119.10,3.99,0,1,1,4.02,0,122
123,2019,11,4,1234,36.40,119.10,3.99,0,1,1,4.02,0,122
124,2019,11,4,1234,36.40,119.12,3.99,0,1,1,4.02,0,122
125,2019,11,4,1234,36.38,119.76,3.99,0,2,1,1.06,0,125
126,2019,11,4,1234,36.10,117.82,4.00,0,1,1,3.55,0,126
127,2019,11,4,1234,36.08,117.82,4.01,0,1,1,3.55,0,126
128,2019,11,4,1234,36.08,117.84,4.01,0,1,1,3.55,0,126
129,2019,11,4,1234,36.06,140.22,4.01,0,1,1,3.68,0,129
130,2019,11,4,1234,36.02,129.38,4.01,0,2,1,4.05,0,130
131,2019,11,4,1234,36.00,119.38,4.01,0,2,1,2.02,0,131
132,2019,11,4,1234,36.00,119.40,4.01,0,2,1,2.02,0,131
133,2019,11,4,1234,35.98,119.40,4.01,0,2,1,2.02,0,131
134,2019,11,4,1234,35.82,118.84,4.02,0,2,1,2.96,0,134
135,2019,11,4,1234,35.62,110.54,4.03,0,2,1,2.99,0,135
136,2019,11,4,1234,35.62,110.56,4.03,0,2,1,2.38,0,135
137,2019,11,4,1234,35.62,110.58,4.03,0,2,1,2.38,0,135
138,2019,11,4,1234,35.34,118.86,4.04,0,1,1,3.86,0,138
139,2019,11,4,1234,35.34,118.88,4.04,0,1,1,3.86,0,138
140,2019,11,4,1234,35.04,136.86,4.06,0,2,1,5.22,0,141
141,2019,11,4,1234,35.02,136.86,4.06,0,1,1,10.75,0,141
142,2019,11,4,1234,35.00,136.86,4.06,0,1,1,10.75,0,141
143,2019,11,4,1234,34.96,118.94,4.06,0,1,1,3.53,0,143
144,2019,11,4,1234,34.48,118.84,4.09,0,1,3,4.88,0,144
145,2019,11,4,1234,34.46,133.40,4.09,0,2,1,5.66,0,147
146,2019,11,4,1234,34.46,133.42,4.09,0,2,1,5.66,0,147
147,2019,11,4,1234,34.46,133.44,4.09,0,2,1,6.16,0,147
148,2019,11,4,1234,34.42,119.84,4.09,0,2,1,4.44,0,148
149,2019,11,4,1234,34.40,119.84,4.09,0,2,1,4.44,0,148
150,2019,11,4,1234,33.78,116.32,4.12,0,2,5,3.46,0,150
151,2019,11,4,1234,33.78,116.34,4.12,0,2,5,2.99,0,150
152,2019,11,4,1234,33.78,116.36,4.12,0,2,5,2.99,0,150
153,2019,11,4,1234,33.74,112.74,4.12,0,2,1,2.91,0,153
154,2019,11,4,1234,33.74,112.76,4.12,0,2,1,2.91,0,153
155,2019,11,4,1234,33.74,114.88,4.12,0,2,1,1.11,0,155
156,2019,11,4,1234,33.64,116.96,4.13,0,2,1,1.22,0,156
157,2019,11,4,1234,33.60,116.58,4.13,0,2,1,1.64,0,157
158,2019,11,4,1234,33.40,113.98,4.14,0,2,1,1.81,0,158
159,2019,11,4,1234,33.40,114.00,4.14,0,2,1,1.81,0,158
160,2019,11,4,1234,33.38,114.00,4.14,0,2,1,1.81,0,158
161,2019,11,4,1234,33.34,112.54,4.14,0,2,1,2.41,0,161
162,2019,11,4,1234,33.32,112.60,4.14,0,2,1,2.15,0,162
163,2019,11,4,1234,33.18,115.60,4.15,0,2,1,1.53,0,163
164,2019,11,4,1234,33.16,115.60,4.15,0,2,1,1.53,0,163
165,2019,11,4,1234,33.00,114.24,4.16,0,2,1,2.10,0,165
166,2019,11,4,1234,33.00,114.28,4.16,0,2,1,1.48,0,166
167,2019,11,4,1234,32.28,116.68,4.19,0,1,1,4.93,0,167
168,2019,11,4,1234,32.24,119.62,4.19,0,2,1,5.74,0,168
169,2019,11,4,1234,32.20,118.72,4.19,0,2,1,2.66,0,169
170,2019,11,4,1234,31.98,90.24,4.20,0,2,1,2.68,0,171
171,2019,11,4,1234,31.98,90.26,4.20,0,2,1,2.68,0,171
172,2019,11,4,1234,31.14,112.62,4.24,0,2,3,2.48,0,172
173,2019,11,4,1234,28.78,85.76,4.34,0,2,1,1.29,0,175
174,2019,11,4,1234,28.76,85.76,4.35,0,2,1,1.29,0,175
175,2019,11,4,1234,28.76,85.78,4.35,0,2,1,1.29,0,175
176,2019,11,4,1234,28.44,88.10,4.36,0,2,1,1.49,0,177
177,2019,11,4,1234,28.44,88.12,4.36,0,2,1,1.49,0,177
178,2019,11,4,1234,28.20,106.16,4.37,0,1,1,7.13,0,178
179,2019,11,4,1234,28.20,106.18,4.37,0,1,3,7.13,0,178
180,2019,11,4,1234,27.82,112.90,4.38,0,2,1,3.16,0,180
181,2019,11,4,1234,26.60,101.62,4.43,0,2,1,11.15,0,181
182,2019,11,4,1234,26.60,101.64,4.43,0,2,1,11.15,0,181
183,2019,11,4,1234,26.58,101.64,4.43,0,2,1,5.96,0,181
184,2019,11,4,1234,25.46,114.50,4.48,0,2,3,2.77,0,187
185,2019,11,4,1234,25.46,114.52,4.48,0,2,3,2.69,0,187
186,2019,11,4,1234,25.44,114.50,4.48,0,2,3,2.44,0,187
187,2019,11,4,1234,25.44,114.52,4.48,0,2,3,3.40,0,187
188,2019,11,4,1234,25.44,114.54,4.48,0,2,3,3.40,0,187
189,2019,11,4,1234,24.46,115.38,4.51,0,1,1,5.17,0,189
190,2019,11,4,1234,24.44,115.08,4.51,0,2,3,1.71,0,191
191,2019,11,4,1234,24.42,115.08,4.51,0,2,5,3.56,0,191
192,2019,11,4,1234,24.40,115.12,4.51,0,2,1,2.34,0,192
193,2019,11,4,1234,24.38,109.38,4.51,0,2,1,2.63,0,193
194,2019,11,4,1234,24.38,113.82,4.51,0,2,3,4.15,0,194
195,2019,11,4,1234,24.38,113.84,4.51,0,2,5,3.86,0,194
196,2019,11,4,1234,24.08,109.88,4.53,0,2,3,2.54,0,196
197,2019,11,4,1234,24.08,109.90,4.53,0,2,3,1.51,0,196
198,2019,11,4,1234,23.98,106.62,4.53,0,2,1,1.92,0,198
199,2019,11,4,1234,23.98,106.64,4.53,0,2,3,1.92,0,198
200,2019,11,4,1234,23.78,86.34,4.54,0,2,1,4.09,0,202
201,2019,11,4,1234,23.78,86.36,4.54,0,2,1,4.09,0,202
202,2019,11,4,1234,23.78,86.38,4.54,0,2,1,4.10,0,202
203,2019,11,4,1234,23.76,86.36,4.54,0,2,1,2.73,0,202
204,2019,11,4,1234,23.76,86.38,4.54,0,2,1,2.73,0,202
205,2019,11,4,1234,23.76,86.40,4.54,0,2,1,2.73,0,202
206,2019,11,4,1234,23.10,115.08,4.56,0,2,1,2.36,0,206
207,2019,11,4,1234,22.82,86.12,4.57,0,1,3,10.93,0,210
208,2019,11,4,1234,22.82,86.14,4.57,0,1,3,10.98,0,210
209,2019,11,4,1234,22.80,86.14,4.57,0,1,3,10.98,0,210
210,2019,11,4,1234,22.80,86.16,4.57,0,1,3,10.98,0,210
211,2019,11,4,1234,22.80,86.18,4.57,0,2,1,2.69,0,210
212,2019,11,4,1234,22.80,86.20,4.57,0,2,1,2.70,0,210
213,2019,11,4,1234,22.78,86.16,4.57,0,2,1,4.81,0,210
214,2019,11,4,1234,22.78,86.18,4.57,0,2,1,4.81,0,210
215,2019,11,4,1234,22.78,86.20,4.57,0,2,1,2.07,0,210
216,2019,11,4,1234,22.78,86.22,4.57,0,2,1,2.07,0,210
217,2019,11,4,1234,20.96,85.12,4.63,0,2,1,2.81,0,219
218,2019,11,4,1234,20.96,85.14,4.63,0,2,1,2.82,0,219
219,2019,11,4,1234,20.96,85.16,4.63,0,2,1,2.82,0,219
220,2019,11,4,1234,17.84,103.26,4.72,0,1,3,10.05,0,220
221,2019,11,4,1234,5.66,118.02,4.93,0,2,3,3.31,0,221
222,2019,11,4,1234,-2.24,114.54,4.95,0,2,3,7.52,0,222
223,2019,11,4,1234,-2.24,114.68,4.95,0,2,3,8.28,0,223
224,2019,11,4,1234,-2.26,114.68,4.95,0,2,3,7.95,0,223
225,2019,11,4,1234,-2.66,114.30,4.95,0,1,3,17.94,0,225
226,2019,11,4,1234,-2.66,114.32,4.95,0,2,1,9.02,0,225
227,2019,11,4,1234,-2.68,114.32,4.95,0,2,1,5.40,0,225
228,2019,11,4,1234,-2.94,110.92,4.95,0,2,1,23.25,0,228
229,2019,11,4,1234,-2.94,111.58,4.95,0,2,3,9.10,0,230
230,2019,11,4,1234,-2.94,111.60,4.95,0,1,3,12.64,0,230
231,2019,11,4,1234,-2.94,111.62,4.95,0,1,3,12.64,0,230
232,2019,11,4,1234,-2.96,111.62,4.95,0,2,1,6.13,0,230
233,2019,11,4,1234,-3.00,114.04,4.95,0,1,3,24.25,0,236
234,2019,11,4,1234,-3.00,114.06,4.95,0,2,3,16.73,0,236
235,2019,11,4,1234,-3.02,114.00,4.95,0,2,3,30.32,0,236
236,2019,11,4,1234,-3.02,114.02,4.95,0,2,5,34.13,0,236
237,2019,11,4,1234,-3.02,114.04,4.95,0,2,1,13.25,0,236
238,2019,11,4,1234,-3.10,114.90,4.95,0,1,3,23.28,0,238
239,2019,11,4,1234,-3.10,114.92,4.95,0,1,3,12.60,0,238
240,2019,11,4,1234,-3.12,114.92,4.95,0,2,3,8.09,0,238
241,2019,11,4,1234,-3.14,114.90,4.95,0,2,5,7.59,0,238
242,2019,11,4,1234,-3.14,114.92,4.95,0,2,5,9.61,0,238
243,2019,11,4,1234,-3.42,104.84,4.95,0,1,3,67.40,0,245
244,2019,11,4,1234,-3.42,104.86,4.95,0,2,1,61.22,0,245
245,2019,11,4,1234,-3.44,104.84,4.95,0,1,5,99.85,0,245
246,2019,11,4,1234,-3.44,104.86,4.95,0,2,5,85.30,0,245
247,2019,11,4,1234,-3.74,105.62,4.95,0,2,3,5.22,0,247
248,2019,11,4,1234,-3.78,105.78,4.95,0,2,3,9.30,0,248
249,2019,11,4,1234,-3.80,105.78,4.95,0,2,3,6.99,0,248
250,2019,11,4,1234,-3.82,105.86,4.95,0,2,1,9.05,0,251
251,2019,11,4,1234,-3.84,105.86,4.95,0,2,3,11.22,0,251
252,2019,11,4,1234,-4.84,104.24,4.94,0,2,1,4.11,0,252
253,2019,11,4,1234,-4.90,105.84,4.94,0,2,3,10.47,0,254
254,2019,11,4,1234,-4.92,105.84,4.94,0,2,5,19.76,0,254
255,2019,11,4,1234,-7.70,113.96,4.91,0,2,5,4.03,0,255
256,2019,11,4,1234,-9.74,124.46,4.89,0,2,3,2.26,0,256
257,2019,11,4,1239,-11.66,131.26,4.85,0,2,3,2.35,0,257
258,2019,11,4,1239,-12.54,142.76,4.84,0,2,3,5.48,0,258
259,2019,11,4,1239,-12.56,142.74,4.84,0,2,1,5.13,0,258
260,2019,11,4,1239,-12.56,142.76,4.84,0,2,3,5.30,0,258
261,2019,11,4,1239,-12.96,143.22,4.83,0,2,3,6.53,0,261
262,2019,11,4,1239,-12.96,143.24,4.83,0,2,3,4.93,0,261
263,2019,11,4,1239,-14.62,135.12,4.80,0,1,1,11.23,0,263
264,2019,11,4,1239,-15.16,126.92,4.78,0,2,3,12.73,0,265
265,2019,11,4,1239,-15.16,126.94,4.78,0,2,5,25.40,0,265
266,2019,11,4,1239,-15.16,126.96,4.78,0,2,3,12.28,0,265
267,2019,11,4,1239,-15.18,126.92,4.78,0,2,3,17.52,0,265
268,2019,11,4,1239,-15.18,126.94,4.78,0,2,5,23.94,0,265
269,2019,11,4,1239,-15.18,126.96,4.78,0,2,5,17.50,0,265
270,2019,11,4,1239,-15.18,126.98,4.78,0,2,3,14.78,0,265
271,2019,11,4,1239,-15.18,133.84,4.78,0,1,1,12.09,0,271
272,2019,11,4,1239,-15.20,126.92,4.78,0,2,3,18.86,0,265
273,2019,11,4,1239,-15.20,126.94,4.78,0,2,3,9.08,0,265
274,2019,11,4,1239,-15.20,127.08,4.78,0,2,3,15.37,0,275
275,2019,11,4,1239,-15.22,127.08,4.78,0,2,5,19.18,0,275
276,2019,11,4,1239,-15.38,129.34,4.78,0,1,1,31.46,0,276
277,2019,11,4,1239,-15.38,134.36,4.78,0,1,1,30.42,0,277
278,2019,11,4,1239,-15.44,144.20,4.78,0,2,3,3.51,0,279
279,2019,11,4,1239,-15.46,144.18,4.78,0,2,3,3.52,0,279
280,2019,11,4,1239,-15.46,144.20,4.78,0,2,3,3.01,0,279
281,2019,11,4,1239,-15.48,144.16,4.78,0,2,3,2.92,0,281
282,2019,11,4,1239,-15.54,144.38,4.78,0,2,5,5.77,0,282
283,2019,11,4,1239,-15.54,144.40,4.78,0,2,3,2.42,0,282
284,2019,11,4,1239,-15.56,143.84,4.77,0,2,5,6.64,0,284
285,2019,11,4,1239,-15.56,143.86,4.77,0,2,5,5.07,0,284
286,2019,11,4,1239,-15.56,143.88,4.77,0,2,1,2.30,0,284
287,2019,11,4,1239,-15.56,144.38,4.77,0,2,3,3.46,0,282
288,2019,11,4,1239,-15.56,144.40,4.77,0,2,3,2.38,0,282
289,2019,11,4,1239,-15.58,143.82,4.77,0,2,1,2.37,0,284
290,2019,11,4,1239,-15.58,143.84,4.77,0,2,3,3.09,0,284
291,2019,11,4,1239,-15.58,143.86,4.77,0,2,3,3.71,0,284
292,2019,11,4,1239,-15.60,144.44,4.77,0,2,3,3.41,0,292
293,2019,11,4,1239,-15.68,132.10,4.77,0,1,3,16.83,0,293
294,2019,11,4,1239,-15.98,144.24,4.77,0,2,5,3.33,0,294
295,2019,11,4,1239,-16.00,124.84,4.76,0,2,3,17.29,0,295
296,2019,11,4,1239,-16.00,124.86,4.76,0,2,3,14.83,0,295
297,2019,11,4,1239,-16.02,125.50,4.76,0,2,5,111.61,0,299
298,2019,11,4,1239,-16.02,125.52,4.76,0,2,5,40.76,0,299
299,2019,11,4,1239,-16.04,125.50,4.76,0,2,5,116.97,0,299
300,2019,11,4,1239,-16.04,125.52,4.76,0,2,5,47.46,0,299
301,2019,11,4,1239,-16.26,125.04,4.76,0,2,3,11.59,0,301
302,2019,11,4,1239,-16.30,123.74,4.76,0,2,5,10.88,0,302
303,2019,11,4,1239,-16.32,123.72,4.76,0,2,3,6.46,0,305
304,2019,11,4,1239,-16.32,123.76,4.76,0,2,3,6.34,0,304
305,2019,11,4,1239,-16.34,123.72,4.76,0,2,5,11.73,0,305
306,2019,11,4,1239,-16.36,123.72,4.76,0,2,3,7.42,0,305
307,2019,11,4,1239,-16.36,123.74,4.76,0,2,3,5.28,0,305
308,2019,11,4,1239,-16.88,137.74,4.74,0,1,1,11.69,0,308
309,2019,11,4,1239,-16.90,137.70,4.74,0,1,3,21.41,0,310
310,2019,11,4,1239,-16.90,137.72,4.74,0,1,3,28.22,0,310
311,2019,11,4,1239,-16.92,137.70,4.74,0,1,3,19.65,0,310
312,2019,11,4,1239,-16.92,137.72,4.74,0,1,3,24.28,0,310
313,2019,11,4,1239,-17.26,123.82,4.73,0,2,3,4.53,0,313
314,2019,11,4,1239,-17.28,133.48,4.73,0,1,1,5.12,0,316
315,2019,11,4,1239,-17.30,133.40,4.73,0,1,3,12.05,0,315
316,2019,11,4,1239,-17.30,133.48,4.73,0,1,3,9.08,0,316
317,2019,11,4,1239,-17.34,137.50,4.73,0,2,1,5.74,0,318
318,2019,11,4,1239,-17.36,137.50,4.73,0,1,3,16.54,0,318
319,2019,11,4,1239,-18.10,139.22,4.71,0,1,1,7.94,0,319
320,2019,11,4,1239,-18.80,142.34,4.69,0,1,3,7.03,0,320
321,2019,11,4,1239,-19.30,142.10,4.68,0,2,3,2.86,0,322
322,2019,11,4,1239,-19.32,142.10,4.68,0,2,3,2.88,0,322
323,2019,11,4,1239,-19.42,143.18,4.67,0,1,1,12.98,0,323
324,2019,11,4,1239,-19.42,143.20,4.67,0,1,1,11.41,0,323
325,2019,11,4,1239,-20.30,119.14,4.65,0,2,1,2.80,0,325
326,2019,11,4,1239,-20.32,119.16,4.65,0,1,1,3.94,0,326
327,2019,11,4,1239,-20.34,119.42,4.65,0,1,1,4.41,0,327
328,2019,11,4,1239,-20.36,148.32,4.65,0,1,1,5.12,0,328
329,2019,11,4,1239,-21.44,165.52,4.61,0,2,3,2.47,0,329
330,2019,11,4,1239,-22.10,145.86,4.59,0,1,3,5.49,0,330
331,2019,11,4,1239,-22.28,146.58,4.59,0,1,3,14.19,0,331
332,2019,11,4,1239,-22.38,117.30,4.58,0,2,1,2.04,0,332
333,2019,11,4,1239,-22.40,117.28,4.58,0,2,3,2.85,0,333
334,2019,11,4,1239,-22.80,121.64,4.57,0,1,1,5.37,0,334
335,2019,11,4,1239,-23.32,123.54,4.55,0,1,1,3.76,0,335
336,2019,11,4,1239,-24.22,128.90,4.52,0,2,1,3.89,0,336
337,2019,11,4,1239,-24.26,138.62,4.52,0,1,1,4.01,0,337
338,2019,11,4,1239,-24.56,149.44,4.51,0,1,1,15.14,0,338
339,2019,11,4,1239,-24.70,129.84,4.50,0,1,1,5.54,0,339
340,2019,11,4,1239,-25.08,132.10,4.49,0,1,1,4.09,0,340
341,2019,11,4,1239,-25.10,132.52,4.49,0,2,1,1.96,0,341
342,2019,11,4,1239,-25.12,133.06,4.49,0,1,1,3.43,0,342
343,2019,11,4,1239,-25.26,130.98,4.48,0,2,3,2.65,0,343
344,2019,11,4,1239,-25.28,130.98,4.48,0,3,3,1.91,0,343
345,2019,11,4,1239,-25.30,131.12,4.48,0,2,5,4.89,0,345
346,2019,11,4,1239,-25.56,123.04,4.47,0,1,1,12.00,0,346
347,2019,11,4,1239,-25.58,123.02,4.47,0,1,3,10.14,0,347
348,2019,11,4,1239,-25.70,128.42,4.47,0,2,1,3.53,0,348
349,2019,11,4,1239,-26.46,152.62,4.44,0,1,3,11.74,0,349
350,2019,11,4,1239,-27.06,148.26,4.41,0,2,1,2.35,0,351
351,2019,11,4,1239,-27.08,148.26,4.41,0,1,3,8.23,0,351
352,2019,11,4,1239,-27.12,149.36,4.41,0,2,5,3.88,0,352
353,2019,11,4,1239,-27.14,149.36,4.41,0,2,3,2.11,0,352
354,2019,11,4,1239,-27.16,128.70,4.41,0,2,3,2.09,0,355
355,2019,11,4,1239,-27.18,128.70,4.41,0,2,5,3.91,0,355
356,2019,11,4,1239,-27.18,128.72,4.41,0,2,3,2.75,0,355
357,2019,11,4,1239,-27.18,140.18,4.41,0,1,1,4.25,0,357
358,2019,11,4,1239,-27.20,128.68,4.41,0,2,3,1.99,0,358
359,2019,11,4,1239,-27.26,128.74,4.41,0,2,3,1.94,0,359
360,2019,11,4,1239,-27.42,148.82,4.40,0,2,3,2.41,0,361
361,2019,11,4,1239,-27.44,148.82,4.40,0,2,5,4.55,0,361
362,2019,11,4,1239,-27.72,130.76,4.39,0,2,3,2.27,0,363
363,2019,11,4,1239,-27.72,130.78,4.39,0,2,3,2.35,0,363
364,2019,11,4,1239,-27.72,130.80,4.39,0,2,1,1.47,0,363
365,2019,11,4,1239,-27.94,119.96,4.38,0,2,3,2.48,0,365
366,2019,11,4,1239,-28.22,151.44,4.37,0,2,5,4.30,0,366
367,2019,11,4,1239,-28.24,151.44,4.37,0,2,5,4.00,0,366
368,2019,11,4,1239,-28.28,149.72,4.36,0,2,5,4.31,0,369
369,2019,11,4,1239,-28.28,149.74,4.36,0,2,5,5.98,0,369
370,2019,11,4,1239,-28.30,149.72,4.36,0,2,3,3.24,0,369
371,2019,11,4,1239,-28.30,149.74,4.36,0,2,3,3.93,0,369
372,2019,11,4,1239,-28.64,127.86,4.35,0,2,5,14.06,0,373
373,2019,11,4,1239,-28.64,127.88,4.35,0,2,5,14.99,0,373
374,2019,11,4,1239,-28.66,127.88,4.35,0,2,5,8.34,0,373
375,2019,11,4,1239,-28.66,127.90,4.35,0,2,3,6.58,0,373
376,2019,11,4,1239,-29.24,151.48,4.33,0,2,5,18.67,0,377
377,2019,11,4,1239,-29.24,151.50,4.33,0,2,5,22.31,0,377
378,2019,11,4,1239,-29.28,152.40,4.32,0,2,5,9.24,0,384
379,2019,11,4,1239,-29.28,152.42,4.32,0,2,3,5.28,0,384
380,2019,11,4,1239,-29.28,152.44,4.32,0,2,3,5.28,0,384
381,2019,11,4,1239,-29.30,152.38,4.32,0,2,3,10.99,0,381
382,2019,11,4,1239,-29.30,152.42,4.32,0,2,5,9.24,0,384
383,2019,11,4,1239,-29.30,152.44,4.32,0,2,3,5.28,0,384
384,2019,11,4,1239,-29.32,152.40,4.32,0,2,3,10.75,0,384
385,2019,11,4,1239,-29.32,152.42,4.32,0,2,3,5.71,0,384
386,2019,11,4,1239,-29.40,120.58,4.32,0,1,3,6.21,0,387
387,2019,11,4,1239,-29.42,120.58,4.32,0,1,3,6.21,0,387
388,2019,11,4,1239,-29.54,152.36,4.31,0,2,3,4.04,0,389
389,2019,11,4,1239,-29.54,152.38,4.31,0,2,3,5.98,0,389
390,2019,11,4,1239,-29.56,122.30,4.31,0,1,1,5.77,0,390
391,2019,11,4,1239,-29.56,152.34,4.31,0,2,5,10.58,0,391
392,2019,11,4,1239,-29.58,152.34,4.31,0,2,3,6.74,0,391
393,2019,11,4,1239,-29.72,115.78,4.30,0,2,1,3.42,0,397
394,2019,11,4,1239,-29.72,115.80,4.30,0,2,1,3.42,0,397
395,2019,11,4,1239,-29.72,115.82,4.30,0,2,1,3.50,0,397
396,2019,11,4,1239,-29.74,115.78,4.30,0,2,1,3.42,0,397
397,2019,11,4,1239,-29.74,115.80,4.30,0,2,1,3.50,0,397
398,2019,11,4,1239,-29.74,115.82,4.30,0,2,1,3.50,0,397
399,2019,11,4,1239,-29.84,119.78,4.30,0,1,3,9.76,0,399
400,2019,11,4,1239,-29.94,152.30,4.30,0,2,3,5.10,0,400
401,2019,11,4,1239,-29.96,121.16,4.29,0,1,1,9.49,0,401
402,2019,11,4,1239,-29.96,121.18,4.29,0,1,1,9.49,0,401
403,2019,11,4,1239,-29.96,133.30,4.29,0,2,1,3.47,0,403
404,2019,11,4,1239,-29.96,152.30,4.29,0,2,1,3.39,0,400
405,2019,11,4,1239,-29.98,133.30,4.29,0,2,1,3.04,0,403
406,2019,11,4,1239,-30.50,117.58,4.27,0,1,3,4.35,0,406
407,2019,11,4,1239,-30.64,122.08,4.26,0,1,1,5.87,0,407
408,2019,11,4,1239,-30.94,152.02,4.25,0,2,3,9.64,0,408
409,2019,11,4,1239,-31.00,152.14,4.25,0,2,3,13.62,0,410
410,2019,11,4,1239,-31.02,152.14,4.25,0,2,3,13.62,0,410
411,2019,11,4,1239,-31.04,123.54,4.25,0,2,1,2.89,0,415
412,2019,11,4,1239,-31.06,123.52,4.25,0,2,3,4.79,0,415
413,2019,11,4,1239,-31.06,123.54,4.25,0,2,3,4.79,0,415
414,2019,11,4,1239,-31.06,123.56,4.25,0,2,3,2.64,0,415
415,2019,11,4,1239,-31.08,123.52,4.25,0,2,3,4.79,0,415
416,2019,11,4,1239,-31.08,123.54,4.25,0,2,3,2.64,0,415
417,2019,11,4,1239,-31.10,118.24,4.24,0,1,3,5.82,0,417
418,2019,11,4,1239,-31.12,123.58,4.24,0,2,3,3.86,0,418
419,2019,11,4,1239,-31.18,123.04,4.24,0,1,1,3.71,0,419
420,2019,11,4,1239,-31.22,124.00,4.24,0,2,5,43.14,0,421
421,2019,11,4,1239,-31.22,124.02,4.24,0,2,5,56.43,0,421
422,2019,11,4,1239,-31.22,124.10,4.24,0,2,3,7.85,0,428
423,2019,11,4,1239,-31.22,124.12,4.24,0,2,3,6.80,0,428
424,2019,11,4,1239,-31.22,152.76,4.24,0,2,3,3.91,0,429
425,2019,11,4,1239,-31.22,152.78,4.24,0,2,3,3.91,0,429
426,2019,11,4,1239,-31.24,124.00,4.24,0,2,5,18.50,0,421
427,2019,11,4,1239,-31.24,124.02,4.24,0,2,5,18.30,0,421
428,2019,11,4,1239,-31.24,124.12,4.24,0,2,3,8.20,0,428
429,2019,11,4,1239,-31.24,152.78,4.24,0,2,3,3.91,0,429
430,2019,11,4,1239,-31.28,123.90,4.24,0,2,3,9.21,0,432
431,2019,11,4,1239,-31.28,123.94,4.24,0,2,3,5.61,0,431
432,2019,11,4,1239,-31.30,123.90,4.24,0,2,3,9.21,0,432
433,2019,11,4,1239,-31.30,152.54,4.24,0,2,3,5.00,0,433
434,2019,11,4,1239,-31.30,152.56,4.24,0,2,1,4.40,0,433
435,2019,11,4,1239,-31.34,123.72,4.23,0,2,3,7.91,0,435
436,2019,11,4,1239,-31.56,123.98,4.22,0,2,5,27.85,0,437
437,2019,11,4,1239,-31.56,124.00,4.22,0,2,5,30.12,0,437
438,2019,11,4,1239,-31.56,124.02,4.22,0,2,5,18.11,0,437
439,2019,11,4,1239,-31.58,123.96,4.22,0,2,3,21.14,0,444
440,2019,11,4,1239,-31.58,123.98,4.22,0,1,3,21.18,0,437
441,2019,11,4,1239,-31.58,124.00,4.22,0,2,5,26.09,0,437
442,2019,11,4,1239,-31.58,124.02,4.22,0,2,5,22.62,0,437
443,2019,11,4,1239,-31.58,124.04,4.22,0,2,3,9.99,0,437
444,2019,11,4,1239,-31.60,123.96,4.22,0,2,3,21.14,0,444
445,2019,11,4,1239,-31.72,152.16,4.22,0,2,3,6.88,0,445
446,2019,11,4,1239,-31.80,137.12,4.21,0,2,1,2.44,0,446
447,2019,11,4,1239,-31.80,137.14,4.21,0,2,1,2.44,0,446
448,2019,11,4,1239,-31.98,135.42,4.20,0,2,1,.81,0,449
449,2019,11,4,1239,-31.98,135.44,4.20,0,2,3,1.62,0,449
450,2019,11,4,1239,-32.56,137.78,4.18,0,2,1,2.58,0,450
451,2019,11,4,1239,-32.58,120.28,4.18,0,1,1,7.62,0,451
452,2019,11,4,1239,-32.58,120.30,4.18,0,1,1,7.62,0,451
453,2019,11,4,1239,-32.62,120.28,4.17,0,1,1,4.87,0,453
454,2019,11,4,1239,-34.54,142.84,4.08,0,2,1,1.82,0,454
455,2019,11,4,1239,-35.58,143.76,4.03,0,1,1,3.80,0,455
456,2019,11,4,1239,-37.72,142.86,3.92,0,1,1,5.35,0,457
457,2019,11,4,1239,-37.74,142.86,3.92,0,1,1,5.35,0,457
458,2019,11,4,1239,-40.40,176.48,3.77,0,2,3,2.94,0,461
459,2019,11,4,1239,-40.40,176.50,3.77,0,2,3,2.94,0,461
460,2019,11,4,1239,-40.40,176.52,3.77,0,2,5,4.84,0,461
461,2019,11,4,1239,-40.40,176.54,3.77,0,2,5,4.84,0,461
