# 2019  5 10  7 50 UTC  2020  4 28 23  1 UTC
# ID,Year,Month,Day,Time(UTC),Lat,Lon,Area(km^2),Volcano,Level,Reliability,FRP(Wm^-2),QF,Hot(ID)
1,2019,5,10,0753,52.50,116.92,3.02,0,3,3,7.11,0,4
2,2019,5,10,0753,52.50,116.94,3.02,0,3,3,7.11,0,4
3,2019,5,10,0753,52.48,116.94,3.02,0,3,3,7.11,0,4
4,2019,5,10,0753,52.48,116.96,3.02,0,3,3,7.11,0,4
5,2019,5,10,0753,51.12,129.46,3.11,0,3,3,1.23,0,7
6,2019,5,10,0753,51.12,129.48,3.11,0,3,1,1.23,0,7
7,2019,5,10,0753,51.10,129.48,3.11,0,3,3,1.23,0,7
8,2019,5,10,0753,50.22,129.08,3.17,0,2,1,1.38,0,8
9,2019,5,10,0753,50.06,128.50,3.18,0,1,5,24.75,0,9
10,2019,5,10,0753,50.06,128.52,3.18,0,2,5,7.31,0,9
11,2019,5,10,0753,50.06,128.54,3.18,0,2,5,7.31,0,9
12,2019,5,10,0753,50.04,128.50,3.18,0,1,5,24.75,0,9
13,2019,5,10,0753,50.04,128.52,3.18,0,1,5,24.75,0,9
14,2019,5,10,0753,50.04,128.54,3.18,0,2,5,7.31,0,9
15,2019,5,10,0753,50.02,128.50,3.18,0,2,3,5.55,0,9
16,2019,5,10,0753,50.02,128.52,3.18,0,2,3,5.55,0,9
17,2019,5,10,0753,50.02,128.54,3.18,0,1,1,9.68,0,9
18,2019,5,10,0753,50.00,128.48,3.19,0,2,3,4.36,0,9
19,2019,5,10,0753,50.00,128.50,3.19,0,2,3,4.36,0,9
20,2019,5,10,0753,50.00,128.56,3.19,0,2,1,3.38,0,20
21,2019,5,10,0753,49.98,128.48,3.19,0,2,3,4.36,0,9
22,2019,5,10,0753,49.98,128.50,3.19,0,2,3,4.36,0,9
23,2019,5,10,0753,49.94,136.34,3.19,0,2,3,4.81,0,23
24,2019,5,10,0753,49.94,136.36,3.19,0,2,3,4.81,0,23
25,2019,5,10,0753,49.94,136.38,3.19,0,2,3,3.26,0,23
26,2019,5,10,0753,49.92,136.36,3.19,0,2,3,4.81,0,23
27,2019,5,10,0753,49.92,136.38,3.19,0,2,3,3.26,0,23
28,2019,5,10,0753,49.92,136.40,3.19,0,2,3,3.26,0,23
29,2019,5,10,0753,49.74,127.76,3.20,0,2,3,5.51,0,29
30,2019,5,10,0753,49.74,127.78,3.20,0,2,3,5.51,0,29
31,2019,5,10,0753,49.74,129.34,3.20,0,2,3,1.79,0,40
32,2019,5,10,0753,49.74,129.36,3.20,0,2,3,1.79,0,40
33,2019,5,10,0753,49.72,127.76,3.20,0,2,3,5.51,0,29
34,2019,5,10,0753,49.72,127.78,3.20,0,2,3,5.51,0,29
35,2019,5,10,0753,49.72,129.32,3.20,0,2,3,2.33,0,40
36,2019,5,10,0753,49.72,129.34,3.20,0,2,3,2.33,0,40
37,2019,5,10,0753,49.72,129.36,3.20,0,2,5,3.98,0,40
38,2019,5,10,0753,49.70,129.32,3.21,0,2,3,2.33,0,40
39,2019,5,10,0753,49.70,129.34,3.21,0,2,3,2.33,0,40
40,2019,5,10,0753,49.70,129.36,3.21,0,2,5,3.98,0,40
41,2019,5,10,0753,45.88,134.70,3.45,0,2,5,6.81,0,41
42,2019,5,10,0753,44.00,133.90,3.57,0,3,3,1.98,0,42
43,2019,5,10,0753,44.00,133.92,3.57,0,3,3,1.98,0,42
44,2019,5,10,0753,43.98,133.92,3.57,0,3,3,1.98,0,42
45,2019,5,10,0753,43.22,132.52,3.61,0,3,3,3.09,0,45
46,2019,5,10,0753,43.20,132.52,3.61,0,3,3,3.09,0,45
47,2019,5,10,0753,43.18,133.22,3.61,0,2,3,3.75,0,47
48,2019,5,10,0753,43.18,133.24,3.61,0,2,3,3.75,0,47
49,2019,5,10,0753,43.16,133.24,3.62,0,2,3,3.75,0,47
50,2019,5,10,0753,42.38,129.90,3.66,0,2,3,27.24,0,50
51,2019,5,10,0753,42.36,129.90,3.66,0,2,3,27.24,0,50
52,2019,5,10,0753,41.80,140.14,3.70,0,3,3,1.68,0,52
53,2019,5,10,0753,40.54,141.50,3.77,0,2,1,2.09,0,53
54,2019,5,10,0753,39.54,126.76,3.82,0,1,5,40.57,0,54
55,2019,5,10,0753,39.52,126.76,3.82,0,1,3,29.90,0,54
56,2019,5,10,0753,39.52,126.78,3.82,0,1,3,29.90,0,54
57,2019,5,10,0753,39.50,126.78,3.82,0,1,3,29.90,0,54
58,2019,5,10,0753,37.40,140.36,3.94,0,1,1,6.58,0,58
59,2019,5,10,0753,37.40,140.38,3.94,0,2,3,2.58,0,58
60,2019,5,10,0753,37.38,140.36,3.94,0,1,1,6.58,0,58
61,2019,5,10,0753,37.38,140.38,3.94,0,2,1,2.58,0,58
62,2019,5,10,0753,34.42,119.84,4.09,0,3,1,4.14,0,62
63,2019,5,10,0753,34.40,119.84,4.09,0,3,1,4.14,0,62
64,2019,5,10,0753,34.08,114.82,4.11,0,3,1,1.83,0,64
65,2019,5,10,0753,34.06,114.84,4.11,0,3,1,1.62,0,65
66,2019,5,10,0753,34.04,114.84,4.11,0,3,1,1.62,0,65
67,2019,5,10,0753,34.00,119.84,4.11,0,3,1,1.76,0,67
68,2019,5,10,0753,33.96,116.44,4.11,0,3,1,1.46,0,68
69,2019,5,10,0753,33.94,116.44,4.11,0,3,1,1.46,0,68
70,2019,5,10,0753,33.94,116.46,4.11,0,3,1,1.46,0,68
71,2019,5,10,0753,33.92,116.42,4.11,0,3,1,1.27,0,71
72,2019,5,10,0753,33.90,116.40,4.11,0,3,1,1.56,0,72
73,2019,5,10,0753,33.78,119.76,4.12,0,2,1,1.86,0,73
74,2019,5,10,0753,33.70,118.74,4.12,0,3,1,2.01,0,74
75,2019,5,10,0753,33.62,114.64,4.13,0,2,1,2.02,0,77
76,2019,5,10,0753,33.60,114.62,4.13,0,2,1,1.79,0,77
77,2019,5,10,0753,33.60,114.64,4.13,0,2,1,2.20,0,77
78,2019,5,10,0753,33.60,114.66,4.13,0,3,3,1.86,0,77
79,2019,5,10,0753,33.60,114.68,4.13,0,3,3,1.86,0,77
80,2019,5,10,0753,33.56,114.04,4.13,0,2,1,2.04,0,80
81,2019,5,10,0753,33.56,114.06,4.13,0,3,1,1.87,0,80
82,2019,5,10,0753,33.56,117.54,4.13,0,3,1,1.90,0,83
83,2019,5,10,0753,33.54,117.54,4.13,0,3,1,2.52,0,83
84,2019,5,10,0753,33.50,116.16,4.13,0,3,1,1.88,0,86
85,2019,5,10,0753,33.50,116.18,4.13,0,3,3,1.88,0,86
86,2019,5,10,0753,33.50,116.20,4.13,0,3,1,2.47,0,86
87,2019,5,10,0753,33.50,116.22,4.13,0,3,3,1.56,0,86
88,2019,5,10,0753,33.50,119.78,4.13,0,3,1,1.37,0,88
89,2019,5,10,0753,33.48,116.18,4.13,0,3,3,1.85,0,86
90,2019,5,10,0753,33.48,117.86,4.13,0,3,1,1.85,0,91
91,2019,5,10,0753,33.48,117.88,4.13,0,3,1,1.87,0,91
92,2019,5,10,0753,33.48,117.90,4.13,0,3,1,1.87,0,91
93,2019,5,10,0753,33.48,118.18,4.13,0,3,1,1.78,0,93
94,2019,5,10,0753,33.48,118.20,4.13,0,3,1,1.78,0,93
95,2019,5,10,0753,33.48,119.80,4.13,0,3,1,1.27,0,95
96,2019,5,10,0753,33.42,115.06,4.14,0,3,1,2.32,0,99
97,2019,5,10,0753,33.42,115.08,4.14,0,3,1,2.32,0,99
98,2019,5,10,0753,33.40,115.08,4.14,0,3,1,2.32,0,99
99,2019,5,10,0753,33.38,115.08,4.14,0,3,1,2.40,0,99
100,2019,5,10,0753,33.38,115.10,4.14,0,3,1,2.40,0,99
101,2019,5,10,0753,33.36,120.22,4.14,0,2,3,1.43,0,101
102,2019,5,10,0753,33.34,120.22,4.14,0,2,3,1.43,0,101
103,2019,5,10,0753,33.28,115.36,4.14,0,3,1,1.63,0,103
104,2019,5,10,0753,33.24,119.30,4.15,0,3,1,1.62,0,105
105,2019,5,10,0753,33.24,119.32,4.15,0,3,1,1.65,0,105
106,2019,5,10,0753,31.74,117.22,4.22,0,3,1,1.56,0,106
107,2019,5,10,0753,30.60,118.96,4.27,0,3,1,1.90,0,107
108,2019,5,10,0753,29.32,117.90,4.32,0,2,3,3.61,0,108
109,2019,5,10,0753,29.32,117.92,4.32,0,2,3,3.61,0,108
110,2019,5,10,0753,25.10,109.30,4.49,0,3,5,5.46,0,110
111,2019,5,10,0753,25.10,109.32,4.49,0,3,5,5.46,0,110
112,2019,5,10,0753,25.08,109.32,4.49,0,3,5,5.46,0,110
113,2019,5,10,0753,24.32,109.36,4.52,0,3,1,1.96,0,113
114,2019,5,10,0753,24.02,90.30,4.53,0,3,3,1.45,0,117
115,2019,5,10,0753,24.02,90.32,4.53,0,3,3,1.45,0,117
116,2019,5,10,0753,24.00,90.32,4.53,0,3,3,1.45,0,117
117,2019,5,10,0753,24.00,90.34,4.53,0,3,3,1.45,0,117
118,2019,5,10,0753,23.78,86.34,4.54,0,2,1,8.53,0,120
119,2019,5,10,0753,23.78,86.36,4.54,0,2,1,8.53,0,120
120,2019,5,10,0753,23.78,86.38,4.54,0,2,1,8.53,0,120
121,2019,5,10,0753,23.50,93.38,4.55,0,2,5,44.65,0,121
122,2019,5,10,0753,23.50,93.40,4.55,0,2,5,44.65,0,121
123,2019,5,10,0753,23.50,93.42,4.55,0,3,3,7.07,0,121
124,2019,5,10,0753,23.48,93.40,4.55,0,2,5,44.65,0,121
125,2019,5,10,0753,23.48,93.42,4.55,0,2,5,44.64,0,121
126,2019,5,10,0753,23.48,93.44,4.55,0,3,3,7.07,0,121
127,2019,5,10,0753,23.12,87.80,4.56,0,2,1,2.12,0,129
128,2019,5,10,0753,23.12,87.82,4.56,0,2,1,2.13,0,129
129,2019,5,10,0753,23.12,87.84,4.56,0,2,1,2.13,0,129
130,2019,5,10,0753,23.12,87.86,4.56,0,2,3,1.88,0,129
131,2019,5,10,0753,23.12,87.88,4.56,0,2,3,1.88,0,129
132,2019,5,10,0753,22.50,102.64,4.58,0,2,3,5.90,0,132
133,2019,5,10,0753,22.50,102.66,4.58,0,2,3,5.90,0,132
134,2019,5,10,0753,22.34,98.74,4.58,0,2,3,19.46,0,134
135,2019,5,10,0753,22.24,98.54,4.59,0,3,3,11.41,0,135
136,2019,5,10,0753,22.22,98.54,4.59,0,2,3,10.27,0,135
137,2019,5,10,0753,22.22,98.56,4.59,0,2,3,10.27,0,135
138,2019,5,10,0753,21.98,100.76,4.60,0,3,1,2.26,0,138
139,2019,5,10,0753,21.98,108.60,4.60,0,3,1,2.05,0,139
140,2019,5,10,0753,21.96,100.76,4.60,0,3,1,2.26,0,138
141,2019,5,10,0753,21.96,108.62,4.60,0,3,1,1.90,0,141
142,2019,5,10,0753,21.96,108.64,4.60,0,3,1,1.61,0,141
143,2019,5,10,0753,21.94,108.62,4.60,0,3,1,1.50,0,141
144,2019,5,10,0753,21.78,92.88,4.60,0,2,5,21.79,0,146
145,2019,5,10,0753,21.78,92.90,4.60,0,2,5,21.79,0,146
146,2019,5,10,0753,21.78,92.92,4.60,0,2,5,35.64,0,146
147,2019,5,10,0753,21.76,92.88,4.60,0,2,5,15.55,0,146
148,2019,5,10,0753,21.76,92.90,4.60,0,2,5,15.52,0,146
149,2019,5,10,0753,21.76,92.92,4.60,0,2,5,22.09,0,146
150,2019,5,10,0753,21.76,92.94,4.60,0,2,5,22.09,0,146
151,2019,5,10,0753,21.52,100.88,4.61,0,2,3,7.20,0,151
152,2019,5,10,0753,21.38,100.76,4.62,0,2,5,50.82,0,154
153,2019,5,10,0753,21.36,100.04,4.62,0,2,3,9.15,0,153
154,2019,5,10,0753,21.36,100.76,4.62,0,2,5,51.12,0,154
155,2019,5,10,0753,21.36,100.78,4.62,0,2,5,51.12,0,154
156,2019,5,10,0753,21.36,100.80,4.62,0,2,3,13.82,0,154
157,2019,5,10,0753,20.88,104.10,4.63,0,1,1,28.41,0,157
158,2019,5,10,0753,20.82,104.18,4.63,0,2,1,9.82,0,158
159,2019,5,10,0753,20.44,85.00,4.64,0,3,1,3.84,0,161
160,2019,5,10,0753,20.44,85.02,4.64,0,3,1,3.84,0,161
161,2019,5,10,0753,20.44,85.04,4.64,0,3,1,3.84,0,161
162,2019,5,10,0753,20.12,103.76,4.65,0,2,1,5.37,0,162
163,2019,5,10,0753,17.40,102.78,4.73,0,3,1,3.06,0,163
164,2019,5,10,0753,17.40,102.80,4.73,0,3,1,3.06,0,163
165,2019,5,10,0753,13.40,144.68,4.82,0,2,3,3.43,0,165
166,2019,5,10,0753,13.40,144.70,4.82,0,2,3,2.46,0,165
167,2019,5,10,0753,6.92,116.70,4.92,0,2,1,4.77,0,167
168,2019,5,10,0753,6.90,116.70,4.92,0,3,1,3.96,0,167
169,2019,5,10,0753,6.76,117.08,4.92,0,1,3,13.48,0,169
170,2019,5,10,0753,6.76,117.10,4.92,0,2,3,7.21,0,169
171,2019,5,10,0753,3.76,108.26,4.95,0,2,1,15.39,0,171
172,2019,5,10,0753,2.84,117.36,4.95,0,3,3,1.94,0,172
173,2019,5,10,0753,2.64,112.48,4.95,0,2,3,3.53,0,173
174,2019,5,10,0753,1.42,111.38,4.96,0,2,1,4.07,0,175
175,2019,5,10,0753,1.40,111.38,4.96,0,3,1,4.47,0,175
176,2019,5,10,0753,.80,112.58,4.96,0,2,3,4.96,0,176
177,2019,5,10,0758,-1.96,105.30,4.95,0,2,5,18.97,0,178
178,2019,5,10,0758,-1.96,105.32,4.95,0,2,5,19.28,0,178
179,2019,5,10,0758,-1.98,105.32,4.95,0,3,5,7.24,0,178
180,2019,5,10,0758,-2.04,111.24,4.95,0,2,1,14.22,0,180
181,2019,5,10,0758,-2.14,106.10,4.95,0,3,1,2.39,0,181
182,2019,5,10,0758,-12.36,141.90,4.84,0,2,1,8.88,0,182
183,2019,5,10,0758,-12.38,141.90,4.84,0,2,3,4.80,0,182
184,2019,5,10,0758,-14.40,126.28,4.80,0,2,3,13.01,0,184
185,2019,5,10,0758,-14.42,126.28,4.80,0,2,3,6.51,0,184
186,2019,5,10,0758,-14.42,126.30,4.80,0,2,3,4.78,0,184
187,2019,5,10,0758,-14.58,144.16,4.80,0,2,3,5.07,0,187
188,2019,5,10,0758,-14.92,125.34,4.79,0,2,5,10.53,0,188
189,2019,5,10,0758,-14.94,125.34,4.79,0,2,3,5.81,0,188
190,2019,5,10,0758,-14.96,125.86,4.79,0,1,3,14.10,0,190
191,2019,5,10,0758,-14.96,125.88,4.79,0,2,1,3.95,0,190
192,2019,5,10,0758,-14.96,125.92,4.79,0,2,1,7.57,0,193
193,2019,5,10,0758,-14.96,125.94,4.79,0,2,3,10.21,0,193
194,2019,5,10,0758,-14.96,125.98,4.79,0,2,3,4.79,0,194
195,2019,5,10,0758,-15.22,126.08,4.78,0,2,3,3.94,0,199
196,2019,5,10,0758,-15.22,126.38,4.78,0,2,5,21.06,0,196
197,2019,5,10,0758,-15.24,125.82,4.78,0,2,5,15.73,0,202
198,2019,5,10,0758,-15.24,125.84,4.78,0,2,5,14.95,0,202
199,2019,5,10,0758,-15.24,126.08,4.78,0,2,3,8.24,0,199
200,2019,5,10,0758,-15.24,126.10,4.78,0,2,3,8.01,0,199
201,2019,5,10,0758,-15.24,126.14,4.78,0,2,3,14.81,0,201
202,2019,5,10,0758,-15.26,125.82,4.78,0,2,5,19.81,0,202
203,2019,5,10,0758,-15.26,125.84,4.78,0,2,5,17.98,0,202
204,2019,5,10,0758,-15.26,125.86,4.78,0,2,3,8.86,0,202
205,2019,5,10,0758,-15.30,125.18,4.78,0,2,3,10.19,0,205
206,2019,5,10,0758,-15.34,126.28,4.78,0,2,3,5.95,0,206
207,2019,5,10,0758,-15.34,126.30,4.78,0,2,3,5.24,0,206
208,2019,5,10,0758,-15.56,126.12,4.77,0,2,1,3.77,0,208
209,2019,5,10,0758,-15.68,143.96,4.77,0,2,1,1.52,0,209
210,2019,5,10,0758,-15.72,126.50,4.77,0,2,3,7.51,0,210
211,2019,5,10,0758,-15.86,144.22,4.77,0,1,3,6.53,0,212
212,2019,5,10,0758,-15.88,144.22,4.77,0,1,3,7.50,0,212
213,2019,5,10,0758,-16.20,124.76,4.76,0,2,5,19.65,0,213
214,2019,5,10,0758,-16.20,124.78,4.76,0,2,5,9.96,0,213
215,2019,5,10,0758,-16.22,124.78,4.76,0,2,3,6.91,0,213
216,2019,5,10,0758,-16.26,136.96,4.76,0,2,5,25.73,0,216
217,2019,5,10,0758,-16.28,136.96,4.76,0,2,3,9.28,0,216
218,2019,5,10,0758,-16.42,137.60,4.75,0,2,5,5.60,0,218
219,2019,5,10,0758,-16.42,137.62,4.75,0,2,3,3.11,0,218
220,2019,5,10,0758,-16.50,124.64,4.75,0,2,3,11.58,0,223
221,2019,5,10,0758,-16.50,124.66,4.75,0,2,5,13.32,0,223
222,2019,5,10,0758,-16.52,124.64,4.75,0,2,5,10.78,0,223
223,2019,5,10,0758,-16.52,124.66,4.75,0,2,5,30.27,0,223
224,2019,5,10,0758,-16.52,124.68,4.75,0,2,5,12.13,0,223
225,2019,5,10,0758,-16.54,124.68,4.75,0,2,1,7.05,0,223
226,2019,5,10,0758,-16.60,137.08,4.75,0,2,3,11.11,0,226
227,2019,5,10,0758,-16.62,122.92,4.75,0,2,5,11.79,0,231
228,2019,5,10,0758,-16.62,136.64,4.75,0,2,3,8.76,0,229
229,2019,5,10,0758,-16.62,136.66,4.75,0,2,5,28.28,0,229
230,2019,5,10,0758,-16.62,136.68,4.75,0,2,3,5.27,0,229
231,2019,5,10,0758,-16.64,122.92,4.75,0,2,5,19.81,0,231
232,2019,5,10,0758,-16.64,136.66,4.75,0,2,5,22.88,0,229
233,2019,5,10,0758,-16.64,136.68,4.75,0,2,3,5.98,0,229
234,2019,5,10,0758,-16.64,136.98,4.75,0,2,3,11.46,0,234
235,2019,5,10,0758,-16.68,143.44,4.75,0,1,3,7.93,0,235
236,2019,5,10,0758,-16.70,137.16,4.75,0,2,3,15.92,0,239
237,2019,5,10,0758,-16.70,137.18,4.75,0,2,3,8.58,0,239
238,2019,5,10,0758,-16.72,137.16,4.75,0,2,3,16.34,0,239
239,2019,5,10,0758,-16.72,137.18,4.75,0,2,5,21.66,0,239
240,2019,5,10,0758,-16.74,137.18,4.75,0,2,3,15.53,0,239
241,2019,5,10,0758,-17.02,137.10,4.74,0,2,1,5.44,0,241
242,2019,5,10,0758,-17.26,122.60,4.73,0,2,5,12.83,0,242
243,2019,5,10,0758,-17.26,122.62,4.73,0,2,5,7.74,0,242
244,2019,5,10,0758,-17.28,122.60,4.73,0,2,3,5.87,0,242
245,2019,5,10,0758,-17.28,122.62,4.73,0,2,3,4.29,0,242
246,2019,5,10,0758,-17.48,123.34,4.73,0,2,5,44.19,0,248
247,2019,5,10,0758,-17.48,123.36,4.73,0,2,5,25.92,0,248
248,2019,5,10,0758,-17.50,123.34,4.73,0,2,5,45.36,0,248
249,2019,5,10,0758,-17.50,123.36,4.73,0,2,5,32.37,0,248
250,2019,5,10,0758,-17.74,122.70,4.72,0,2,5,24.68,0,250
251,2019,5,10,0758,-17.84,122.62,4.72,0,2,3,12.61,0,252
252,2019,5,10,0758,-17.84,122.64,4.72,0,2,5,33.15,0,252
253,2019,5,10,0758,-17.84,122.66,4.72,0,2,3,10.85,0,252
254,2019,5,10,0758,-17.84,122.68,4.72,0,2,3,10.85,0,252
255,2019,5,10,0758,-17.84,122.70,4.72,0,2,5,13.95,0,252
256,2019,5,10,0758,-17.86,122.64,4.72,0,2,3,10.22,0,252
257,2019,5,10,0758,-17.86,122.66,4.72,0,2,3,11.61,0,252
258,2019,5,10,0758,-18.70,121.76,4.69,0,2,5,14.04,0,258
259,2019,5,10,0758,-18.70,121.78,4.69,0,2,5,7.80,0,258
260,2019,5,10,0758,-20.72,139.46,4.64,0,2,1,4.50,0,260
261,2019,5,10,0758,-22.94,146.66,4.56,0,2,3,3.62,0,261
262,2019,5,10,0758,-22.94,146.68,4.56,0,2,3,2.27,0,261
263,2019,5,10,0758,-22.96,146.68,4.56,0,2,1,2.47,0,261
264,2019,5,10,0758,-24.54,145.04,4.51,0,2,3,3.20,0,264
265,2019,5,10,0758,-24.56,145.04,4.51,0,2,3,2.85,0,264
266,2019,5,10,0758,-25.64,146.06,4.47,0,2,5,29.21,0,266
267,2019,5,10,0758,-25.64,146.08,4.47,0,2,5,10.61,0,266
268,2019,5,10,0758,-26.38,149.06,4.44,0,2,1,7.06,0,268
269,2019,5,10,0758,-27.28,114.58,4.41,0,2,3,5.14,0,270
270,2019,5,10,0758,-27.30,114.58,4.40,0,2,5,5.43,0,270
271,2019,5,10,0758,-27.30,114.60,4.40,0,2,1,3.48,0,270
272,2019,5,10,0758,-28.14,148.62,4.37,0,2,1,1.13,0,272
273,2019,5,10,0758,-28.52,148.22,4.36,0,2,3,2.00,0,274
274,2019,5,10,0758,-28.52,148.24,4.36,0,2,5,3.22,0,274
275,2019,5,10,0758,-30.08,115.08,4.29,0,2,5,239.35,0,279
276,2019,5,10,0758,-30.08,115.10,4.29,0,2,5,233.87,0,279
277,2019,5,10,0758,-30.08,115.12,4.29,0,2,5,233.86,0,279
278,2019,5,10,0758,-30.10,115.08,4.29,0,2,5,239.97,0,279
279,2019,5,10,0758,-30.10,115.10,4.29,0,2,5,268.33,0,279
280,2019,5,10,0758,-30.28,116.42,4.28,0,3,3,1.71,0,280
281,2019,5,10,0758,-30.50,116.46,4.27,0,2,3,5.14,0,291
282,2019,5,10,0758,-30.52,116.42,4.27,0,2,5,7.95,0,291
283,2019,5,10,0758,-30.52,116.44,4.27,0,2,5,60.60,0,291
284,2019,5,10,0758,-30.52,116.46,4.27,0,2,5,60.60,0,291
285,2019,5,10,0758,-30.54,116.40,4.27,0,1,5,31.28,0,291
286,2019,5,10,0758,-30.54,116.42,4.27,0,2,5,19.76,0,291
287,2019,5,10,0758,-30.54,116.44,4.27,0,2,5,126.33,0,291
288,2019,5,10,0758,-30.56,116.38,4.27,0,1,5,31.28,0,291
289,2019,5,10,0758,-30.56,116.40,4.27,0,1,5,31.28,0,291
290,2019,5,10,0758,-30.56,116.42,4.27,0,2,5,19.76,0,291
291,2019,5,10,0758,-30.56,116.44,4.27,0,2,5,126.33,0,291
292,2019,5,10,0758,-30.58,116.38,4.27,0,2,5,19.83,0,291
293,2019,5,10,0758,-30.58,116.40,4.27,0,2,5,9.86,0,291
294,2019,5,10,0758,-30.60,116.64,4.27,0,1,3,6.11,0,295
295,2019,5,10,0758,-30.62,116.64,4.27,0,1,3,6.11,0,295
296,2019,5,10,0758,-31.04,116.80,4.25,0,2,5,4.12,0,297
297,2019,5,10,0758,-31.06,116.80,4.25,0,2,5,39.78,0,297
298,2019,5,10,0758,-31.06,116.82,4.25,0,2,5,7.86,0,297
299,2019,5,10,0758,-31.12,116.14,4.24,0,2,5,11.27,0,299
300,2019,5,10,0758,-31.12,116.60,4.24,0,2,3,8.47,0,300
301,2019,5,10,0758,-31.14,116.12,4.24,0,2,3,6.31,0,299
302,2019,5,10,0758,-31.14,116.14,4.24,0,2,3,6.31,0,299
303,2019,5,10,0758,-31.40,116.30,4.23,0,2,5,211.55,0,309
304,2019,5,10,0758,-31.40,116.32,4.23,0,2,5,85.91,0,309
305,2019,5,10,0758,-31.42,116.28,4.23,0,2,5,211.56,0,309
306,2019,5,10,0758,-31.42,116.30,4.23,0,2,5,211.56,0,309
307,2019,5,10,0758,-31.42,116.32,4.23,0,2,5,85.91,0,309
308,2019,5,10,0758,-31.44,116.26,4.23,0,2,5,100.99,0,309
309,2019,5,10,0758,-31.44,116.28,4.23,0,2,5,367.74,0,309
310,2019,5,10,0758,-31.44,116.30,4.23,0,2,5,163.31,0,309
311,2019,5,10,0758,-31.44,116.32,4.23,0,2,5,163.30,0,309
312,2019,5,10,0758,-31.46,116.24,4.23,0,2,5,41.29,0,309
313,2019,5,10,0758,-31.46,116.26,4.23,0,2,5,41.29,0,309
314,2019,5,10,0758,-31.46,116.28,4.23,0,2,1,112.92,0,309
315,2019,5,10,0758,-31.46,116.30,4.23,0,2,1,52.00,0,309
316,2019,5,10,0758,-31.48,116.24,4.23,0,2,5,21.48,0,309
317,2019,5,10,0758,-31.48,116.26,4.23,0,2,3,23.87,0,309
318,2019,5,10,0758,-31.48,116.28,4.23,0,2,3,23.87,0,309
319,2019,5,10,0758,-31.50,116.22,4.23,0,2,3,18.21,0,309
320,2019,5,10,0758,-31.50,116.24,4.23,0,2,5,37.37,0,309
321,2019,5,10,0758,-31.50,116.26,4.23,0,2,5,15.56,0,309
322,2019,5,10,0758,-31.50,117.28,4.23,0,2,5,2.95,0,324
323,2019,5,10,0758,-31.52,116.20,4.23,0,1,3,48.96,0,323
324,2019,5,10,0758,-31.52,117.26,4.23,0,2,5,2.95,0,324
325,2019,5,10,0758,-31.52,117.28,4.23,0,2,5,2.95,0,324
326,2019,5,10,0758,-31.54,116.90,4.22,0,2,3,2.35,0,327
327,2019,5,10,0758,-31.56,116.88,4.22,0,2,3,2.35,0,327
328,2019,5,10,0758,-31.56,116.90,4.22,0,2,3,2.35,0,327
329,2019,5,10,0758,-31.56,118.60,4.22,0,3,3,1.51,0,330
330,2019,5,10,0758,-31.58,118.58,4.22,0,3,3,1.51,0,330
331,2019,5,10,0758,-31.58,118.60,4.22,0,3,3,1.51,0,330
332,2019,5,10,0758,-31.74,117.22,4.22,0,2,3,7.33,0,338
333,2019,5,10,0758,-31.76,117.20,4.21,0,2,5,6.57,0,338
334,2019,5,10,0758,-31.76,117.22,4.21,0,2,5,9.09,0,338
335,2019,5,10,0758,-31.76,117.62,4.21,0,2,3,1.90,0,335
336,2019,5,10,0758,-31.78,117.18,4.21,0,2,5,6.57,0,338
337,2019,5,10,0758,-31.78,117.20,4.21,0,2,5,6.57,0,338
338,2019,5,10,0758,-31.78,117.22,4.21,0,2,5,9.09,0,338
339,2019,5,10,0758,-31.78,118.06,4.21,0,1,3,8.28,0,339
340,2019,5,10,0758,-31.78,118.08,4.21,0,1,3,8.28,0,339
341,2019,5,10,0758,-31.90,116.68,4.21,0,2,5,4.19,0,342
342,2019,5,10,0758,-31.92,116.68,4.21,0,2,5,4.19,0,342
343,2019,5,10,0758,-32.06,116.86,4.20,0,2,1,2.66,0,343
344,2019,5,10,0758,-32.14,117.40,4.20,0,2,5,8.98,0,344
345,2019,5,10,0758,-32.14,117.42,4.20,0,2,3,2.59,0,344
346,2019,5,10,0758,-32.18,116.74,4.20,0,1,5,16.76,0,347
347,2019,5,10,0758,-32.20,116.74,4.19,0,1,5,16.76,0,347
348,2019,5,10,0758,-32.20,117.12,4.19,0,2,5,14.01,0,348
349,2019,5,10,0758,-32.20,117.14,4.19,0,2,5,14.01,0,348
350,2019,5,10,0758,-32.20,117.16,4.19,0,2,5,6.56,0,348
351,2019,5,10,0758,-32.20,117.54,4.19,0,2,3,4.99,0,351
352,2019,5,10,0758,-32.20,117.56,4.19,0,2,3,4.99,0,351
353,2019,5,10,0758,-32.22,116.70,4.19,0,2,3,6.13,0,353
354,2019,5,10,0758,-32.22,116.72,4.19,0,2,5,5.38,0,353
355,2019,5,10,0758,-32.22,117.12,4.19,0,2,5,5.25,0,348
356,2019,5,10,0758,-32.22,117.14,4.19,0,2,3,3.29,0,348
357,2019,5,10,0758,-32.22,117.16,4.19,0,2,3,3.29,0,348
358,2019,5,10,0758,-32.30,117.50,4.19,0,2,3,6.64,0,358
359,2019,5,10,0758,-32.30,117.60,4.19,0,2,5,5.47,0,359
360,2019,5,10,0758,-32.32,117.48,4.19,0,2,3,3.55,0,358
361,2019,5,10,0758,-32.32,117.50,4.19,0,2,3,3.55,0,358
362,2019,5,10,0758,-32.44,119.16,4.18,0,2,5,3.80,0,362
363,2019,5,10,0758,-32.44,119.18,4.18,0,2,5,3.80,0,362
364,2019,5,10,0758,-32.48,117.16,4.18,0,2,5,6.13,0,364
365,2019,5,10,0758,-32.50,117.16,4.18,0,2,1,2.69,0,364
366,2019,5,10,0758,-32.50,117.56,4.18,0,2,5,8.99,0,366
367,2019,5,10,0758,-32.50,117.58,4.18,0,2,5,5.46,0,366
368,2019,5,10,0758,-32.52,117.34,4.18,0,2,5,5.15,0,368
369,2019,5,10,0758,-32.52,117.36,4.18,0,2,5,5.15,0,368
370,2019,5,10,0758,-32.52,117.38,4.18,0,3,5,3.52,0,368
371,2019,5,10,0758,-32.52,117.54,4.18,0,2,5,7.47,0,371
372,2019,5,10,0758,-32.54,116.86,4.18,0,2,3,4.23,0,372
373,2019,5,10,0758,-32.54,116.88,4.18,0,2,3,4.23,0,372
374,2019,5,10,0758,-32.54,116.90,4.18,0,3,3,2.63,0,372
375,2019,5,10,0758,-32.56,117.64,4.18,0,2,3,2.80,0,375
376,2019,5,10,0758,-32.64,116.46,4.17,0,2,3,8.36,0,381
377,2019,5,10,0758,-32.64,116.48,4.17,0,2,5,4.73,0,381
378,2019,5,10,0758,-32.64,116.50,4.17,0,2,5,4.73,0,381
379,2019,5,10,0758,-32.64,116.84,4.17,0,2,5,13.01,0,379
380,2019,5,10,0758,-32.64,116.86,4.17,0,2,5,12.74,0,379
381,2019,5,10,0758,-32.66,116.46,4.17,0,2,3,8.36,0,381
382,2019,5,10,0758,-32.66,116.48,4.17,0,2,5,4.73,0,381
383,2019,5,10,0758,-32.66,117.90,4.17,0,2,5,4.10,0,383
384,2019,5,10,0758,-32.70,116.24,4.17,0,2,5,17.07,0,385
385,2019,5,10,0758,-32.72,116.24,4.17,0,2,5,17.07,0,385
386,2019,5,10,0758,-32.74,116.22,4.17,0,2,1,11.44,0,385
387,2019,5,10,0758,-32.74,116.24,4.17,0,2,1,11.44,0,385
388,2019,5,10,0758,-32.76,116.24,4.17,0,2,1,16.17,0,385
389,2019,5,10,0758,-32.76,116.26,4.17,0,2,1,16.17,0,385
390,2019,5,10,0758,-32.78,117.34,4.17,0,2,5,63.43,0,394
391,2019,5,10,0758,-32.78,117.36,4.17,0,2,5,88.45,0,394
392,2019,5,10,0758,-32.78,117.38,4.17,0,2,5,88.45,0,394
393,2019,5,10,0758,-32.80,117.34,4.17,0,2,5,85.02,0,394
394,2019,5,10,0758,-32.80,117.36,4.17,0,2,5,121.81,0,394
395,2019,5,10,0758,-32.90,116.80,4.16,0,2,3,2.61,0,395
396,2019,5,10,0758,-32.98,117.50,4.16,0,2,5,10.47,0,396
397,2019,5,10,0758,-33.00,117.48,4.16,0,2,3,6.22,0,396
398,2019,5,10,0758,-33.00,117.50,4.16,0,3,5,5.34,0,396
399,2019,5,10,0758,-33.00,137.58,4.16,0,2,1,1.98,0,399
400,2019,5,10,0758,-33.02,116.62,4.16,0,2,3,4.83,0,400
401,2019,5,10,0758,-33.02,117.46,4.16,0,2,3,6.22,0,396
402,2019,5,10,0758,-33.02,117.48,4.16,0,3,5,5.34,0,396
403,2019,5,10,0758,-33.02,117.50,4.16,0,3,5,5.34,0,396
404,2019,5,10,0758,-33.18,117.42,4.15,0,2,5,20.99,0,407
405,2019,5,10,0758,-33.18,117.44,4.15,0,2,5,18.78,0,407
406,2019,5,10,0758,-33.20,117.40,4.15,0,2,5,20.34,0,407
407,2019,5,10,0758,-33.20,117.42,4.15,0,2,5,29.47,0,407
408,2019,5,10,0758,-33.20,117.44,4.15,0,2,5,29.47,0,407
409,2019,5,10,0758,-33.34,116.42,4.14,0,2,5,13.15,0,409
410,2019,5,10,0758,-33.34,116.44,4.14,0,2,5,13.15,0,409
411,2019,5,10,0758,-33.34,116.46,4.14,0,2,5,6.85,0,409
412,2019,5,10,0758,-33.36,116.42,4.14,0,2,5,4.94,0,409
413,2019,5,10,0758,-33.36,116.44,4.14,0,2,5,4.44,0,409
414,2019,5,10,0758,-33.38,116.42,4.14,0,2,5,4.94,0,409
415,2019,5,10,0758,-33.38,116.44,4.14,0,2,5,4.44,0,409
416,2019,5,10,0758,-33.42,115.76,4.14,0,3,3,1.45,0,416
417,2019,5,10,0758,-33.52,117.66,4.13,0,1,5,17.33,0,419
418,2019,5,10,0758,-33.52,117.68,4.13,0,3,3,2.06,0,419
419,2019,5,10,0758,-33.54,117.64,4.13,0,1,5,17.33,0,419
420,2019,5,10,0758,-33.54,117.66,4.13,0,3,3,2.06,0,419
421,2019,5,10,0758,-33.54,117.68,4.13,0,3,3,2.06,0,419
422,2019,5,10,0758,-33.64,121.60,4.13,0,2,5,4.63,0,423
423,2019,5,10,0758,-33.64,121.62,4.13,0,2,5,6.28,0,423
424,2019,5,10,0758,-33.66,115.96,4.13,0,2,3,8.04,0,427
425,2019,5,10,0758,-33.66,115.98,4.13,0,2,5,11.67,0,427
426,2019,5,10,0758,-33.66,121.62,4.13,0,3,3,1.35,0,423
427,2019,5,10,0758,-33.68,115.96,4.12,0,2,5,56.80,0,427
428,2019,5,10,0758,-33.68,115.98,4.12,0,2,5,41.10,0,427
429,2019,5,10,0758,-33.70,122.04,4.12,0,2,1,1.86,0,429
430,2019,5,10,0758,-33.70,122.20,4.12,0,3,3,1.32,0,432
431,2019,5,10,0758,-33.72,115.92,4.12,0,2,5,15.84,0,431
432,2019,5,10,0758,-33.72,122.20,4.12,0,3,3,1.32,0,432
433,2019,5,10,0758,-33.74,115.90,4.12,0,2,5,17.27,0,434
434,2019,5,10,0758,-33.76,115.88,4.12,0,1,3,32.90,0,434
435,2019,5,10,0758,-33.76,115.90,4.12,0,2,1,26.26,0,434
436,2019,5,10,0758,-33.76,115.92,4.12,0,2,5,12.92,0,434
437,2019,5,10,0758,-33.78,115.88,4.12,0,2,1,13.65,0,434
438,2019,5,10,0758,-33.78,115.90,4.12,0,2,1,13.65,0,434
439,2019,5,10,0758,-33.78,115.92,4.12,0,2,3,9.18,0,434
440,2019,5,10,0758,-33.80,118.00,4.12,0,2,1,1.82,0,440
441,2019,5,10,0758,-33.82,117.98,4.12,0,2,5,3.95,0,447
442,2019,5,10,0758,-33.82,120.74,4.12,0,2,5,94.87,0,442
443,2019,5,10,0758,-33.82,122.30,4.12,0,3,3,2.31,0,451
444,2019,5,10,0758,-33.84,117.34,4.12,0,2,3,2.36,0,444
445,2019,5,10,0758,-33.84,117.36,4.12,0,3,3,1.39,0,444
446,2019,5,10,0758,-33.84,117.38,4.12,0,3,3,1.39,0,444
447,2019,5,10,0758,-33.84,117.98,4.12,0,2,5,3.95,0,447
448,2019,5,10,0758,-33.84,122.28,4.12,0,3,3,2.31,0,451
449,2019,5,10,0758,-33.84,122.30,4.12,0,2,5,28.12,0,451
450,2019,5,10,0758,-33.84,122.32,4.12,0,2,5,21.95,0,451
451,2019,5,10,0758,-33.86,122.28,4.12,0,2,5,28.12,0,451
452,2019,5,10,0758,-33.86,122.30,4.12,0,2,5,21.95,0,451
453,2019,5,10,0758,-33.86,122.32,4.12,0,2,5,21.95,0,451
454,2019,5,10,0758,-33.88,122.28,4.12,0,2,5,21.42,0,451
455,2019,5,10,0758,-33.88,122.30,4.12,0,2,5,15.38,0,451
456,2019,5,10,0758,-33.96,116.56,4.11,0,2,5,8.71,0,465
457,2019,5,10,0758,-33.96,116.58,4.11,0,2,5,8.71,0,465
458,2019,5,10,0758,-33.96,116.60,4.11,0,3,5,6.49,0,465
459,2019,5,10,0758,-33.98,116.56,4.11,0,2,5,8.71,0,465
460,2019,5,10,0758,-33.98,116.58,4.11,0,2,5,14.67,0,465
461,2019,5,10,0758,-33.98,116.60,4.11,0,2,5,14.67,0,465
462,2019,5,10,0758,-33.98,117.22,4.11,0,3,3,1.84,0,463
463,2019,5,10,0758,-33.98,117.24,4.11,0,2,3,1.97,0,463
464,2019,5,10,0758,-33.98,117.26,4.11,0,2,3,1.97,0,463
465,2019,5,10,0758,-34.00,116.56,4.11,0,2,5,23.98,0,465
466,2019,5,10,0758,-34.00,116.58,4.11,0,2,5,14.67,0,465
467,2019,5,10,0758,-34.06,117.02,4.11,0,1,5,15.35,0,469
468,2019,5,10,0758,-34.06,117.04,4.11,0,3,3,1.47,0,469
469,2019,5,10,0758,-34.08,117.00,4.11,0,1,5,15.35,0,469
470,2019,5,10,0758,-34.08,117.02,4.11,0,1,5,15.35,0,469
471,2019,5,10,0758,-34.08,117.04,4.11,0,3,3,1.47,0,469
472,2019,5,10,0758,-34.12,117.48,4.10,0,2,3,2.48,0,472
473,2019,5,10,0758,-34.14,116.80,4.10,0,2,5,71.57,0,476
474,2019,5,10,0758,-34.14,116.82,4.10,0,2,5,104.06,0,474
475,2019,5,10,0758,-34.16,116.78,4.10,0,2,5,71.57,0,476
476,2019,5,10,0758,-34.16,116.80,4.10,0,2,5,101.95,0,476
477,2019,5,10,0758,-34.18,116.78,4.10,0,2,5,38.15,0,476
478,2019,5,10,0758,-34.18,116.80,4.10,0,2,5,53.90,0,476
479,2019,5,10,0758,-34.32,116.38,4.09,0,3,3,1.50,0,479
480,2019,5,10,0758,-34.32,116.40,4.09,0,3,3,1.50,0,479
481,2019,5,10,0758,-34.48,140.58,4.09,0,2,3,1.34,0,481
482,2019,5,10,0758,-34.48,140.60,4.09,0,2,3,1.13,0,481
483,2019,5,10,0758,-34.56,118.54,4.08,0,2,5,5.48,0,486
484,2019,5,10,0758,-34.58,118.54,4.08,0,2,5,120.22,0,486
485,2019,5,10,0758,-34.58,118.56,4.08,0,2,5,33.87,0,486
486,2019,5,10,0758,-34.60,118.52,4.08,0,2,5,120.23,0,486
487,2019,5,10,0758,-34.60,118.54,4.08,0,2,5,44.05,0,486
488,2019,5,10,0758,-34.60,118.56,4.08,0,2,5,15.60,0,486
489,2019,5,10,0758,-34.62,118.52,4.08,0,2,5,44.11,0,486
490,2019,5,10,0758,-34.62,118.54,4.08,0,2,5,15.60,0,486
491,2019,5,10,0758,-34.62,118.56,4.08,0,2,5,15.60,0,486
492,2019,5,10,0758,-34.78,117.66,4.07,0,2,3,1.52,0,492
493,2019,5,10,0758,-37.20,174.68,3.95,0,2,1,2.51,0,493
494,2019,5,10,0758,-37.20,174.70,3.95,0,2,3,2.51,0,493
495,2019,5,10,0758,-37.22,174.70,3.95,0,2,1,2.51,0,493
496,2019,5,10,0758,-37.22,174.72,3.95,0,2,1,2.51,0,493
497,2019,5,10,0758,-45.02,170.78,3.50,0,2,3,2.62,0,497
498,2019,5,10,0758,-45.04,170.80,3.50,0,2,3,2.88,0,498
