# 2019  8 15  4  0 UTC  2020  3 21 20 37 UTC
# ID,Year,Month,Day,Time(UTC),Lat,Lon,Area(km^2),Volcano,Level,Reliability,FRP(Wm^-2),QF,Hot(ID)
1,2019,8,15,0402,60.00,142.46,2.48,0,3,1,2.06,0,3
2,2019,8,15,0402,60.00,142.48,2.48,0,3,3,2.06,0,3
3,2019,8,15,0402,60.00,142.50,2.48,0,3,1,3.07,0,3
4,2019,8,15,0402,60.00,142.52,2.48,0,3,1,3.07,0,3
5,2019,8,15,0402,60.00,148.54,2.48,0,3,3,2.03,0,6
6,2019,8,15,0402,60.00,148.56,2.48,0,3,1,2.03,0,6
7,2019,8,15,0402,60.00,148.66,2.48,0,3,3,2.47,0,7
8,2019,8,15,0402,60.00,148.68,2.48,0,3,3,2.47,0,7
9,2019,8,15,0402,55.24,160.24,2.83,0,3,3,1.78,0,9
10,2019,8,15,0402,54.16,118.10,2.90,0,2,3,2.83,0,12
11,2019,8,15,0402,54.16,118.12,2.90,0,2,3,2.83,0,12
12,2019,8,15,0402,54.14,118.10,2.90,0,2,3,2.83,0,12
13,2019,8,15,0402,54.14,118.12,2.90,0,2,3,2.83,0,12
14,2019,8,15,0402,53.50,126.50,2.95,0,3,3,2.36,2,16
15,2019,8,15,0402,53.50,126.52,2.95,0,3,3,2.36,2,16
16,2019,8,15,0402,53.50,126.54,2.95,0,3,3,2.44,2,16
17,2019,8,15,0402,53.48,126.50,2.95,0,3,3,2.36,2,16
18,2019,8,15,0402,53.48,126.52,2.95,0,3,3,2.36,2,16
19,2019,8,15,0402,53.48,126.54,2.95,0,3,3,2.44,2,16
20,2019,8,15,0402,53.48,126.56,2.95,0,3,3,2.44,2,16
21,2019,8,15,0402,53.26,116.64,2.96,0,3,1,2.18,0,23
22,2019,8,15,0402,53.26,116.66,2.96,0,3,1,2.18,0,23
23,2019,8,15,0402,53.24,116.66,2.97,0,3,1,2.18,0,23
24,2019,8,15,0402,53.24,116.68,2.97,0,3,1,2.18,0,23
25,2019,8,15,0402,53.02,122.46,2.98,0,3,1,2.46,0,27
26,2019,8,15,0402,53.02,122.48,2.98,0,3,1,2.46,0,27
27,2019,8,15,0402,53.00,122.48,2.98,0,3,1,2.46,0,27
28,2019,8,15,0402,53.00,122.50,2.98,0,3,1,2.46,0,27
29,2019,8,15,0402,50.36,117.88,3.16,0,3,1,2.76,0,29
30,2019,8,15,0402,49.76,124.58,3.20,0,3,3,2.12,0,32
31,2019,8,15,0402,49.76,124.60,3.20,0,3,3,2.12,0,32
32,2019,8,15,0402,49.74,124.58,3.20,0,3,3,2.12,0,32
33,2019,8,15,0402,49.74,124.60,3.20,0,3,3,2.12,0,32
34,2019,8,15,0402,49.20,125.22,3.24,0,3,3,2.86,0,34
35,2019,8,15,0402,49.20,125.24,3.24,0,3,3,2.86,0,34
36,2019,8,15,0402,49.18,125.20,3.24,0,3,3,2.04,0,34
37,2019,8,15,0402,49.18,125.22,3.24,0,3,3,2.76,0,34
38,2019,8,15,0402,49.18,125.24,3.24,0,3,3,2.76,0,34
39,2019,8,15,0402,49.16,125.20,3.24,0,3,3,2.04,0,34
40,2019,8,15,0402,49.16,125.22,3.24,0,3,3,2.04,0,34
41,2019,8,15,0402,49.16,125.24,3.24,0,3,3,2.76,0,34
42,2019,8,15,0402,48.50,124.88,3.28,0,3,3,2.50,0,43
43,2019,8,15,0402,48.48,124.88,3.29,0,3,3,2.50,0,43
44,2019,8,15,0402,48.20,124.60,3.30,0,3,3,2.07,0,44
45,2019,8,15,0402,48.20,124.62,3.30,0,3,3,2.07,0,44
46,2019,8,15,0402,48.12,123.44,3.31,0,3,3,1.69,0,46
47,2019,8,15,0402,48.00,122.72,3.32,0,3,1,2.38,0,52
48,2019,8,15,0402,48.00,122.74,3.32,0,3,1,2.48,0,52
49,2019,8,15,0402,48.00,122.76,3.32,0,3,1,2.48,0,52
50,2019,8,15,0402,47.98,122.72,3.32,0,3,1,2.38,0,52
51,2019,8,15,0402,47.98,122.74,3.32,0,3,1,2.38,0,52
52,2019,8,15,0402,47.98,122.76,3.32,0,3,1,2.48,0,52
53,2019,8,15,0402,47.92,123.48,3.32,0,3,3,2.58,0,53
54,2019,8,15,0402,47.92,125.28,3.32,0,3,3,2.63,0,55
55,2019,8,15,0402,47.90,125.28,3.32,0,3,3,2.63,0,55
56,2019,8,15,0402,47.90,125.30,3.32,0,3,3,2.63,0,55
57,2019,8,15,0402,47.52,122.84,3.35,0,3,3,2.12,0,59
58,2019,8,15,0402,47.52,122.86,3.35,0,3,3,2.12,0,59
59,2019,8,15,0402,47.52,122.88,3.35,0,3,3,2.29,0,59
60,2019,8,15,0402,47.50,122.90,3.35,0,3,3,2.39,0,60
61,2019,8,15,0402,47.34,123.12,3.36,0,3,3,1.78,0,63
62,2019,8,15,0402,47.34,123.14,3.36,0,3,3,1.78,0,63
63,2019,8,15,0402,47.34,123.16,3.36,0,3,1,3.80,0,63
64,2019,8,15,0402,47.34,123.18,3.36,0,3,3,2.69,0,63
65,2019,8,15,0402,47.34,123.20,3.36,0,3,3,2.69,0,63
66,2019,8,15,0402,47.22,123.60,3.37,0,3,3,3.11,0,66
67,2019,8,15,0402,46.74,122.88,3.40,0,3,3,2.41,2,73
68,2019,8,15,0402,46.74,122.90,3.40,0,3,3,2.41,2,73
69,2019,8,15,0402,46.72,122.86,3.40,0,3,3,1.76,0,73
70,2019,8,15,0402,46.72,122.90,3.40,0,3,3,2.41,2,73
71,2019,8,15,0402,46.70,122.86,3.40,0,3,3,1.76,0,73
72,2019,8,15,0402,46.70,122.88,3.40,0,3,3,1.76,0,73
73,2019,8,15,0402,46.70,122.90,3.40,0,3,3,2.46,0,73
74,2019,8,15,0402,46.12,122.00,3.44,0,3,3,1.96,0,84
75,2019,8,15,0402,46.12,122.02,3.44,0,3,3,1.96,0,84
76,2019,8,15,0402,46.10,122.02,3.44,0,3,3,1.96,0,84
77,2019,8,15,0402,46.08,121.96,3.44,0,3,3,1.76,0,78
78,2019,8,15,0402,46.08,121.98,3.44,0,3,3,1.76,0,78
79,2019,8,15,0402,46.08,122.02,3.44,0,3,3,2.21,0,84
80,2019,8,15,0402,46.08,122.04,3.44,0,3,1,3.14,0,84
81,2019,8,15,0402,46.08,122.06,3.44,0,3,1,3.14,0,84
82,2019,8,15,0402,46.06,122.02,3.44,0,3,3,2.21,0,84
83,2019,8,15,0402,46.06,122.04,3.44,0,3,3,2.21,0,84
84,2019,8,15,0402,46.06,122.06,3.44,0,3,1,3.14,0,84
85,2019,8,15,0402,41.62,120.42,3.71,0,3,3,2.12,0,92
86,2019,8,15,0402,41.62,120.44,3.71,0,3,3,1.85,0,92
87,2019,8,15,0402,41.60,120.40,3.71,0,3,3,2.76,0,92
88,2019,8,15,0402,41.60,120.42,3.71,0,3,3,2.12,0,92
89,2019,8,15,0402,41.60,120.44,3.71,0,3,3,1.75,0,92
90,2019,8,15,0402,41.60,120.46,3.71,0,3,3,1.75,0,92
91,2019,8,15,0402,41.58,120.40,3.71,0,3,3,2.76,0,92
92,2019,8,15,0402,41.58,120.42,3.71,0,3,1,3.57,0,92
93,2019,8,15,0402,41.58,120.44,3.71,0,3,1,3.57,0,92
94,2019,8,15,0402,41.58,120.46,3.71,0,3,3,1.98,0,92
95,2019,8,15,0402,41.56,120.38,3.71,0,3,3,1.59,0,92
96,2019,8,15,0402,41.56,120.40,3.71,0,3,5,3.00,0,92
97,2019,8,15,0402,41.56,120.42,3.71,0,3,5,3.00,0,92
98,2019,8,15,0402,41.56,120.44,3.71,0,3,3,2.18,0,92
99,2019,8,15,0402,41.54,120.36,3.71,0,2,3,2.05,0,99
100,2019,8,15,0402,41.52,120.36,3.71,0,2,3,2.05,0,99
101,2019,8,15,0402,41.52,120.38,3.71,0,2,3,2.05,0,99
102,2019,8,15,0402,41.44,119.62,3.72,0,3,3,2.37,0,102
103,2019,8,15,0402,41.44,119.64,3.72,0,3,3,2.37,0,102
104,2019,8,15,0402,41.42,119.64,3.72,0,3,3,2.37,0,102
105,2019,8,15,0402,41.28,119.38,3.72,0,2,1,3.16,0,105
106,2019,8,15,0402,41.28,119.40,3.72,0,2,1,3.16,0,105
107,2019,8,15,0402,41.26,119.40,3.73,0,2,1,3.16,0,105
108,2019,8,15,0402,41.24,119.40,3.73,0,3,3,2.18,0,105
109,2019,8,15,0402,41.14,121.10,3.73,0,2,3,3.17,0,109
110,2019,8,15,0402,41.14,121.12,3.73,0,2,3,3.17,0,109
111,2019,8,15,0402,41.14,121.14,3.73,0,3,1,2.58,0,109
112,2019,8,15,0402,41.12,121.12,3.73,0,2,3,3.17,0,109
113,2019,8,15,0402,41.12,121.14,3.73,0,3,1,2.58,0,109
114,2019,8,15,0402,41.10,121.10,3.74,0,2,1,2.05,0,109
115,2019,8,15,0402,41.10,121.12,3.74,0,2,1,2.99,0,109
116,2019,8,15,0402,41.04,118.66,3.74,0,3,3,1.73,0,120
117,2019,8,15,0402,41.02,118.66,3.74,0,3,3,1.73,0,120
118,2019,8,15,0402,41.02,118.68,3.74,0,3,3,2.09,0,120
119,2019,8,15,0402,41.02,118.70,3.74,0,3,3,2.09,0,120
120,2019,8,15,0402,41.00,118.66,3.74,0,3,3,2.21,0,120
121,2019,8,15,0402,41.00,118.68,3.74,0,3,3,2.21,0,120
122,2019,8,15,0402,40.96,117.68,3.74,0,2,1,2.37,0,122
123,2019,8,15,0402,40.96,117.70,3.74,0,2,1,2.37,0,122
124,2019,8,15,0402,40.80,119.78,3.75,0,3,3,2.04,0,124
125,2019,8,15,0402,40.80,119.80,3.75,0,3,3,2.04,0,124
126,2019,8,15,0402,40.58,140.46,3.76,0,2,1,6.61,0,126
127,2019,8,15,0402,40.34,120.30,3.78,0,3,3,2.75,0,127
128,2019,8,15,0402,40.34,120.32,3.78,0,3,3,2.75,0,127
129,2019,8,15,0402,40.32,120.32,3.78,0,3,1,1.71,0,127
130,2019,8,15,0402,40.30,120.32,3.78,0,3,1,1.71,0,127
131,2019,8,15,0402,40.30,120.34,3.78,0,3,1,1.71,0,127
132,2019,8,15,0402,40.30,140.56,3.78,0,2,1,4.78,0,134
133,2019,8,15,0402,40.28,140.56,3.78,0,2,1,4.78,0,134
134,2019,8,15,0402,40.26,140.56,3.78,0,2,1,5.13,0,134
135,2019,8,15,0402,40.20,117.94,3.79,0,3,3,2.66,0,137
136,2019,8,15,0402,40.20,117.96,3.79,0,3,3,2.66,0,137
137,2019,8,15,0402,40.18,117.96,3.79,0,3,1,3.29,0,137
138,2019,8,15,0402,40.00,118.70,3.80,0,3,3,3.68,0,138
139,2019,8,15,0402,40.00,118.72,3.80,0,3,3,3.68,0,138
140,2019,8,15,0402,39.96,119.56,3.80,0,3,3,2.37,0,141
141,2019,8,15,0402,39.96,119.58,3.80,0,3,3,2.48,0,141
142,2019,8,15,0402,39.96,119.60,3.80,0,3,3,2.48,0,141
143,2019,8,15,0402,39.94,119.56,3.80,0,3,3,2.27,0,141
144,2019,8,15,0402,39.94,119.58,3.80,0,3,3,2.27,0,141
145,2019,8,15,0402,39.92,119.58,3.80,0,3,1,2.27,0,141
146,2019,8,15,0402,39.72,140.10,3.81,0,2,1,4.95,0,146
147,2019,8,15,0402,39.40,140.04,3.83,0,3,1,4.73,0,147
148,2019,8,15,0402,39.38,140.04,3.83,0,3,1,4.73,0,147
149,2019,8,15,0402,39.12,116.02,3.85,0,3,1,3.32,0,149
150,2019,8,15,0402,39.12,116.04,3.85,0,3,1,3.32,0,149
151,2019,8,15,0402,39.10,116.04,3.85,0,3,1,3.32,0,149
152,2019,8,15,0402,39.10,116.70,3.85,0,2,1,4.41,0,157
153,2019,8,15,0402,39.10,116.72,3.85,0,3,3,3.75,0,157
154,2019,8,15,0402,39.10,116.74,3.85,0,3,1,3.75,0,157
155,2019,8,15,0402,39.08,116.70,3.85,0,3,1,4.86,0,157
156,2019,8,15,0402,39.08,116.72,3.85,0,3,1,4.86,0,157
157,2019,8,15,0402,39.08,116.74,3.85,0,2,3,5.82,0,157
158,2019,8,15,0402,38.72,116.08,3.87,0,3,1,2.92,0,158
159,2019,8,15,0402,38.72,116.10,3.87,0,3,1,2.92,0,158
160,2019,8,15,0402,38.72,139.82,3.87,0,3,1,5.70,0,160
161,2019,8,15,0402,38.70,116.10,3.87,0,3,1,2.92,0,158
162,2019,8,15,0402,38.68,116.08,3.87,0,3,3,2.26,0,162
163,2019,8,15,0402,38.60,140.94,3.87,0,1,1,16.45,0,163
164,2019,8,15,0402,38.60,140.96,3.87,0,1,1,16.45,0,163
165,2019,8,15,0402,38.52,114.96,3.88,0,2,1,2.02,0,165
166,2019,8,15,0402,38.52,114.98,3.88,0,2,1,2.02,0,165
167,2019,8,15,0402,38.46,116.06,3.88,0,3,1,2.84,0,167
168,2019,8,15,0402,38.44,116.06,3.88,0,3,1,2.84,0,167
169,2019,8,15,0402,38.44,116.08,3.88,0,3,1,2.84,0,167
170,2019,8,15,0402,38.42,112.72,3.88,0,3,1,3.83,0,170
171,2019,8,15,0402,38.36,117.32,3.89,0,3,1,2.79,0,171
172,2019,8,15,0402,38.34,116.82,3.89,0,2,1,3.35,0,179
173,2019,8,15,0402,38.34,116.84,3.89,0,3,1,3.16,0,179
174,2019,8,15,0402,38.32,116.82,3.89,0,2,3,3.35,0,179
175,2019,8,15,0402,38.32,116.84,3.89,0,2,3,3.35,0,179
176,2019,8,15,0402,38.32,116.86,3.89,0,3,1,3.16,0,179
177,2019,8,15,0402,38.32,116.88,3.89,0,3,3,2.75,0,179
178,2019,8,15,0402,38.30,116.84,3.89,0,2,1,5.10,0,179
179,2019,8,15,0402,38.30,116.86,3.89,0,2,1,5.76,0,179
180,2019,8,15,0402,38.30,116.88,3.89,0,3,3,3.05,0,179
181,2019,8,15,0402,38.30,116.90,3.89,0,3,3,3.05,0,179
182,2019,8,15,0402,38.24,115.50,3.89,0,3,1,2.85,0,182
183,2019,8,15,0402,38.18,116.12,3.90,0,3,1,2.38,0,183
184,2019,8,15,0402,38.08,116.54,3.90,0,3,1,4.01,0,185
185,2019,8,15,0402,38.08,116.56,3.90,0,3,1,4.01,0,185
186,2019,8,15,0402,38.08,116.58,3.90,0,3,1,4.01,0,185
187,2019,8,15,0402,38.08,116.60,3.90,0,3,1,2.56,0,185
188,2019,8,15,0402,37.94,115.20,3.91,0,3,1,2.58,0,190
189,2019,8,15,0402,37.94,115.22,3.91,0,3,1,2.82,0,190
190,2019,8,15,0402,37.92,115.20,3.91,0,3,1,4.21,0,190
191,2019,8,15,0402,37.92,115.22,3.91,0,3,1,2.96,0,190
192,2019,8,15,0402,37.92,115.24,3.91,0,3,1,2.96,0,190
193,2019,8,15,0402,37.90,115.24,3.91,0,3,1,2.96,0,190
194,2019,8,15,0402,37.78,117.36,3.92,0,3,1,2.06,0,194
195,2019,8,15,0402,37.76,115.66,3.92,0,2,1,2.33,0,199
196,2019,8,15,0402,37.76,115.68,3.92,0,3,1,2.77,0,199
197,2019,8,15,0402,37.74,115.62,3.92,0,3,1,2.26,0,199
198,2019,8,15,0402,37.74,115.64,3.92,0,3,3,2.26,0,199
199,2019,8,15,0402,37.74,115.66,3.92,0,2,1,3.78,0,199
200,2019,8,15,0402,37.74,115.68,3.92,0,3,1,3.56,0,199
201,2019,8,15,0402,37.74,117.18,3.92,0,3,1,3.77,0,201
202,2019,8,15,0402,37.74,117.20,3.92,0,3,1,3.77,0,201
203,2019,8,15,0402,37.74,117.22,3.92,0,3,1,2.93,0,201
204,2019,8,15,0402,37.72,115.68,3.92,0,3,1,3.56,0,199
205,2019,8,15,0402,37.72,115.70,3.92,0,3,1,3.56,0,199
206,2019,8,15,0402,37.72,117.20,3.92,0,3,1,3.77,0,201
207,2019,8,15,0402,37.72,117.22,3.92,0,3,3,2.93,0,201
208,2019,8,15,0402,37.66,116.76,3.92,0,3,1,3.61,0,209
209,2019,8,15,0402,37.66,116.78,3.92,0,3,1,3.98,0,209
210,2019,8,15,0402,37.66,116.80,3.92,0,3,1,3.98,0,209
211,2019,8,15,0402,37.64,116.78,3.92,0,3,1,3.61,0,209
212,2019,8,15,0402,37.64,116.80,3.92,0,3,1,3.98,0,209
213,2019,8,15,0402,37.62,116.78,3.93,0,3,1,3.67,0,209
214,2019,8,15,0402,37.62,116.80,3.93,0,3,1,3.58,0,209
215,2019,8,15,0402,37.62,116.82,3.93,0,3,1,3.58,0,209
216,2019,8,15,0402,37.54,115.54,3.93,0,3,3,3.16,0,216
217,2019,8,15,0402,37.54,115.56,3.93,0,3,3,3.16,0,216
218,2019,8,15,0402,37.52,115.56,3.93,0,3,3,3.16,0,216
219,2019,8,15,0402,37.52,115.72,3.93,0,3,3,2.96,0,219
220,2019,8,15,0402,37.50,116.34,3.93,0,2,1,3.02,0,220
221,2019,8,15,0402,37.50,116.36,3.93,0,2,1,3.02,0,220
222,2019,8,15,0402,37.48,116.24,3.93,0,3,1,2.60,0,234
223,2019,8,15,0402,37.48,116.26,3.93,0,3,1,2.60,0,234
224,2019,8,15,0402,37.48,116.28,3.93,0,3,1,3.18,0,234
225,2019,8,15,0402,37.48,116.36,3.93,0,2,1,3.02,0,220
226,2019,8,15,0402,37.46,116.26,3.93,0,3,1,2.60,0,234
227,2019,8,15,0402,37.46,116.28,3.93,0,3,1,3.18,0,234
228,2019,8,15,0402,37.46,116.30,3.93,0,3,1,2.83,0,234
229,2019,8,15,0402,37.46,116.32,3.93,0,3,1,2.83,0,234
230,2019,8,15,0402,37.46,116.36,3.93,0,3,3,2.70,0,220
231,2019,8,15,0402,37.46,118.48,3.93,0,2,1,2.23,0,231
232,2019,8,15,0402,37.44,113.64,3.94,0,3,3,4.71,0,232
233,2019,8,15,0402,37.44,116.26,3.94,0,3,1,3.29,0,234
234,2019,8,15,0402,37.44,116.28,3.94,0,3,1,3.51,0,234
235,2019,8,15,0402,37.44,116.30,3.94,0,3,1,3.51,0,234
236,2019,8,15,0402,37.42,113.66,3.94,0,2,3,5.47,0,236
237,2019,8,15,0402,37.42,116.26,3.94,0,3,1,2.10,0,234
238,2019,8,15,0402,37.42,116.28,3.94,0,3,1,2.10,0,234
239,2019,8,15,0402,37.42,116.30,3.94,0,3,1,2.10,0,234
240,2019,8,15,0402,37.42,118.00,3.94,0,3,3,2.39,0,245
241,2019,8,15,0402,37.40,118.00,3.94,0,3,3,2.39,0,245
242,2019,8,15,0402,37.38,117.98,3.94,0,3,3,2.73,0,245
243,2019,8,15,0402,37.38,118.00,3.94,0,3,1,3.01,0,245
244,2019,8,15,0402,37.38,118.02,3.94,0,3,1,3.01,0,245
245,2019,8,15,0402,37.38,118.04,3.94,0,3,3,3.04,0,245
246,2019,8,15,0402,37.36,115.38,3.94,0,3,1,3.12,0,246
247,2019,8,15,0402,37.36,115.94,3.94,0,3,1,3.85,0,247
248,2019,8,15,0402,37.36,115.96,3.94,0,3,1,3.85,0,247
249,2019,8,15,0402,37.36,117.92,3.94,0,3,1,1.95,0,249
250,2019,8,15,0402,37.22,115.00,3.95,0,3,1,2.44,0,250
251,2019,8,15,0402,37.22,115.02,3.95,0,3,3,2.44,0,250
252,2019,8,15,0402,37.22,116.82,3.95,0,3,3,2.38,0,252
253,2019,8,15,0402,37.20,116.84,3.95,0,3,3,2.31,0,254
254,2019,8,15,0402,37.18,116.82,3.95,0,3,1,2.98,0,254
255,2019,8,15,0402,37.18,116.84,3.95,0,3,1,2.75,0,254
256,2019,8,15,0402,37.06,115.64,3.96,0,3,1,2.47,0,257
257,2019,8,15,0402,37.06,115.66,3.96,0,3,1,3.05,0,257
258,2019,8,15,0402,36.96,116.00,3.96,0,3,1,2.53,0,258
259,2019,8,15,0402,36.88,116.18,3.96,0,3,3,2.42,0,265
260,2019,8,15,0402,36.88,116.20,3.96,0,3,3,2.42,0,265
261,2019,8,15,0402,36.88,116.22,3.96,0,3,1,2.69,0,261
262,2019,8,15,0402,36.86,115.68,3.97,0,3,1,3.43,0,264
263,2019,8,15,0402,36.86,115.70,3.97,0,3,1,3.43,0,264
264,2019,8,15,0402,36.86,115.72,3.97,0,3,1,3.93,0,264
265,2019,8,15,0402,36.86,116.20,3.97,0,3,1,4.10,0,265
266,2019,8,15,0402,36.84,115.72,3.97,0,3,1,3.93,0,264
267,2019,8,15,0402,36.84,115.74,3.97,0,3,1,3.93,0,264
268,2019,8,15,0402,36.84,116.22,3.97,0,2,1,3.82,0,268
269,2019,8,15,0402,36.76,114.96,3.97,0,3,3,2.78,0,269
270,2019,8,15,0402,36.70,116.94,3.97,0,3,3,2.57,0,276
271,2019,8,15,0402,36.70,116.96,3.97,0,3,3,2.57,0,276
272,2019,8,15,0402,36.68,116.96,3.98,0,3,3,2.57,0,276
273,2019,8,15,0402,36.68,116.98,3.98,0,2,3,6.10,0,273
274,2019,8,15,0402,36.68,117.04,3.98,0,2,3,3.20,0,274
275,2019,8,15,0402,36.66,116.94,3.98,0,2,3,2.60,0,276
276,2019,8,15,0402,36.66,116.96,3.98,0,2,3,3.39,0,276
277,2019,8,15,0402,36.62,116.22,3.98,0,3,1,3.38,0,279
278,2019,8,15,0402,36.62,116.24,3.98,0,3,1,3.15,0,279
279,2019,8,15,0402,36.60,116.22,3.98,0,3,1,4.30,0,279
280,2019,8,15,0402,36.60,116.24,3.98,0,3,1,4.29,0,279
281,2019,8,15,0402,36.60,116.26,3.98,0,3,1,4.29,0,279
282,2019,8,15,0402,36.46,115.98,3.99,0,2,1,1.82,0,282
283,2019,8,15,0402,36.36,114.94,3.99,0,3,1,2.68,0,283
284,2019,8,15,0402,36.30,115.14,3.99,0,3,1,2.64,0,284
285,2019,8,15,0402,36.20,118.18,4.00,0,2,3,5.74,0,285
286,2019,8,15,0402,36.18,117.12,4.00,0,3,1,1.97,0,286
287,2019,8,15,0402,36.16,117.12,4.00,0,3,3,1.97,0,286
288,2019,8,15,0402,36.12,114.36,4.00,0,2,3,4.58,0,288
289,2019,8,15,0402,36.10,114.36,4.00,0,2,3,4.58,0,288
290,2019,8,15,0402,36.10,114.38,4.00,0,2,3,4.58,0,288
291,2019,8,15,0402,36.08,114.32,4.01,0,3,3,3.07,0,288
292,2019,8,15,0402,36.08,114.34,4.01,0,2,3,3.68,0,288
293,2019,8,15,0402,36.08,114.36,4.01,0,2,3,3.68,0,288
294,2019,8,15,0402,36.08,114.38,4.01,0,2,3,2.67,0,288
295,2019,8,15,0402,36.06,113.82,4.01,0,3,1,2.45,0,295
296,2019,8,15,0402,35.82,116.08,4.02,0,3,1,2.40,0,297
297,2019,8,15,0402,35.80,116.08,4.02,0,3,3,2.76,0,297
298,2019,8,15,0402,35.78,115.00,4.02,0,2,3,2.11,0,298
299,2019,8,15,0402,35.78,115.02,4.02,0,3,1,2.01,0,298
300,2019,8,15,0402,35.78,115.04,4.02,0,3,1,2.01,0,298
301,2019,8,15,0402,35.78,115.06,4.02,0,3,3,1.74,0,298
302,2019,8,15,0402,35.76,115.02,4.02,0,2,3,2.11,0,298
303,2019,8,15,0402,35.76,115.04,4.02,0,3,1,2.01,0,298
304,2019,8,15,0402,35.76,115.06,4.02,0,3,3,1.74,0,298
305,2019,8,15,0402,35.76,115.08,4.02,0,3,3,1.74,0,298
306,2019,8,15,0402,35.76,118.60,4.02,0,3,3,3.49,0,307
307,2019,8,15,0402,35.76,118.62,4.02,0,3,1,3.62,0,307
308,2019,8,15,0402,35.76,118.64,4.02,0,3,1,3.62,0,307
309,2019,8,15,0402,35.74,118.60,4.02,0,3,3,3.49,0,307
310,2019,8,15,0402,35.74,118.62,4.02,0,3,3,3.49,0,307
311,2019,8,15,0402,35.74,118.64,4.02,0,3,1,3.62,0,307
312,2019,8,15,0402,35.66,114.54,4.03,0,3,3,3.40,0,312
313,2019,8,15,0402,35.66,114.56,4.03,0,3,3,3.40,0,312
314,2019,8,15,0402,35.60,115.92,4.03,0,3,3,4.02,0,314
315,2019,8,15,0402,35.60,115.94,4.03,0,3,3,2.78,0,314
316,2019,8,15,0402,35.60,115.96,4.03,0,3,3,2.78,0,314
317,2019,8,15,0402,35.60,115.98,4.03,0,3,3,3.24,0,314
318,2019,8,15,0402,35.60,116.96,4.03,0,3,3,3.63,0,318
319,2019,8,15,0402,35.60,116.98,4.03,0,3,3,3.19,0,318
320,2019,8,15,0402,35.60,117.00,4.03,0,3,3,3.19,0,318
321,2019,8,15,0402,35.58,114.50,4.03,0,3,3,3.81,0,329
322,2019,8,15,0402,35.58,114.52,4.03,0,3,1,4.14,0,329
323,2019,8,15,0402,35.58,114.54,4.03,0,3,1,4.14,0,329
324,2019,8,15,0402,35.58,115.92,4.03,0,3,1,2.78,0,314
325,2019,8,15,0402,35.58,115.94,4.03,0,3,1,2.78,0,314
326,2019,8,15,0402,35.58,115.98,4.03,0,3,3,3.41,0,314
327,2019,8,15,0402,35.58,116.78,4.03,0,3,1,3.36,0,332
328,2019,8,15,0402,35.58,116.80,4.03,0,3,1,3.36,0,332
329,2019,8,15,0402,35.56,114.50,4.03,0,3,1,4.27,0,329
330,2019,8,15,0402,35.56,114.52,4.03,0,3,1,4.27,0,329
331,2019,8,15,0402,35.56,114.54,4.03,0,3,1,4.14,0,329
332,2019,8,15,0402,35.56,116.80,4.03,0,3,3,3.69,0,332
333,2019,8,15,0402,35.54,114.52,4.03,0,3,1,4.27,0,329
334,2019,8,15,0402,35.54,114.54,4.03,0,3,3,3.67,0,329
335,2019,8,15,0402,35.42,116.56,4.04,0,3,3,2.82,0,336
336,2019,8,15,0402,35.42,116.58,4.04,0,2,3,4.00,0,336
337,2019,8,15,0402,35.42,116.60,4.04,0,2,3,4.00,0,336
338,2019,8,15,0402,35.40,116.96,4.04,0,3,3,3.46,0,338
339,2019,8,15,0402,35.30,102.74,4.05,0,2,1,4.03,0,343
340,2019,8,15,0402,35.30,102.76,4.05,0,2,1,4.03,0,343
341,2019,8,15,0402,35.30,115.08,4.05,0,3,1,2.88,0,341
342,2019,8,15,0402,35.30,115.10,4.05,0,3,1,2.88,0,341
343,2019,8,15,0402,35.28,102.76,4.05,0,2,3,4.03,0,343
344,2019,8,15,0402,35.26,115.40,4.05,0,3,3,2.18,0,346
345,2019,8,15,0402,35.26,115.42,4.05,0,3,3,3.03,0,346
346,2019,8,15,0402,35.26,115.44,4.05,0,3,3,3.48,0,346
347,2019,8,15,0402,35.26,115.46,4.05,0,3,3,3.48,0,346
348,2019,8,15,0402,35.26,115.48,4.05,0,3,3,2.92,0,346
349,2019,8,15,0402,35.26,115.50,4.05,0,3,3,2.79,0,346
350,2019,8,15,0402,35.24,115.42,4.05,0,3,3,3.03,0,346
351,2019,8,15,0402,35.24,115.44,4.05,0,3,3,3.03,0,346
352,2019,8,15,0402,35.24,115.46,4.05,0,3,3,3.48,0,346
353,2019,8,15,0402,35.24,115.48,4.05,0,3,3,2.92,0,346
354,2019,8,15,0402,35.24,115.50,4.05,0,3,3,2.79,0,346
355,2019,8,15,0402,35.24,115.52,4.05,0,3,3,2.79,0,346
356,2019,8,15,0402,35.22,115.46,4.05,0,3,3,2.80,0,346
357,2019,8,15,0402,35.22,115.48,4.05,0,3,3,2.73,0,346
358,2019,8,15,0402,35.22,115.50,4.05,0,3,3,2.73,0,346
359,2019,8,15,0402,35.22,115.52,4.05,0,3,1,2.40,0,346
360,2019,8,15,0402,35.20,114.66,4.05,0,3,1,2.77,0,360
361,2019,8,15,0402,35.20,114.68,4.05,0,3,1,2.61,0,360
362,2019,8,15,0402,35.18,114.66,4.05,0,3,1,2.77,0,360
363,2019,8,15,0402,35.14,114.68,4.05,0,3,1,2.65,0,363
364,2019,8,15,0402,35.12,118.24,4.05,0,3,1,2.16,0,364
365,2019,8,15,0402,35.00,115.18,4.06,0,3,3,3.84,0,366
366,2019,8,15,0402,34.98,115.18,4.06,0,3,1,3.84,0,366
367,2019,8,15,0402,34.98,115.20,4.06,0,3,3,3.84,0,366
368,2019,8,15,0402,34.84,114.80,4.07,0,3,1,3.25,0,370
369,2019,8,15,0402,34.82,114.36,4.07,0,2,3,3.63,0,381
370,2019,8,15,0402,34.82,114.80,4.07,0,3,3,3.33,0,370
371,2019,8,15,0402,34.82,115.54,4.07,0,3,1,3.73,0,371
372,2019,8,15,0402,34.82,115.56,4.07,0,3,1,3.19,0,371
373,2019,8,15,0402,34.80,114.30,4.07,0,3,1,2.97,0,381
374,2019,8,15,0402,34.80,114.32,4.07,0,3,1,2.97,0,381
375,2019,8,15,0402,34.80,114.36,4.07,0,2,3,3.63,0,381
376,2019,8,15,0402,34.80,114.82,4.07,0,3,3,3.52,0,376
377,2019,8,15,0402,34.80,116.06,4.07,0,3,1,3.20,0,384
378,2019,8,15,0402,34.80,116.08,4.07,0,3,3,2.67,0,384
379,2019,8,15,0402,34.80,116.10,4.07,0,3,3,2.67,0,384
380,2019,8,15,0402,34.78,114.32,4.07,0,3,1,2.97,0,381
381,2019,8,15,0402,34.78,114.34,4.07,0,2,3,4.99,0,381
382,2019,8,15,0402,34.78,114.36,4.07,0,2,3,4.43,0,381
383,2019,8,15,0402,34.78,114.38,4.07,0,2,3,4.43,0,381
384,2019,8,15,0402,34.78,116.06,4.07,0,3,3,3.30,0,384
385,2019,8,15,0402,34.78,116.08,4.07,0,3,3,3.30,0,384
386,2019,8,15,0402,34.70,116.56,4.08,0,2,3,3.50,0,386
387,2019,8,15,0402,34.66,115.12,4.08,0,3,3,4.72,0,387
388,2019,8,15,0402,34.66,115.14,4.08,0,3,3,4.72,0,387
389,2019,8,15,0402,34.64,115.14,4.08,0,3,3,4.72,0,387
390,2019,8,15,0402,34.64,115.16,4.08,0,3,3,3.38,0,387
391,2019,8,15,0402,34.62,115.14,4.08,0,3,3,3.57,0,387
392,2019,8,15,0402,34.62,118.32,4.08,0,3,3,3.57,0,392
393,2019,8,15,0402,34.58,114.74,4.08,0,3,1,3.31,0,393
394,2019,8,15,0402,34.56,114.74,4.08,0,3,1,3.31,0,393
395,2019,8,15,0402,34.56,114.76,4.08,0,3,3,3.31,0,393
396,2019,8,15,0402,34.54,114.76,4.08,0,3,1,3.12,0,393
397,2019,8,15,0402,34.48,115.30,4.09,0,3,3,3.84,0,397
398,2019,8,15,0402,34.46,115.30,4.09,0,3,3,3.84,0,397
399,2019,8,15,0402,34.46,115.32,4.09,0,3,3,3.84,0,397
400,2019,8,15,0402,34.46,115.62,4.09,0,3,3,2.71,0,404
401,2019,8,15,0402,34.46,115.64,4.09,0,3,1,2.97,0,404
402,2019,8,15,0402,34.44,115.06,4.09,0,3,1,2.70,0,402
403,2019,8,15,0402,34.44,115.60,4.09,0,3,3,2.61,0,404
404,2019,8,15,0402,34.44,115.62,4.09,0,3,1,3.64,0,404
405,2019,8,15,0402,34.44,115.64,4.09,0,3,1,2.97,0,404
406,2019,8,15,0402,34.44,115.66,4.09,0,3,1,2.97,0,404
407,2019,8,15,0402,34.42,99.74,4.09,0,2,1,2.87,0,407
408,2019,8,15,0402,34.42,115.06,4.09,0,3,1,2.70,0,402
409,2019,8,15,0402,34.42,115.60,4.09,0,3,3,2.61,0,404
410,2019,8,15,0402,34.42,115.62,4.09,0,3,3,2.61,0,404
411,2019,8,15,0402,34.42,115.64,4.09,0,3,1,3.64,0,404
412,2019,8,15,0402,34.42,115.66,4.09,0,3,1,3.01,0,404
413,2019,8,15,0402,34.42,116.32,4.09,0,3,1,2.56,0,413
414,2019,8,15,0402,34.42,116.34,4.09,0,3,3,2.56,0,413
415,2019,8,15,0402,34.40,115.62,4.09,0,3,3,2.52,0,404
416,2019,8,15,0402,34.40,115.64,4.09,0,3,1,2.99,0,404
417,2019,8,15,0402,34.40,115.66,4.09,0,3,1,2.22,0,404
418,2019,8,15,0402,34.40,115.68,4.09,0,3,1,2.22,0,404
419,2019,8,15,0402,34.40,115.82,4.09,0,3,3,3.10,0,420
420,2019,8,15,0402,34.40,115.84,4.09,0,3,3,3.64,0,420
421,2019,8,15,0402,34.40,115.86,4.09,0,3,3,3.64,0,420
422,2019,8,15,0402,34.38,115.86,4.09,0,3,3,3.64,0,420
423,2019,8,15,0402,34.30,117.26,4.09,0,3,3,2.21,0,423
424,2019,8,15,0402,34.24,116.14,4.10,0,3,1,3.01,0,424
425,2019,8,15,0402,34.22,116.14,4.10,0,3,1,3.01,0,424
426,2019,8,15,0402,34.20,119.58,4.10,0,3,1,4.21,0,426
427,2019,8,15,0402,34.16,101.30,4.10,0,2,3,1.80,0,427
428,2019,8,15,0402,34.14,101.32,4.10,0,2,3,3.65,0,428
429,2019,8,15,0402,34.12,101.36,4.10,0,2,1,3.94,0,429
430,2019,8,15,0402,34.10,119.34,4.10,0,3,1,2.67,0,430
431,2019,8,15,0402,34.08,114.82,4.11,0,3,1,3.59,0,436
432,2019,8,15,0402,34.08,114.84,4.11,0,3,1,2.86,0,436
433,2019,8,15,0402,34.08,114.86,4.11,0,3,1,2.86,0,436
434,2019,8,15,0402,34.08,115.30,4.11,0,3,1,3.71,0,434
435,2019,8,15,0402,34.08,119.34,4.11,0,3,1,2.67,0,430
436,2019,8,15,0402,34.06,114.84,4.11,0,3,1,3.65,0,436
437,2019,8,15,0402,34.04,113.80,4.11,0,3,3,1.99,0,437
438,2019,8,15,0402,34.04,114.84,4.11,0,3,1,3.65,0,436
439,2019,8,15,0402,34.02,103.92,4.11,0,2,3,4.99,0,439
440,2019,8,15,0402,34.02,113.80,4.11,0,3,1,1.99,0,437
441,2019,8,15,0402,34.00,103.78,4.11,0,3,3,3.55,0,441
442,2019,8,15,0402,34.00,119.82,4.11,0,2,1,3.67,0,442
443,2019,8,15,0402,33.96,103.68,4.11,0,3,1,3.21,0,443
444,2019,8,15,0402,33.94,116.76,4.11,0,2,3,3.62,0,445
445,2019,8,15,0402,33.92,116.76,4.11,0,2,3,3.88,0,445
446,2019,8,15,0402,33.90,116.76,4.11,0,2,3,3.88,0,445
447,2019,8,15,0402,33.90,116.78,4.11,0,2,3,3.88,0,445
448,2019,8,15,0402,33.88,115.46,4.12,0,3,1,3.38,0,448
449,2019,8,15,0402,33.88,115.48,4.12,0,3,1,3.38,0,448
450,2019,8,15,0402,33.88,115.78,4.12,0,3,3,2.30,0,450
451,2019,8,15,0402,33.86,115.76,4.12,0,3,1,3.36,0,451
452,2019,8,15,0402,33.84,115.74,4.12,0,3,3,2.22,0,451
453,2019,8,15,0402,33.84,115.76,4.12,0,3,1,2.09,0,451
454,2019,8,15,0402,33.84,115.78,4.12,0,3,1,2.09,0,451
455,2019,8,15,0402,33.82,110.00,4.12,0,3,1,2.73,0,455
456,2019,8,15,0402,33.82,115.76,4.12,0,3,1,2.03,0,451
457,2019,8,15,0402,33.80,114.52,4.12,0,3,3,3.30,0,457
458,2019,8,15,0402,33.78,119.78,4.12,0,3,1,2.84,0,458
459,2019,8,15,0402,33.78,119.80,4.12,0,3,1,2.64,0,458
460,2019,8,15,0402,33.64,115.16,4.13,0,3,1,3.98,0,460
461,2019,8,15,0402,33.64,115.18,4.13,0,3,1,3.98,0,460
462,2019,8,15,0402,33.64,115.20,4.13,0,3,1,3.74,0,460
463,2019,8,15,0402,33.62,114.64,4.13,0,3,1,3.60,0,463
464,2019,8,15,0402,33.62,114.66,4.13,0,3,3,2.55,0,463
465,2019,8,15,0402,33.60,114.62,4.13,0,3,3,2.34,0,463
466,2019,8,15,0402,33.60,114.64,4.13,0,3,1,2.84,0,463
467,2019,8,15,0402,33.60,114.66,4.13,0,3,3,2.55,0,463
468,2019,8,15,0402,33.60,114.68,4.13,0,3,3,2.55,0,463
469,2019,8,15,0402,33.58,114.00,4.13,0,2,1,2.60,0,474
470,2019,8,15,0402,33.58,114.02,4.13,0,2,1,2.70,0,474
471,2019,8,15,0402,33.58,114.04,4.13,0,2,1,2.52,0,474
472,2019,8,15,0402,33.56,114.00,4.13,0,2,1,2.68,0,474
473,2019,8,15,0402,33.56,114.02,4.13,0,2,1,2.68,0,474
474,2019,8,15,0402,33.56,114.04,4.13,0,3,1,3.29,0,474
475,2019,8,15,0402,33.56,114.06,4.13,0,3,1,3.12,0,474
476,2019,8,15,0402,33.56,114.58,4.13,0,3,3,2.83,0,476
477,2019,8,15,0402,33.54,117.54,4.13,0,3,1,3.61,0,477
478,2019,8,15,0402,33.48,117.88,4.13,0,3,1,2.61,0,478
479,2019,8,15,0402,33.48,117.90,4.13,0,3,1,2.61,0,478
480,2019,8,15,0402,33.44,114.88,4.14,0,3,1,4.76,0,480
481,2019,8,15,0402,33.44,114.90,4.14,0,3,3,3.54,0,480
482,2019,8,15,0402,33.44,114.92,4.14,0,3,3,3.54,0,480
483,2019,8,15,0402,33.42,115.06,4.14,0,3,1,4.16,0,487
484,2019,8,15,0402,33.42,115.08,4.14,0,3,1,4.16,0,487
485,2019,8,15,0402,33.40,115.08,4.14,0,3,1,4.16,0,487
486,2019,8,15,0402,33.38,115.06,4.14,0,3,3,3.74,0,487
487,2019,8,15,0402,33.38,115.08,4.14,0,3,1,4.54,0,487
488,2019,8,15,0402,33.38,115.10,4.14,0,3,1,4.54,0,487
489,2019,8,15,0402,33.28,115.36,4.14,0,3,1,2.55,0,489
490,2019,8,15,0402,33.24,107.52,4.15,0,3,3,2.41,0,490
491,2019,8,15,0402,33.24,107.54,4.15,0,3,3,2.37,0,490
492,2019,8,15,0402,33.24,107.56,4.15,0,3,3,2.37,0,490
493,2019,8,15,0402,33.18,106.66,4.15,0,3,3,3.15,0,497
494,2019,8,15,0402,33.16,106.66,4.15,0,3,3,3.15,0,497
495,2019,8,15,0402,33.16,106.68,4.15,0,3,3,3.15,0,497
496,2019,8,15,0402,33.16,107.30,4.15,0,3,3,2.78,0,496
497,2019,8,15,0402,33.14,106.64,4.15,0,3,3,3.67,0,497
498,2019,8,15,0402,33.14,106.66,4.15,0,3,3,3.67,0,497
499,2019,8,15,0402,33.10,106.98,4.15,0,3,3,3.06,0,501
500,2019,8,15,0402,33.10,107.00,4.15,0,3,3,3.06,0,501
501,2019,8,15,0402,33.10,107.02,4.15,0,3,3,3.91,0,501
502,2019,8,15,0402,33.08,107.00,4.15,0,3,3,3.63,0,501
503,2019,8,15,0402,33.08,107.02,4.15,0,3,3,3.76,0,501
504,2019,8,15,0402,33.02,107.74,4.16,0,3,3,2.30,0,507
505,2019,8,15,0402,33.00,107.74,4.16,0,3,3,2.30,0,507
506,2019,8,15,0402,33.00,107.76,4.16,0,3,3,2.30,0,507
507,2019,8,15,0402,32.98,107.72,4.16,0,3,3,3.15,0,507
508,2019,8,15,0402,32.98,107.74,4.16,0,3,3,3.15,0,507
509,2019,8,15,0402,32.98,107.76,4.16,0,3,3,2.94,0,507
510,2019,8,15,0402,32.96,107.74,4.16,0,3,1,2.34,0,507
511,2019,8,15,0402,32.90,108.48,4.16,0,3,3,2.51,0,511
512,2019,8,15,0402,32.72,108.96,4.17,0,3,3,2.55,0,513
513,2019,8,15,0402,32.72,108.98,4.17,0,3,3,2.58,0,513
514,2019,8,15,0402,32.70,108.98,4.17,0,2,3,2.02,0,513
515,2019,8,15,0402,32.70,109.00,4.17,0,2,3,2.02,0,513
516,2019,8,15,0402,32.70,109.02,4.17,0,2,3,2.45,0,513
517,2019,8,15,0402,32.66,110.68,4.17,0,3,3,4.10,0,517
518,2019,8,15,0402,32.66,110.70,4.17,0,3,1,3.40,0,517
519,2019,8,15,0402,32.66,110.74,4.17,0,2,1,3.51,0,524
520,2019,8,15,0402,32.64,110.70,4.17,0,3,3,4.10,0,517
521,2019,8,15,0402,32.64,110.74,4.17,0,2,1,3.51,0,524
522,2019,8,15,0402,32.64,110.76,4.17,0,2,1,3.10,0,524
523,2019,8,15,0402,32.64,110.78,4.17,0,2,1,3.10,0,524
524,2019,8,15,0402,32.62,110.74,4.17,0,2,3,3.62,0,524
525,2019,8,15,0402,32.62,110.76,4.17,0,2,3,3.62,0,524
526,2019,8,15,0402,32.62,110.80,4.17,0,2,1,2.27,0,526
527,2019,8,15,0402,32.62,110.84,4.17,0,3,1,3.75,0,528
528,2019,8,15,0402,32.60,110.84,4.18,0,3,1,4.31,0,528
529,2019,8,15,0402,32.60,110.86,4.18,0,3,1,3.42,0,528
530,2019,8,15,0402,32.60,110.88,4.18,0,3,1,3.42,0,528
531,2019,8,15,0402,32.46,105.78,4.18,0,3,1,2.04,0,532
532,2019,8,15,0402,32.46,105.80,4.18,0,3,1,3.65,0,532
533,2019,8,15,0402,32.46,105.82,4.18,0,3,1,3.65,0,532
534,2019,8,15,0402,32.46,105.84,4.18,0,3,1,3.62,0,532
535,2019,8,15,0402,32.44,105.76,4.18,0,3,3,3.16,0,532
536,2019,8,15,0402,32.44,105.78,4.18,0,3,3,2.20,0,532
537,2019,8,15,0402,32.44,105.80,4.18,0,3,3,2.20,0,532
538,2019,8,15,0402,32.44,105.84,4.18,0,3,1,3.62,0,532
539,2019,8,15,0402,32.44,105.86,4.18,0,3,1,3.62,0,532
540,2019,8,15,0402,32.42,105.78,4.18,0,3,3,3.16,0,532
541,2019,8,15,0402,32.42,105.80,4.18,0,3,3,2.20,0,532
542,2019,8,15,0402,32.42,105.86,4.18,0,3,1,2.19,0,532
543,2019,8,15,0402,32.42,105.88,4.18,0,3,1,2.12,0,532
544,2019,8,15,0402,32.42,105.90,4.18,0,3,1,2.12,0,532
545,2019,8,15,0402,32.38,106.80,4.19,0,3,3,2.08,0,549
546,2019,8,15,0402,32.36,106.80,4.19,0,3,3,2.08,0,549
547,2019,8,15,0402,32.36,106.82,4.19,0,3,3,2.08,0,549
548,2019,8,15,0402,32.34,106.80,4.19,0,3,3,2.16,0,549
549,2019,8,15,0402,32.32,106.80,4.19,0,3,3,2.19,0,549
550,2019,8,15,0402,32.28,105.32,4.19,0,3,3,2.87,0,550
551,2019,8,15,0402,32.26,105.32,4.19,0,3,3,2.87,0,550
552,2019,8,15,0402,32.26,105.34,4.19,0,3,3,2.87,0,550
553,2019,8,15,0402,32.24,106.28,4.19,0,3,1,1.73,0,553
554,2019,8,15,0402,32.12,114.08,4.20,0,3,1,2.90,0,554
555,2019,8,15,0402,32.08,110.70,4.20,0,3,1,2.39,0,558
556,2019,8,15,0402,32.08,110.72,4.20,0,3,1,2.39,0,558
557,2019,8,15,0402,32.06,110.70,4.20,0,3,3,3.18,0,558
558,2019,8,15,0402,32.06,110.72,4.20,0,3,3,3.45,0,558
559,2019,8,15,0402,31.88,103.54,4.21,0,2,1,10.47,0,559
560,2019,8,15,0402,31.86,103.58,4.21,0,2,1,5.03,0,560
561,2019,8,15,0402,31.86,106.72,4.21,0,2,3,3.02,0,561
562,2019,8,15,0402,31.86,106.74,4.21,0,2,1,2.46,0,561
563,2019,8,15,0402,31.86,106.76,4.21,0,2,1,2.46,0,561
564,2019,8,15,0402,31.84,103.60,4.21,0,3,1,4.76,0,564
565,2019,8,15,0402,31.84,106.76,4.21,0,2,1,2.46,0,561
566,2019,8,15,0402,31.84,106.86,4.21,0,3,3,1.95,0,566
567,2019,8,15,0402,31.84,106.88,4.21,0,3,3,1.95,0,566
568,2019,8,15,0402,31.78,104.72,4.21,0,2,3,3.20,0,568
569,2019,8,15,0402,31.78,104.74,4.21,0,2,3,3.20,0,568
570,2019,8,15,0402,31.64,105.16,4.22,0,3,3,2.45,0,570
571,2019,8,15,0402,31.56,105.98,4.22,0,2,3,3.22,0,571
572,2019,8,15,0402,31.54,105.98,4.22,0,3,3,2.53,0,571
573,2019,8,15,0402,31.54,106.00,4.22,0,3,3,2.53,0,571
574,2019,8,15,0402,31.48,104.64,4.23,0,3,1,2.05,0,577
575,2019,8,15,0402,31.48,104.66,4.23,0,3,1,2.05,0,577
576,2019,8,15,0402,31.48,104.68,4.23,0,3,3,2.24,0,577
577,2019,8,15,0402,31.48,104.70,4.23,0,2,3,2.47,0,577
578,2019,8,15,0402,31.48,104.72,4.23,0,2,3,2.47,0,577
579,2019,8,15,0402,31.46,104.72,4.23,0,3,1,1.92,0,577
580,2019,8,15,0402,31.46,112.38,4.23,0,3,1,5.03,0,582
581,2019,8,15,0402,31.46,112.40,4.23,0,3,1,5.03,0,582
582,2019,8,15,0402,31.44,112.40,4.23,0,3,3,5.94,0,582
583,2019,8,15,0402,31.42,112.40,4.23,0,3,3,5.94,0,582
584,2019,8,15,0402,31.40,105.80,4.23,0,2,3,2.23,0,584
585,2019,8,15,0402,31.38,105.80,4.23,0,2,3,2.23,0,584
586,2019,8,15,0402,31.38,105.82,4.23,0,2,3,2.23,0,584
587,2019,8,15,0402,31.38,118.94,4.23,0,3,1,3.07,0,587
588,2019,8,15,0402,31.36,106.02,4.23,0,3,1,2.14,0,588
589,2019,8,15,0402,31.36,118.94,4.23,0,3,1,3.07,0,587
590,2019,8,15,0402,31.12,104.38,4.24,0,2,1,3.58,0,590
591,2019,8,15,0402,31.10,106.54,4.24,0,3,1,3.05,0,591
592,2019,8,15,0402,31.08,106.56,4.25,0,3,1,3.46,0,592
593,2019,8,15,0402,31.06,106.56,4.25,0,3,1,2.44,0,592
594,2019,8,15,0402,31.06,106.58,4.25,0,3,3,2.44,0,592
595,2019,8,15,0402,30.86,105.38,4.25,0,3,3,1.71,0,595
596,2019,8,15,0402,30.86,106.06,4.25,0,3,1,3.21,0,596
597,2019,8,15,0402,30.86,106.08,4.25,0,3,1,3.21,0,596
598,2019,8,15,0402,30.84,105.40,4.26,0,3,1,1.66,0,598
599,2019,8,15,0402,30.84,106.08,4.26,0,3,1,3.17,0,596
600,2019,8,15,0402,30.82,106.06,4.26,0,2,3,2.26,0,600
601,2019,8,15,0402,30.80,106.06,4.26,0,2,3,2.13,0,600
602,2019,8,15,0402,30.80,106.08,4.26,0,2,3,2.13,0,600
603,2019,8,15,0402,30.78,105.98,4.26,0,3,3,2.92,0,603
604,2019,8,15,0402,30.78,106.00,4.26,0,3,3,2.92,0,603
605,2019,8,15,0402,30.78,106.08,4.26,0,2,3,2.13,0,600
606,2019,8,15,0402,30.78,106.14,4.26,0,3,1,2.18,0,606
607,2019,8,15,0402,30.76,106.00,4.26,0,3,3,2.92,0,603
608,2019,8,15,0402,30.62,105.96,4.27,0,2,1,3.10,0,608
609,2019,8,15,0402,30.60,105.24,4.27,0,3,1,1.99,0,613
610,2019,8,15,0402,30.60,105.26,4.27,0,3,1,1.99,0,613
611,2019,8,15,0402,30.60,105.96,4.27,0,2,3,3.10,0,608
612,2019,8,15,0402,30.60,105.98,4.27,0,2,3,3.10,0,608
613,2019,8,15,0402,30.58,105.26,4.27,0,3,3,2.21,0,613
614,2019,8,15,0402,30.58,117.02,4.27,0,3,3,3.84,0,615
615,2019,8,15,0402,30.58,117.04,4.27,0,3,1,5.05,0,615
616,2019,8,15,0402,30.58,117.06,4.27,0,3,1,3.29,0,615
617,2019,8,15,0402,30.56,117.02,4.27,0,3,3,3.84,0,615
618,2019,8,15,0402,30.56,117.04,4.27,0,3,1,5.05,0,615
619,2019,8,15,0402,30.56,117.06,4.27,0,3,1,5.05,0,615
620,2019,8,15,0402,30.54,106.42,4.27,0,3,1,2.92,0,620
621,2019,8,15,0402,30.54,117.02,4.27,0,3,1,4.28,0,615
622,2019,8,15,0402,30.54,117.04,4.27,0,3,1,4.28,0,615
623,2019,8,15,0402,30.54,117.06,4.27,0,3,1,4.86,0,615
624,2019,8,15,0402,30.54,117.08,4.27,0,3,1,4.40,0,615
625,2019,8,15,0402,30.52,105.52,4.27,0,3,3,2.15,0,632
626,2019,8,15,0402,30.52,105.54,4.27,0,3,3,2.73,0,632
627,2019,8,15,0402,30.52,105.56,4.27,0,3,3,2.73,0,632
628,2019,8,15,0402,30.50,105.52,4.27,0,3,3,2.50,0,632
629,2019,8,15,0402,30.50,105.54,4.27,0,3,3,2.50,0,632
630,2019,8,15,0402,30.50,105.56,4.27,0,3,1,3.93,0,632
631,2019,8,15,0402,30.48,105.54,4.27,0,3,1,3.54,0,632
632,2019,8,15,0402,30.48,105.56,4.27,0,3,1,4.16,0,632
633,2019,8,15,0402,30.48,105.58,4.27,0,3,1,4.16,0,632
634,2019,8,15,0402,30.46,105.56,4.27,0,3,1,3.54,0,632
635,2019,8,15,0402,30.46,105.58,4.27,0,3,1,4.16,0,632
636,2019,8,15,0402,30.46,106.62,4.27,0,3,1,2.22,0,636
637,2019,8,15,0402,30.46,106.64,4.27,0,3,1,2.22,0,636
638,2019,8,15,0402,30.36,105.48,4.28,0,3,1,2.00,0,638
639,2019,8,15,0402,30.36,112.16,4.28,0,3,3,4.15,0,639
640,2019,8,15,0402,30.36,112.18,4.28,0,2,1,3.70,0,639
641,2019,8,15,0402,30.36,112.20,4.28,0,2,1,3.66,0,639
642,2019,8,15,0402,30.36,112.22,4.28,0,2,1,3.66,0,639
643,2019,8,15,0402,30.34,112.20,4.28,0,2,1,3.70,0,639
644,2019,8,15,0402,30.34,112.22,4.28,0,2,1,3.66,0,639
645,2019,8,15,0402,30.32,112.00,4.28,0,3,3,4.21,0,645
646,2019,8,15,0402,30.32,112.24,4.28,0,2,1,4.03,0,646
647,2019,8,15,0402,30.32,112.26,4.28,0,2,1,4.03,0,646
648,2019,8,15,0402,30.30,104.98,4.28,0,3,3,3.72,0,648
649,2019,8,15,0402,30.30,105.00,4.28,0,3,3,3.72,0,648
650,2019,8,15,0402,30.30,112.28,4.28,0,3,1,4.11,0,650
651,2019,8,15,0402,30.30,112.30,4.28,0,3,1,3.66,0,650
652,2019,8,15,0402,30.30,112.32,4.28,0,3,1,3.66,0,650
653,2019,8,15,0402,30.30,118.12,4.28,0,3,1,4.12,0,653
654,2019,8,15,0402,30.16,105.80,4.29,0,3,3,2.64,0,654
655,2019,8,15,0402,30.16,105.82,4.29,0,3,3,2.64,0,654
656,2019,8,15,0402,30.14,104.60,4.29,0,3,1,3.54,0,656
657,2019,8,15,0402,30.14,104.62,4.29,0,3,1,3.54,0,656
658,2019,8,15,0402,30.14,104.64,4.29,0,3,3,2.60,0,656
659,2019,8,15,0402,30.12,104.62,4.29,0,3,3,2.78,0,656
660,2019,8,15,0402,30.12,104.64,4.29,0,3,3,2.60,0,656
661,2019,8,15,0402,30.12,104.66,4.29,0,3,3,2.60,0,656
662,2019,8,15,0402,30.12,105.34,4.29,0,3,1,2.44,0,662
663,2019,8,15,0402,30.10,104.62,4.29,0,3,3,2.78,0,656
664,2019,8,15,0402,30.10,104.64,4.29,0,3,3,2.78,0,656
665,2019,8,15,0402,30.10,104.66,4.29,0,3,3,2.14,0,656
666,2019,8,15,0402,30.08,104.60,4.29,0,3,3,2.34,0,656
667,2019,8,15,0402,30.08,104.62,4.29,0,3,3,2.34,0,656
668,2019,8,15,0402,30.08,104.64,4.29,0,3,1,2.13,0,656
669,2019,8,15,0402,30.08,118.56,4.29,0,1,1,12.53,0,669
670,2019,8,15,0402,30.02,104.14,4.29,0,3,1,2.09,0,670
671,2019,8,15,0402,30.00,104.12,4.29,0,2,1,2.66,0,671
672,2019,8,15,0402,29.84,106.04,4.30,0,2,3,3.94,0,672
673,2019,8,15,0402,29.76,107.26,4.30,0,3,1,2.85,0,673
674,2019,8,15,0402,29.68,106.74,4.31,0,3,3,3.62,0,674
675,2019,8,15,0402,29.66,106.74,4.31,0,3,1,3.62,0,674
676,2019,8,15,0402,29.64,106.76,4.31,0,3,1,4.25,0,676
677,2019,8,15,0402,29.64,111.72,4.31,0,3,1,3.87,0,679
678,2019,8,15,0402,29.64,111.74,4.31,0,3,3,3.87,0,679
679,2019,8,15,0402,29.64,111.76,4.31,0,3,1,4.03,0,679
680,2019,8,15,0402,29.60,103.48,4.31,0,2,3,2.27,0,680
681,2019,8,15,0402,29.60,105.04,4.31,0,2,3,2.89,0,681
682,2019,8,15,0402,29.60,105.06,4.31,0,2,3,2.89,0,681
683,2019,8,15,0402,29.58,105.02,4.31,0,3,3,2.08,0,681
684,2019,8,15,0402,29.58,105.04,4.31,0,3,3,2.08,0,681
685,2019,8,15,0402,29.46,104.40,4.32,0,3,3,2.99,0,685
686,2019,8,15,0402,29.42,105.58,4.32,0,2,1,4.04,0,686
687,2019,8,15,0402,29.42,105.60,4.32,0,2,1,4.04,0,686
688,2019,8,15,0402,29.42,105.62,4.32,0,3,1,3.20,0,686
689,2019,8,15,0402,29.40,105.60,4.32,0,2,1,4.04,0,686
690,2019,8,15,0402,29.40,105.62,4.32,0,3,1,3.20,0,686
691,2019,8,15,0402,29.40,105.64,4.32,0,3,1,3.20,0,686
692,2019,8,15,0402,29.36,105.28,4.32,0,3,1,2.36,0,697
693,2019,8,15,0402,29.34,104.74,4.32,0,2,3,3.82,0,694
694,2019,8,15,0402,29.34,104.76,4.32,0,2,3,4.80,0,694
695,2019,8,15,0402,29.34,104.78,4.32,0,2,3,4.80,0,694
696,2019,8,15,0402,29.34,104.80,4.32,0,3,1,3.14,0,694
697,2019,8,15,0402,29.34,105.28,4.32,0,3,3,2.81,0,697
698,2019,8,15,0402,29.34,105.30,4.32,0,3,3,2.81,0,697
699,2019,8,15,0402,29.32,104.72,4.32,0,3,3,2.17,0,694
700,2019,8,15,0402,29.32,104.74,4.32,0,3,1,1.70,0,694
701,2019,8,15,0402,29.32,104.76,4.32,0,3,1,1.70,0,694
702,2019,8,15,0402,29.32,104.80,4.32,0,3,3,2.33,0,694
703,2019,8,15,0402,29.32,104.82,4.32,0,3,3,2.33,0,694
704,2019,8,15,0402,29.26,117.82,4.32,0,3,1,3.96,0,704
705,2019,8,15,0402,29.26,117.84,4.32,0,3,1,3.96,0,704
706,2019,8,15,0402,29.18,110.44,4.33,0,3,3,1.88,0,706
707,2019,8,15,0402,29.18,110.46,4.33,0,3,3,1.88,0,706
708,2019,8,15,0402,29.14,110.44,4.33,0,3,1,2.63,0,709
709,2019,8,15,0402,29.14,110.46,4.33,0,3,1,2.72,0,709
710,2019,8,15,0402,29.12,110.44,4.33,0,3,1,2.27,0,709
711,2019,8,15,0402,29.12,110.46,4.33,0,3,1,1.89,0,709
712,2019,8,15,0402,29.12,110.48,4.33,0,3,1,1.89,0,709
713,2019,8,15,0402,28.98,109.82,4.34,0,3,3,2.56,0,713
714,2019,8,15,0402,28.94,105.44,4.34,0,3,1,2.38,0,714
715,2019,8,15,0402,28.94,105.46,4.34,0,3,1,2.38,0,714
716,2019,8,15,0402,28.92,105.40,4.34,0,3,1,2.58,0,717
717,2019,8,15,0402,28.90,105.40,4.34,0,2,3,8.02,0,717
718,2019,8,15,0402,28.90,105.42,4.34,0,2,3,8.02,0,717
719,2019,8,15,0402,28.84,104.58,4.34,0,2,1,3.77,0,724
720,2019,8,15,0402,28.84,105.38,4.34,0,3,3,1.96,0,720
721,2019,8,15,0402,28.84,105.40,4.34,0,3,1,1.79,0,720
722,2019,8,15,0402,28.82,104.58,4.34,0,2,1,3.77,0,724
723,2019,8,15,0402,28.82,104.60,4.34,0,2,1,3.77,0,724
724,2019,8,15,0402,28.80,104.60,4.34,0,2,1,4.73,0,724
725,2019,8,15,0402,28.76,104.62,4.35,0,2,3,3.53,0,725
726,2019,8,15,0402,28.46,108.96,4.36,0,3,3,3.04,0,729
727,2019,8,15,0402,28.46,108.98,4.36,0,3,1,3.16,0,729
728,2019,8,15,0402,28.46,109.00,4.36,0,3,1,3.16,0,729
729,2019,8,15,0402,28.44,108.98,4.36,0,3,1,3.44,0,729
730,2019,8,15,0402,28.40,119.82,4.36,0,2,3,8.09,0,730
731,2019,8,15,0402,28.40,119.84,4.36,0,2,3,8.09,0,730
732,2019,8,15,0402,28.40,119.86,4.36,0,2,1,5.66,0,730
733,2019,8,15,0402,28.38,119.86,4.36,0,2,1,5.72,0,730
734,2019,8,15,0402,28.28,109.70,4.36,0,3,1,2.78,0,735
735,2019,8,15,0402,28.26,109.68,4.37,0,3,1,3.01,0,735
736,2019,8,15,0402,28.26,109.70,4.37,0,3,3,2.28,0,735
737,2019,8,15,0402,28.24,109.66,4.37,0,3,1,1.68,0,737
738,2019,8,15,0402,28.24,109.70,4.37,0,3,3,2.28,0,735
739,2019,8,15,0402,28.24,109.72,4.37,0,3,3,2.28,0,735
740,2019,8,15,0402,28.22,109.66,4.37,0,3,1,1.68,0,737
741,2019,8,15,0402,28.18,109.18,4.37,0,3,1,2.95,0,741
742,2019,8,15,0402,28.10,119.56,4.37,0,3,1,4.26,0,742
743,2019,8,15,0402,27.92,118.50,4.38,0,3,1,4.58,0,743
744,2019,8,15,0402,27.92,118.52,4.38,0,3,1,4.58,0,743
745,2019,8,15,0402,27.90,102.20,4.38,0,3,3,2.54,0,747
746,2019,8,15,0402,27.90,102.22,4.38,0,3,3,2.54,0,747
747,2019,8,15,0402,27.90,102.24,4.38,0,3,3,2.84,0,747
748,2019,8,15,0402,27.86,106.34,4.38,0,2,1,3.61,0,748
749,2019,8,15,0402,27.86,106.36,4.38,0,2,1,3.61,0,748
750,2019,8,15,0402,27.86,115.00,4.38,0,2,3,3.08,0,750
751,2019,8,15,0402,27.78,103.38,4.39,0,2,1,3.35,0,751
752,2019,8,15,0402,27.78,103.40,4.39,0,3,3,2.87,0,751
753,2019,8,15,0402,27.78,103.42,4.39,0,3,3,2.87,0,751
754,2019,8,15,0402,27.76,103.36,4.39,0,3,1,2.94,0,754
755,2019,8,15,0402,27.76,103.40,4.39,0,2,1,3.35,0,751
756,2019,8,15,0402,27.76,103.42,4.39,0,3,3,2.87,0,751
757,2019,8,15,0402,27.74,103.36,4.39,0,3,1,2.94,0,754
758,2019,8,15,0402,27.74,103.38,4.39,0,3,1,2.94,0,754
759,2019,8,15,0402,27.32,105.24,4.40,0,2,3,2.39,0,761
760,2019,8,15,0402,27.32,105.26,4.40,0,2,3,2.39,0,761
761,2019,8,15,0402,27.32,105.28,4.40,0,3,3,2.63,0,761
762,2019,8,15,0402,27.28,116.90,4.41,0,3,1,3.16,0,762
763,2019,8,15,0402,27.22,107.88,4.41,0,3,1,2.76,0,763
764,2019,8,15,0402,27.10,119.62,4.41,0,3,1,5.57,0,764
765,2019,8,15,0402,27.10,119.64,4.41,0,3,1,5.57,0,764
766,2019,8,15,0402,27.06,118.30,4.41,0,3,1,3.07,0,766
767,2019,8,15,0402,27.04,118.32,4.41,0,3,1,3.09,0,767
768,2019,8,15,0402,26.26,104.04,4.45,0,3,3,3.36,0,772
769,2019,8,15,0402,26.26,104.06,4.45,0,3,3,3.36,0,772
770,2019,8,15,0402,26.26,104.08,4.45,0,3,3,4.00,0,772
771,2019,8,15,0402,26.24,104.06,4.45,0,3,1,3.16,0,772
772,2019,8,15,0402,26.24,104.08,4.45,0,3,3,4.00,0,772
773,2019,8,15,0402,26.24,104.10,4.45,0,3,3,4.00,0,772
774,2019,8,15,0402,26.24,117.60,4.45,0,2,1,6.78,0,774
775,2019,8,15,0402,26.22,104.06,4.45,0,3,1,3.16,0,772
776,2019,8,15,0402,26.22,104.08,4.45,0,3,1,3.16,0,772
777,2019,8,15,0402,25.98,117.34,4.46,0,2,1,2.82,0,777
778,2019,8,15,0402,25.88,103.96,4.46,0,3,1,2.38,0,778
779,2019,8,15,0402,25.04,116.42,4.49,0,3,1,2.89,0,779
780,2019,8,15,0402,24.50,108.64,4.51,0,3,3,2.27,0,780
781,2019,8,15,0402,24.42,109.56,4.51,0,3,1,3.19,0,781
782,2019,8,15,0402,24.38,109.38,4.51,0,3,1,3.18,0,782
783,2019,8,15,0402,24.34,109.34,4.52,0,3,1,2.73,0,792
784,2019,8,15,0402,24.34,109.36,4.52,0,3,1,3.40,0,792
785,2019,8,15,0402,24.32,109.34,4.52,0,3,1,3.88,0,792
786,2019,8,15,0402,24.32,109.36,4.52,0,3,1,4.64,0,792
787,2019,8,15,0402,24.30,109.34,4.52,0,3,1,3.65,0,792
788,2019,8,15,0402,24.30,109.36,4.52,0,3,1,3.65,0,792
789,2019,8,15,0402,24.30,109.38,4.52,0,3,1,3.55,0,792
790,2019,8,15,0402,24.28,109.32,4.52,0,3,1,2.57,0,792
791,2019,8,15,0402,24.28,109.34,4.52,0,3,1,2.57,0,792
792,2019,8,15,0402,24.28,109.36,4.52,0,3,1,4.75,0,792
793,2019,8,15,0402,24.26,109.34,4.52,0,3,1,2.56,0,792
794,2019,8,15,0402,23.88,106.62,4.53,0,3,1,2.42,0,794
795,2019,8,15,0402,23.76,109.20,4.54,0,3,1,2.17,0,795
796,2019,8,15,0402,23.74,109.20,4.54,0,3,1,2.16,0,795
797,2019,8,15,0402,23.72,109.20,4.54,0,3,1,2.12,0,795
798,2019,8,15,0402,23.64,105.60,4.54,0,3,3,2.71,0,798
799,2019,8,15,0402,23.62,105.62,4.54,0,3,3,2.87,0,799
800,2019,8,15,0402,23.40,111.22,4.55,0,3,3,2.78,0,800
801,2019,8,15,0402,22.68,106.24,4.57,0,3,1,2.18,0,801
802,2019,8,15,0402,22.14,105.82,4.59,0,3,3,2.37,0,802
803,2019,8,15,0402,21.98,108.60,4.60,0,3,1,3.59,0,803
804,2019,8,15,0402,21.96,108.62,4.60,0,3,1,3.13,0,804
805,2019,8,15,0402,21.86,106.74,4.60,0,3,1,3.99,0,805
806,2019,8,15,0402,21.86,106.76,4.60,0,3,1,3.99,0,805
807,2019,8,15,0402,21.60,105.78,4.61,0,2,3,4.08,0,807
808,2019,8,15,0402,21.60,105.80,4.61,0,3,1,2.54,0,807
809,2019,8,15,0402,21.60,105.82,4.61,0,3,1,2.54,0,807
810,2019,8,15,0402,21.58,105.82,4.61,0,3,1,4.04,0,807
811,2019,8,15,0402,21.56,105.82,4.61,0,3,1,2.54,0,807
812,2019,8,15,0402,21.54,107.96,4.61,0,3,1,3.26,0,812
813,2019,8,15,0402,21.04,107.26,4.63,0,2,1,3.85,0,813
814,2019,8,15,0402,21.04,107.28,4.63,0,3,1,2.53,0,813
815,2019,8,15,0402,21.04,107.30,4.63,0,3,1,2.53,0,813
816,2019,8,15,0402,21.02,105.78,4.63,0,3,3,2.96,0,818
817,2019,8,15,0402,21.02,105.80,4.63,0,3,3,2.96,0,818
818,2019,8,15,0402,21.02,105.82,4.63,0,2,1,3.78,0,818
819,2019,8,15,0402,21.02,107.30,4.63,0,3,1,3.04,0,813
820,2019,8,15,0402,21.00,105.80,4.63,0,2,1,2.72,0,818
821,2019,8,15,0402,21.00,105.82,4.63,0,3,1,3.10,0,818
822,2019,8,15,0402,20.98,107.10,4.63,0,3,3,3.40,0,822
823,2019,8,15,0402,20.84,106.66,4.63,0,3,3,3.43,0,824
824,2019,8,15,0402,20.84,106.68,4.63,0,3,1,3.73,0,824
825,2019,8,15,0402,20.44,106.16,4.64,0,3,1,3.48,0,825
826,2019,8,15,0402,20.44,106.34,4.64,0,3,1,3.51,0,826
827,2019,8,15,0402,17.42,102.76,4.73,0,2,1,3.39,0,830
828,2019,8,15,0402,17.42,102.78,4.73,0,3,1,3.28,0,830
829,2019,8,15,0402,17.40,102.76,4.73,0,3,1,3.01,0,830
830,2019,8,15,0402,17.40,102.78,4.73,0,3,1,3.73,0,830
831,2019,8,15,0402,17.40,102.80,4.73,0,3,1,3.73,0,830
832,2019,8,15,0402,9.70,125.44,4.89,0,2,1,17.19,0,832
833,2019,8,15,0402,9.70,125.46,4.89,0,2,1,12.28,0,832
834,2019,8,15,0408,1.98,117.24,4.95,0,2,3,10.17,0,834
835,2019,8,15,0408,1.98,117.26,4.95,0,2,3,8.61,0,834
836,2019,8,15,0408,1.48,124.84,4.95,0,3,1,7.33,0,837
837,2019,8,15,0408,1.46,124.84,4.95,0,3,1,7.68,0,837
838,2019,8,15,0408,.34,103.08,4.96,0,2,1,10.00,0,838
839,2019,8,15,0408,-.26,102.34,4.96,0,3,1,4.81,0,839
840,2019,8,15,0408,-.32,100.36,4.96,0,2,1,3.93,0,840
841,2019,8,15,0408,-1.62,103.82,4.95,0,2,1,9.84,0,841
842,2019,8,15,0408,-1.62,103.84,4.95,0,3,1,4.52,0,841
843,2019,8,15,0408,-1.62,103.86,4.95,0,3,1,4.52,0,841
844,2019,8,15,0408,-1.74,110.16,4.95,0,2,3,7.67,0,844
845,2019,8,15,0408,-1.76,110.12,4.95,0,3,1,5.82,0,845
846,2019,8,15,0408,-1.78,110.12,4.95,0,3,1,5.70,0,845
847,2019,8,15,0408,-1.80,110.12,4.95,0,2,3,5.42,0,845
848,2019,8,15,0408,-1.82,103.94,4.95,0,1,1,201.65,0,854
849,2019,8,15,0408,-1.84,103.94,4.95,0,2,1,239.10,0,854
850,2019,8,15,0408,-1.86,103.90,4.95,0,2,1,65.91,0,850
851,2019,8,15,0408,-1.86,103.94,4.95,0,2,1,111.13,0,854
852,2019,8,15,0408,-1.86,109.96,4.95,0,2,3,4.88,0,852
853,2019,8,15,0408,-1.88,103.92,4.95,0,2,1,208.16,0,854
854,2019,8,15,0408,-1.88,103.94,4.95,0,2,1,248.24,0,854
855,2019,8,15,0408,-1.90,103.92,4.95,0,2,1,25.88,0,854
856,2019,8,15,0408,-1.90,103.94,4.95,0,2,5,28.05,0,854
857,2019,8,15,0408,-1.92,103.86,4.95,0,2,5,14.59,0,857
858,2019,8,15,0408,-2.10,103.86,4.95,0,3,3,4.71,0,859
859,2019,8,15,0408,-2.12,103.86,4.95,0,3,1,5.73,0,859
860,2019,8,15,0408,-2.20,110.14,4.95,0,3,1,4.57,0,861
861,2019,8,15,0408,-2.20,110.16,4.95,0,2,1,12.70,0,861
862,2019,8,15,0408,-2.20,110.18,4.95,0,2,1,12.70,0,861
863,2019,8,15,0408,-2.22,115.50,4.95,0,3,1,3.41,0,863
864,2019,8,15,0408,-2.26,103.40,4.95,0,3,3,4.51,0,868
865,2019,8,15,0408,-2.26,103.42,4.95,0,3,1,4.82,0,868
866,2019,8,15,0408,-2.28,103.38,4.95,0,3,3,4.08,0,868
867,2019,8,15,0408,-2.28,103.40,4.95,0,3,3,4.08,0,868
868,2019,8,15,0408,-2.28,103.42,4.95,0,2,5,10.13,0,868
869,2019,8,15,0408,-2.30,102.68,4.95,0,3,1,1.67,0,869
870,2019,8,15,0408,-2.30,102.70,4.95,0,3,1,1.67,0,869
871,2019,8,15,0408,-2.30,103.38,4.95,0,2,3,4.09,0,868
872,2019,8,15,0408,-2.30,103.40,4.95,0,2,3,4.09,0,868
873,2019,8,15,0408,-2.30,103.42,4.95,0,2,1,3.66,0,868
874,2019,8,15,0408,-2.36,111.24,4.95,0,3,1,3.63,0,874
875,2019,8,15,0408,-2.62,103.04,4.95,0,2,5,13.24,0,875
876,2019,8,15,0408,-2.62,103.06,4.95,0,2,3,5.88,0,875
877,2019,8,15,0408,-2.62,103.08,4.95,0,2,3,5.88,0,875
878,2019,8,15,0408,-2.64,110.74,4.95,0,2,3,13.61,0,878
879,2019,8,15,0408,-2.64,110.76,4.95,0,3,5,9.93,0,878
880,2019,8,15,0408,-2.64,110.78,4.95,0,3,5,9.93,0,878
881,2019,8,15,0408,-2.66,115.26,4.95,0,2,1,4.98,0,881
882,2019,8,15,0408,-2.76,103.30,4.95,0,3,3,2.53,0,882
883,2019,8,15,0408,-2.76,103.34,4.95,0,2,1,3.11,0,883
884,2019,8,15,0408,-2.76,103.36,4.95,0,2,1,3.11,0,883
885,2019,8,15,0408,-2.78,114.14,4.95,0,2,1,45.52,0,890
886,2019,8,15,0408,-2.78,114.16,4.95,0,2,1,11.52,0,890
887,2019,8,15,0408,-2.78,114.18,4.95,0,2,1,11.52,0,890
888,2019,8,15,0408,-2.80,102.92,4.95,0,3,1,4.52,0,888
889,2019,8,15,0408,-2.80,102.94,4.95,0,3,1,4.52,0,888
890,2019,8,15,0408,-2.80,114.14,4.95,0,1,1,55.99,0,890
891,2019,8,15,0408,-2.84,122.16,4.95,0,3,3,5.96,0,891
892,2019,8,15,0408,-2.94,103.88,4.95,0,3,3,1.80,0,892
893,2019,8,15,0408,-2.98,113.12,4.95,0,1,1,26.13,0,893
894,2019,8,15,0408,-3.00,115.06,4.95,0,2,3,5.78,0,894
895,2019,8,15,0408,-3.10,104.32,4.95,0,3,1,4.27,0,896
896,2019,8,15,0408,-3.12,104.32,4.95,0,2,3,8.03,0,896
897,2019,8,15,0408,-3.30,114.58,4.95,0,3,1,4.96,0,897
898,2019,8,15,0408,-3.34,114.58,4.95,0,3,1,5.03,0,899
899,2019,8,15,0408,-3.34,114.60,4.95,0,3,1,5.43,0,899
900,2019,8,15,0408,-3.38,103.62,4.95,0,3,1,3.49,0,900
901,2019,8,15,0408,-3.72,104.04,4.95,0,3,3,2.58,0,901
902,2019,8,15,0408,-3.72,104.06,4.95,0,3,3,2.25,0,901
903,2019,8,15,0408,-3.74,103.76,4.95,0,3,1,4.30,0,903
904,2019,8,15,0408,-3.74,103.78,4.95,0,3,1,3.04,0,903
905,2019,8,15,0408,-3.74,104.04,4.95,0,3,3,2.56,0,901
906,2019,8,15,0408,-3.74,104.06,4.95,0,3,3,2.53,0,901
907,2019,8,15,0408,-3.92,143.08,4.95,0,2,3,5.19,0,907
908,2019,8,15,0408,-4.00,104.46,4.94,0,3,3,2.77,0,908
909,2019,8,15,0408,-4.04,143.66,4.94,0,2,5,14.66,0,909
910,2019,8,15,0408,-4.04,143.68,4.94,0,3,3,5.68,0,909
911,2019,8,15,0408,-4.12,104.16,4.94,0,3,1,3.03,0,912
912,2019,8,15,0408,-4.14,104.16,4.94,0,3,3,3.04,0,912
913,2019,8,15,0408,-4.16,144.60,4.94,0,3,3,5.92,0,913
914,2019,8,15,0408,-4.36,144.16,4.94,0,3,1,3.92,0,914
915,2019,8,15,0408,-4.48,144.12,4.94,0,3,3,5.03,0,915
916,2019,8,15,0408,-4.48,144.14,4.94,0,3,3,4.05,0,915
917,2019,8,15,0408,-4.48,144.48,4.94,0,3,1,3.00,0,917
918,2019,8,15,0408,-4.68,144.32,4.94,0,2,5,9.78,0,918
919,2019,8,15,0408,-4.70,144.32,4.94,0,2,1,9.58,0,918
920,2019,8,15,0408,-4.76,144.48,4.94,0,2,5,49.75,0,922
921,2019,8,15,0408,-4.76,144.50,4.94,0,3,5,17.41,0,922
922,2019,8,15,0408,-4.78,144.48,4.94,0,2,5,52.04,0,922
923,2019,8,15,0408,-4.78,144.50,4.94,0,3,5,15.64,0,922
924,2019,8,15,0408,-4.96,144.76,4.94,0,3,3,3.71,0,925
925,2019,8,15,0408,-4.98,144.76,4.94,0,2,3,4.40,0,925
926,2019,8,15,0408,-5.88,145.64,4.93,0,2,1,19.10,0,926
927,2019,8,15,0408,-7.60,126.54,4.91,0,3,1,3.11,0,927
928,2019,8,15,0408,-7.94,126.46,4.91,0,3,1,2.84,0,928
929,2019,8,15,0408,-12.66,131.66,4.84,0,2,5,98.68,0,929
930,2019,8,15,0408,-12.68,131.66,4.84,0,2,5,28.44,0,929
931,2019,8,15,0408,-12.88,131.60,4.83,0,2,5,109.82,0,931
932,2019,8,15,0408,-12.88,131.62,4.83,0,2,5,46.96,0,931
933,2019,8,15,0408,-13.78,131.06,4.81,0,2,1,11.97,0,934
934,2019,8,15,0408,-13.80,131.06,4.81,0,2,1,13.16,0,934
935,2019,8,15,0408,-14.02,129.84,4.81,0,2,3,55.19,0,935
936,2019,8,15,0408,-14.24,132.76,4.80,0,2,3,12.88,0,937
937,2019,8,15,0408,-14.24,132.78,4.80,0,2,3,21.87,0,937
938,2019,8,15,0408,-14.54,127.24,4.80,0,2,1,5.24,0,938
939,2019,8,15,0408,-14.62,126.88,4.80,0,2,1,7.80,0,939
940,2019,8,15,0408,-14.74,131.58,4.79,0,2,3,16.76,0,940
941,2019,8,15,0408,-14.86,132.24,4.79,0,2,1,8.54,0,941
942,2019,8,15,0408,-14.88,129.74,4.79,0,2,3,23.73,0,942
943,2019,8,15,0408,-14.96,130.70,4.79,0,2,3,11.52,0,945
944,2019,8,15,0408,-14.96,130.72,4.79,0,2,3,10.41,0,945
945,2019,8,15,0408,-14.98,130.70,4.79,0,2,5,49.02,0,945
946,2019,8,15,0408,-14.98,130.72,4.79,0,2,5,39.05,0,945
947,2019,8,15,0408,-15.00,130.70,4.79,0,2,5,30.89,0,945
948,2019,8,15,0408,-15.08,127.88,4.79,0,3,1,7.35,0,948
949,2019,8,15,0408,-15.20,132.76,4.78,0,3,3,4.65,2,949
950,2019,8,15,0408,-15.24,132.06,4.78,0,3,3,3.63,0,950
951,2019,8,15,0408,-15.32,130.22,4.78,0,2,3,32.35,0,951
952,2019,8,15,0408,-15.32,130.40,4.78,0,2,5,118.12,0,952
953,2019,8,15,0408,-15.34,130.38,4.78,0,2,5,52.98,0,952
954,2019,8,15,0408,-15.34,130.40,4.78,0,2,5,54.85,0,952
955,2019,8,15,0408,-15.36,130.30,4.78,0,2,3,24.06,0,955
956,2019,8,15,0408,-15.38,125.44,4.78,0,2,1,6.98,0,956
957,2019,8,15,0408,-15.50,128.14,4.78,0,2,5,28.64,0,957
958,2019,8,15,0408,-15.50,128.16,4.78,0,2,3,20.38,0,957
959,2019,8,15,0408,-15.52,126.72,4.78,0,3,1,4.49,0,959
960,2019,8,15,0408,-15.54,126.72,4.78,0,3,1,4.16,0,959
961,2019,8,15,0408,-15.74,130.54,4.77,0,2,3,14.92,0,961
962,2019,8,15,0408,-15.76,129.12,4.77,0,2,1,5.33,0,962
963,2019,8,15,0408,-16.00,143.68,4.76,0,2,1,4.49,0,964
964,2019,8,15,0408,-16.00,143.70,4.76,0,2,3,4.95,0,964
965,2019,8,15,0408,-16.02,125.02,4.76,0,1,1,29.44,0,965
966,2019,8,15,0408,-16.10,136.56,4.76,0,2,3,18.44,0,966
967,2019,8,15,0408,-16.10,136.58,4.76,0,2,3,16.92,0,966
968,2019,8,15,0408,-16.20,126.14,4.76,0,2,3,19.17,0,969
969,2019,8,15,0408,-16.22,126.14,4.76,0,2,3,24.37,0,969
970,2019,8,15,0408,-16.26,126.04,4.76,0,2,3,18.67,0,970
971,2019,8,15,0408,-16.32,142.86,4.76,0,2,3,3.48,0,971
972,2019,8,15,0408,-16.46,136.82,4.75,0,2,3,12.56,0,972
973,2019,8,15,0408,-16.64,136.76,4.75,0,2,5,14.03,0,973
974,2019,8,15,0408,-16.64,136.78,4.75,0,2,3,10.06,0,973
975,2019,8,15,0408,-16.68,128.20,4.75,0,2,3,13.62,0,975
976,2019,8,15,0408,-16.68,136.74,4.75,0,2,3,11.69,0,976
977,2019,8,15,0408,-16.70,136.78,4.75,0,2,5,17.72,0,977
978,2019,8,15,0408,-16.70,136.80,4.75,0,2,5,15.26,0,977
979,2019,8,15,0408,-16.72,127.42,4.75,0,2,1,6.32,0,979
980,2019,8,15,0408,-16.94,124.90,4.74,0,2,1,5.22,0,980
981,2019,8,15,0408,-16.96,124.10,4.74,0,2,1,9.65,0,981
982,2019,8,15,0408,-17.10,142.48,4.74,0,2,3,9.58,0,982
983,2019,8,15,0408,-17.52,142.32,4.73,0,2,1,11.41,0,983
984,2019,8,15,0408,-17.54,142.32,4.73,0,2,1,3.58,0,983
985,2019,8,15,0408,-17.56,122.36,4.73,0,2,1,5.18,0,985
986,2019,8,15,0408,-17.72,123.94,4.72,0,3,1,5.23,0,986
987,2019,8,15,0408,-17.72,123.96,4.72,0,3,1,4.52,0,986
988,2019,8,15,0408,-17.78,123.92,4.72,0,3,1,5.66,0,988
989,2019,8,15,0408,-17.78,123.94,4.72,0,3,1,5.13,0,988
990,2019,8,15,0408,-17.78,123.96,4.72,0,3,1,5.22,0,988
991,2019,8,15,0408,-17.84,125.82,4.72,0,3,1,5.55,0,992
992,2019,8,15,0408,-17.84,125.84,4.72,0,2,1,10.28,0,992
993,2019,8,15,0408,-18.72,133.26,4.69,0,3,1,4.09,0,995
994,2019,8,15,0408,-18.74,133.26,4.69,0,3,1,4.18,0,995
995,2019,8,15,0408,-18.74,133.28,4.69,0,3,1,4.72,0,995
996,2019,8,15,0408,-19.16,138.32,4.68,0,3,3,8.41,0,996
997,2019,8,15,0408,-20.92,130.38,4.63,0,2,3,8.69,0,998
998,2019,8,15,0408,-20.92,130.40,4.63,0,2,5,18.63,0,998
999,2019,8,15,0408,-20.94,130.40,4.63,0,2,3,11.67,0,998
1000,2019,8,15,0408,-21.26,136.52,4.62,0,2,3,2.32,0,1000
1001,2019,8,15,0408,-28.02,148.16,4.38,0,2,1,12.88,0,1002
1002,2019,8,15,0408,-28.02,148.18,4.38,0,2,1,21.72,0,1002
1003,2019,8,15,0408,-28.04,148.18,4.37,0,3,1,9.24,0,1002
1004,2019,8,15,0408,-29.44,122.96,4.32,0,3,1,3.26,0,1004
1005,2019,8,15,0408,-30.36,149.08,4.28,0,2,5,16.04,0,1005
1006,2019,8,15,0408,-30.36,149.10,4.28,0,2,3,7.78,0,1005
1007,2019,8,15,0408,-31.12,115.68,4.24,0,3,3,2.22,0,1007
1008,2019,8,15,0408,-31.12,115.70,4.24,0,3,3,2.22,0,1007
1009,2019,8,15,0408,-31.28,148.02,4.24,0,2,3,4.95,0,1009
1010,2019,8,15,0408,-31.30,148.02,4.24,0,2,3,4.62,0,1009
1011,2019,8,15,0408,-31.64,146.26,4.22,0,3,1,3.07,0,1011
1012,2019,8,15,0408,-32.06,134.78,4.20,0,2,3,7.31,0,1012
1013,2019,8,15,0408,-32.10,134.82,4.20,0,2,3,14.75,0,1013
1014,2019,8,15,0408,-32.10,134.84,4.20,0,2,3,10.06,0,1013
1015,2019,8,15,0408,-32.14,146.82,4.20,0,3,3,4.66,0,1016
1016,2019,8,15,0408,-32.16,146.82,4.20,0,3,3,4.66,0,1016
1017,2019,8,15,0408,-32.20,146.72,4.19,0,3,1,6.16,0,1018
1018,2019,8,15,0408,-32.20,146.74,4.19,0,3,1,6.62,0,1018
1019,2019,8,15,0408,-33.90,142.68,4.11,0,3,3,2.69,0,1022
1020,2019,8,15,0408,-33.90,142.70,4.11,0,3,5,3.66,0,1022
1021,2019,8,15,0408,-33.92,142.68,4.11,0,3,5,3.83,0,1022
1022,2019,8,15,0408,-33.92,142.70,4.11,0,2,5,6.19,0,1022
1023,2019,8,15,0408,-34.34,116.94,4.09,0,2,3,17.97,0,1023
1024,2019,8,15,0408,-34.34,116.96,4.09,0,2,3,17.97,0,1023
1025,2019,8,15,0408,-34.42,147.42,4.09,0,2,5,19.24,0,1028
1026,2019,8,15,0408,-34.44,119.14,4.09,0,3,1,4.37,0,1026
1027,2019,8,15,0408,-34.44,119.16,4.09,0,3,1,3.86,2,1026
1028,2019,8,15,0408,-34.44,147.42,4.09,0,2,5,19.24,0,1028
1029,2019,8,15,0408,-34.46,119.16,4.09,0,3,1,3.85,0,1026
1030,2019,8,15,0408,-34.46,119.18,4.09,0,3,1,3.63,0,1026
1031,2019,8,15,0408,-34.46,150.86,4.09,0,3,1,3.61,0,1032
1032,2019,8,15,0408,-34.46,150.88,4.09,0,2,1,5.17,0,1032
1033,2019,8,15,0408,-34.46,150.90,4.09,0,2,1,5.17,0,1032
1034,2019,8,15,0408,-35.12,147.34,4.05,0,3,1,.99,0,1036
1035,2019,8,15,0408,-35.14,147.32,4.05,0,3,3,1.15,0,1036
1036,2019,8,15,0408,-35.14,147.34,4.05,0,3,3,1.58,0,1036
1037,2019,8,15,0408,-35.14,147.36,4.05,0,3,3,1.03,0,1036
1038,2019,8,15,0408,-35.14,147.38,4.05,0,3,1,1.03,0,1036
1039,2019,8,15,0408,-44.70,170.36,3.52,0,2,1,3.49,0,1039
1040,2019,8,15,0408,-45.62,170.12,3.47,0,2,3,7.05,0,1043
1041,2019,8,15,0408,-45.62,170.14,3.47,0,2,3,7.05,0,1043
1042,2019,8,15,0408,-45.64,170.14,3.47,0,2,3,7.05,0,1043
1043,2019,8,15,0408,-45.64,170.16,3.47,0,2,3,7.05,0,1043
