# 2020  2 19  7 40 UTC  2020  3 14  5 52 UTC
# ID,Year,Month,Day,Time(UTC),Lat,Lon,Area(km^2),Volcano,Level,Reliability,FRP(Wm^-2),QF,Hot(ID)
1,2020,2,19,0741,51.62,113.46,3.08,0,2,3,4.57,0,3
2,2020,2,19,0741,51.60,113.46,3.08,0,2,3,4.57,0,3
3,2020,2,19,0741,51.60,113.48,3.08,0,2,3,4.57,0,3
4,2020,2,19,0741,51.40,112.16,3.09,0,2,3,6.81,0,4
5,2020,2,19,0741,51.38,112.18,3.09,0,2,3,7.41,0,7
6,2020,2,19,0741,51.38,112.20,3.09,0,2,3,7.41,0,7
7,2020,2,19,0741,51.38,112.22,3.09,0,2,3,8.81,0,7
8,2020,2,19,0741,51.38,112.24,3.09,0,2,3,8.81,0,7
9,2020,2,19,0741,51.36,112.22,3.10,0,2,3,7.41,0,7
10,2020,2,19,0741,51.36,112.24,3.10,0,2,3,8.81,0,7
11,2020,2,19,0741,51.36,112.26,3.10,0,2,3,8.81,0,7
12,2020,2,19,0741,45.68,121.38,3.46,0,2,1,1.91,0,14
13,2020,2,19,0741,45.68,121.40,3.46,0,2,1,1.91,0,14
14,2020,2,19,0741,45.66,121.40,3.46,0,2,3,1.91,0,14
15,2020,2,19,0741,45.66,121.42,3.46,0,2,3,1.24,0,14
16,2020,2,19,0741,45.66,121.44,3.46,0,2,3,1.24,0,14
17,2020,2,19,0741,45.38,121.80,3.48,0,2,3,2.66,0,17
18,2020,2,19,0741,45.36,121.48,3.48,0,2,3,1.14,0,22
19,2020,2,19,0741,45.36,121.50,3.48,0,2,3,1.14,0,22
20,2020,2,19,0741,45.36,121.80,3.48,0,2,3,2.66,0,17
21,2020,2,19,0741,45.36,121.82,3.48,0,2,3,2.66,0,17
22,2020,2,19,0741,45.34,121.50,3.48,0,2,1,1.14,0,22
23,2020,2,19,0741,44.98,121.54,3.51,0,1,3,28.64,0,23
24,2020,2,19,0741,44.98,121.56,3.51,0,1,3,28.64,0,23
25,2020,2,19,0741,44.96,121.56,3.51,0,1,3,28.64,0,23
26,2020,2,19,0741,44.94,121.56,3.51,0,2,5,18.99,0,23
27,2020,2,19,0741,44.94,121.58,3.51,0,2,5,18.99,0,23
28,2020,2,19,0741,43.42,124.90,3.60,0,2,3,2.34,0,28
29,2020,2,19,0741,43.40,124.90,3.60,0,2,3,2.34,0,28
30,2020,2,19,0741,43.20,125.40,3.61,0,2,3,1.80,0,30
31,2020,2,19,0741,43.18,125.40,3.61,0,2,3,1.80,0,30
32,2020,2,19,0741,42.92,124.14,3.63,0,2,3,1.39,0,40
33,2020,2,19,0741,42.92,124.16,3.63,0,2,3,1.39,0,40
34,2020,2,19,0741,42.92,124.18,3.63,0,2,5,2.09,0,40
35,2020,2,19,0741,42.90,124.16,3.63,0,2,3,1.39,0,40
36,2020,2,19,0741,42.90,124.18,3.63,0,2,3,1.98,0,40
37,2020,2,19,0741,42.88,124.16,3.63,0,2,5,4.06,0,40
38,2020,2,19,0741,42.88,124.18,3.63,0,2,5,3.37,0,40
39,2020,2,19,0741,42.88,124.20,3.63,0,2,5,3.37,0,40
40,2020,2,19,0741,42.86,124.16,3.63,0,1,5,6.49,0,40
41,2020,2,19,0741,42.86,124.18,3.63,0,1,5,6.49,0,40
42,2020,2,19,0741,42.84,124.18,3.63,0,1,5,6.49,0,40
43,2020,2,19,0741,42.58,123.74,3.65,0,2,3,2.10,0,43
44,2020,2,19,0741,42.58,123.78,3.65,0,2,1,3.18,0,57
45,2020,2,19,0741,42.58,123.84,3.65,0,2,3,4.54,0,57
46,2020,2,19,0741,42.58,123.86,3.65,0,2,3,4.54,0,57
47,2020,2,19,0741,42.56,123.78,3.65,0,2,5,18.93,0,57
48,2020,2,19,0741,42.56,123.80,3.65,0,2,5,12.65,0,57
49,2020,2,19,0741,42.56,123.86,3.65,0,2,5,8.61,0,57
50,2020,2,19,0741,42.56,123.88,3.65,0,2,3,2.91,0,57
51,2020,2,19,0741,42.54,123.78,3.65,0,2,5,18.93,0,57
52,2020,2,19,0741,42.54,123.80,3.65,0,2,5,12.65,0,57
53,2020,2,19,0741,42.54,123.82,3.65,0,2,5,12.65,0,57
54,2020,2,19,0741,42.54,123.86,3.65,0,2,5,8.61,0,57
55,2020,2,19,0741,42.54,123.88,3.65,0,2,3,2.91,0,57
56,2020,2,19,0741,42.54,123.90,3.65,0,2,3,2.91,0,57
57,2020,2,19,0741,42.52,123.78,3.65,0,2,5,32.80,0,57
58,2020,2,19,0741,42.52,123.80,3.65,0,2,5,32.80,0,57
59,2020,2,19,0741,42.52,123.82,3.65,0,2,5,29.05,0,57
60,2020,2,19,0741,42.52,123.84,3.65,0,2,5,13.41,0,57
61,2020,2,19,0741,42.52,123.86,3.65,0,2,3,6.44,0,57
62,2020,2,19,0741,42.52,123.88,3.65,0,2,3,6.44,0,57
63,2020,2,19,0741,42.52,123.94,3.65,0,2,3,3.20,0,63
64,2020,2,19,0741,42.52,123.96,3.65,0,2,3,3.20,0,63
65,2020,2,19,0741,42.50,123.78,3.65,0,2,5,24.13,0,57
66,2020,2,19,0741,42.50,123.80,3.65,0,2,5,24.13,0,57
67,2020,2,19,0741,42.48,123.80,3.66,0,2,5,24.13,0,57
68,2020,2,19,0741,42.46,123.82,3.66,0,2,5,18.54,0,68
69,2020,2,19,0741,42.46,123.84,3.66,0,2,5,18.54,0,68
70,2020,2,19,0741,42.46,123.86,3.66,0,2,5,7.68,0,68
71,2020,2,19,0741,42.44,123.84,3.66,0,2,5,17.75,0,68
72,2020,2,19,0741,42.44,123.86,3.66,0,2,3,3.87,0,68
73,2020,2,19,0741,42.42,123.84,3.66,0,2,5,17.75,0,68
74,2020,2,19,0741,42.42,123.86,3.66,0,2,3,3.87,0,68
75,2020,2,19,0741,42.42,123.88,3.66,0,2,3,3.87,0,68
76,2020,2,19,0741,42.24,123.04,3.67,0,2,3,5.19,0,76
77,2020,2,19,0741,42.22,123.00,3.67,0,2,3,5.25,0,78
78,2020,2,19,0741,42.22,123.02,3.67,0,2,3,6.62,0,78
79,2020,2,19,0741,42.20,123.00,3.67,0,2,3,5.25,0,78
80,2020,2,19,0741,42.20,123.02,3.67,0,2,3,6.62,0,78
81,2020,2,19,0741,42.20,123.32,3.67,0,2,3,8.90,0,82
82,2020,2,19,0741,42.20,123.34,3.67,0,2,5,13.03,0,82
83,2020,2,19,0741,42.20,123.36,3.67,0,2,5,13.03,0,82
84,2020,2,19,0741,42.20,123.38,3.67,0,2,5,8.76,0,82
85,2020,2,19,0741,42.18,123.36,3.67,0,2,5,13.03,0,82
86,2020,2,19,0741,42.18,123.38,3.67,0,2,5,8.76,0,82
87,2020,2,19,0741,39.48,110.52,3.83,0,1,1,5.75,0,87
88,2020,2,19,0741,39.28,110.14,3.84,0,2,1,1.29,0,89
89,2020,2,19,0741,39.28,110.16,3.84,0,2,1,1.29,0,89
90,2020,2,19,0741,39.08,111.48,3.85,0,3,3,1.28,0,90
91,2020,2,19,0741,39.08,111.50,3.85,0,3,3,1.28,0,90
92,2020,2,19,0741,38.66,115.46,3.87,0,2,3,1.96,0,92
93,2020,2,19,0741,38.06,116.58,3.90,0,2,3,2.55,0,94
94,2020,2,19,0741,38.04,116.58,3.90,0,2,3,2.55,0,94
95,2020,2,19,0741,38.04,116.60,3.90,0,2,3,2.55,0,94
96,2020,2,19,0741,38.02,109.76,3.90,0,3,1,1.21,0,97
97,2020,2,19,0741,38.02,109.78,3.90,0,3,1,1.21,0,97
98,2020,2,19,0741,36.88,111.56,3.96,0,3,3,1.31,0,99
99,2020,2,19,0741,36.88,111.58,3.96,0,3,3,1.31,0,99
100,2020,2,19,0741,35.14,114.68,4.05,0,3,3,1.47,0,100
101,2020,2,19,0741,35.06,105.92,4.06,0,2,1,3.22,0,101
102,2020,2,19,0741,35.06,105.94,4.06,0,2,1,3.22,0,101
103,2020,2,19,0741,34.48,133.42,4.09,0,2,1,2.10,0,107
104,2020,2,19,0741,34.48,133.44,4.09,0,2,1,2.10,0,107
105,2020,2,19,0741,34.46,133.40,4.09,0,2,1,1.63,0,107
106,2020,2,19,0741,34.46,133.42,4.09,0,2,1,1.63,0,107
107,2020,2,19,0741,34.46,133.44,4.09,0,1,1,17.51,0,107
108,2020,2,19,0741,34.32,105.72,4.09,0,3,3,2.62,0,108
109,2020,2,19,0741,32.56,113.00,4.18,0,2,3,1.77,0,109
110,2020,2,19,0741,32.56,113.02,4.18,0,2,3,1.77,0,109
111,2020,2,19,0741,32.50,112.32,4.18,0,3,3,1.04,0,111
112,2020,2,19,0741,30.50,113.58,4.27,0,2,5,18.03,0,112
113,2020,2,19,0741,30.50,113.60,4.27,0,2,5,18.03,0,112
114,2020,2,19,0741,30.48,113.60,4.27,0,2,5,18.03,0,112
115,2020,2,19,0741,30.30,112.30,4.28,0,3,1,.97,0,117
116,2020,2,19,0741,30.30,112.32,4.28,0,3,1,.97,0,117
117,2020,2,19,0741,30.30,112.34,4.28,0,3,3,.97,0,117
118,2020,2,19,0741,29.44,112.64,4.32,0,3,1,.92,0,118
119,2020,2,19,0741,29.10,111.12,4.33,0,3,3,1.50,0,119
120,2020,2,19,0741,29.10,111.14,4.33,0,3,3,1.50,0,119
121,2020,2,19,0741,29.06,111.66,4.33,0,3,1,.65,0,121
122,2020,2,19,0741,29.04,111.72,4.33,0,3,1,.98,0,122
123,2020,2,19,0741,29.02,111.72,4.33,0,3,1,.98,0,122
124,2020,2,19,0741,28.80,104.60,4.34,0,2,1,1.36,0,124
125,2020,2,19,0741,28.28,109.14,4.36,0,2,5,5.44,0,125
126,2020,2,19,0741,28.02,108.80,4.38,0,3,3,2.44,2,126
127,2020,2,19,0741,28.00,111.44,4.38,0,3,1,.96,0,127
128,2020,2,19,0741,28.00,111.46,4.38,0,3,1,.96,0,127
129,2020,2,19,0741,27.98,111.46,4.38,0,3,3,.96,0,127
130,2020,2,19,0741,27.80,111.54,4.38,0,2,3,2.53,0,130
131,2020,2,19,0741,27.44,104.96,4.40,0,3,1,1.37,0,131
132,2020,2,19,0741,27.44,104.98,4.40,0,3,3,1.37,0,131
133,2020,2,19,0741,27.32,111.10,4.40,0,3,3,2.59,2,133
134,2020,2,19,0741,27.22,107.88,4.41,0,3,1,1.43,0,134
135,2020,2,19,0741,26.98,107.42,4.42,0,3,3,1.07,0,136
136,2020,2,19,0741,26.98,107.44,4.42,0,3,3,1.21,0,136
137,2020,2,19,0741,26.82,101.30,4.42,0,2,3,14.37,0,137
138,2020,2,19,0741,26.82,101.32,4.42,0,2,3,14.37,0,137
139,2020,2,19,0741,26.58,106.52,4.43,0,3,3,1.37,0,139
140,2020,2,19,0741,26.52,107.70,4.44,0,2,3,2.60,0,140
141,2020,2,19,0741,26.48,107.72,4.44,0,2,3,7.87,0,141
142,2020,2,19,0741,26.44,95.52,4.44,0,2,3,27.54,0,146
143,2020,2,19,0741,26.44,95.54,4.44,0,2,3,27.54,0,146
144,2020,2,19,0741,26.44,95.56,4.44,0,2,5,14.94,0,146
145,2020,2,19,0741,26.44,95.58,4.44,0,2,5,14.94,0,146
146,2020,2,19,0741,26.42,95.54,4.44,0,2,5,38.78,0,146
147,2020,2,19,0741,26.42,95.56,4.44,0,2,5,38.31,0,146
148,2020,2,19,0741,26.42,95.58,4.44,0,2,5,18.60,0,146
149,2020,2,19,0741,26.40,95.60,4.44,0,2,5,17.02,0,149
150,2020,2,19,0741,25.92,106.00,4.46,0,2,1,1.49,0,150
151,2020,2,19,0741,25.60,89.78,4.47,0,3,1,1.88,0,151
152,2020,2,19,0741,25.36,105.86,4.48,0,2,3,2.62,0,152
153,2020,2,19,0741,25.36,105.88,4.48,0,2,3,2.62,0,152
154,2020,2,19,0741,25.00,93.76,4.49,0,1,3,24.00,0,154
155,2020,2,19,0741,25.00,93.78,4.49,0,1,3,23.43,0,154
156,2020,2,19,0741,24.94,106.56,4.49,0,2,5,6.52,0,156
157,2020,2,19,0741,24.94,106.58,4.49,0,2,3,6.52,0,156
158,2020,2,19,0741,24.94,106.60,4.49,0,2,3,4.40,0,156
159,2020,2,19,0741,24.78,117.56,4.50,0,3,3,2.30,2,159
160,2020,2,19,0741,24.60,89.70,4.51,0,3,3,3.81,0,161
161,2020,2,19,0741,24.60,89.72,4.51,0,3,3,3.81,0,161
162,2020,2,19,0741,24.58,89.66,4.51,0,3,3,3.18,0,161
163,2020,2,19,0741,24.58,89.68,4.51,0,3,3,3.18,0,161
164,2020,2,19,0741,24.58,89.70,4.51,0,3,3,3.47,0,161
165,2020,2,19,0741,24.58,89.72,4.51,0,3,3,3.47,0,161
166,2020,2,19,0741,24.56,89.70,4.51,0,3,3,3.18,0,161
167,2020,2,19,0741,24.56,89.72,4.51,0,3,3,3.47,0,161
168,2020,2,19,0741,24.56,89.74,4.51,0,3,3,3.47,0,161
169,2020,2,19,0741,24.54,89.74,4.51,0,3,1,2.80,0,161
170,2020,2,19,0741,24.54,89.76,4.51,0,3,1,2.81,0,161
171,2020,2,19,0741,24.54,107.36,4.51,0,2,5,7.83,0,171
172,2020,2,19,0741,24.54,107.38,4.51,0,3,3,2.69,0,171
173,2020,2,19,0741,24.48,106.04,4.51,0,3,3,2.21,0,173
174,2020,2,19,0741,24.48,106.06,4.51,0,3,3,2.21,0,173
175,2020,2,19,0741,24.48,106.98,4.51,0,2,5,8.54,0,176
176,2020,2,19,0741,24.48,107.00,4.51,0,2,5,9.29,0,176
177,2020,2,19,0741,24.46,106.06,4.51,0,3,3,1.93,0,173
178,2020,2,19,0741,24.34,92.66,4.52,0,2,1,3.61,0,181
179,2020,2,19,0741,24.34,92.68,4.52,0,2,3,3.61,0,181
180,2020,2,19,0741,24.34,92.70,4.52,0,2,3,5.80,0,181
181,2020,2,19,0741,24.34,92.72,4.52,0,2,3,5.80,0,181
182,2020,2,19,0741,24.32,94.80,4.52,0,2,1,3.14,0,183
183,2020,2,19,0741,24.32,94.82,4.52,0,2,1,3.14,0,183
184,2020,2,19,0741,24.16,104.20,4.52,0,2,1,5.35,0,184
185,2020,2,19,0741,24.14,88.78,4.52,0,3,1,2.91,0,186
186,2020,2,19,0741,24.14,88.80,4.52,0,3,1,2.91,0,186
187,2020,2,19,0741,24.14,88.88,4.52,0,2,1,3.16,0,189
188,2020,2,19,0741,24.12,88.86,4.52,0,3,1,5.29,2,189
189,2020,2,19,0741,24.12,88.88,4.52,0,3,3,5.29,2,189
190,2020,2,19,0741,24.06,104.88,4.53,0,1,5,69.23,0,190
191,2020,2,19,0741,24.06,104.90,4.53,0,2,3,5.53,0,190
192,2020,2,19,0741,23.98,105.96,4.53,0,2,3,3.36,0,192
193,2020,2,19,0741,23.98,105.98,4.53,0,2,3,2.97,0,192
194,2020,2,19,0741,23.98,106.00,4.53,0,2,3,2.97,0,192
195,2020,2,19,0741,23.86,92.34,4.53,0,2,5,34.94,0,195
196,2020,2,19,0741,23.86,92.36,4.53,0,2,5,34.89,0,195
197,2020,2,19,0741,23.86,92.38,4.53,0,3,3,3.18,0,195
198,2020,2,19,0741,23.84,92.36,4.53,0,2,5,34.89,0,195
199,2020,2,19,0741,23.84,92.38,4.53,0,3,3,3.18,0,195
200,2020,2,19,0741,23.84,92.40,4.53,0,3,3,3.18,0,195
201,2020,2,19,0741,23.78,86.34,4.54,0,1,1,17.82,0,203
202,2020,2,19,0741,23.78,86.36,4.54,0,1,1,17.82,0,203
203,2020,2,19,0741,23.78,86.38,4.54,0,1,1,17.82,0,203
204,2020,2,19,0741,23.56,92.92,4.54,0,2,5,10.90,0,204
205,2020,2,19,0741,23.56,92.94,4.54,0,2,5,10.90,0,204
206,2020,2,19,0741,23.52,95.46,4.54,0,2,3,4.96,0,208
207,2020,2,19,0741,23.50,95.46,4.55,0,2,3,4.96,0,208
208,2020,2,19,0741,23.50,95.48,4.55,0,2,3,4.96,0,208
209,2020,2,19,0741,23.50,105.24,4.55,0,3,3,2.87,0,209
210,2020,2,19,0741,23.50,105.26,4.55,0,3,3,2.87,0,209
211,2020,2,19,0741,22.88,105.80,4.57,0,3,1,1.55,0,211
212,2020,2,19,0741,22.62,97.20,4.58,0,2,3,11.37,0,212
213,2020,2,19,0741,22.20,98.24,4.59,0,2,1,8.11,0,213
214,2020,2,19,0741,22.20,98.26,4.59,0,2,3,8.11,0,213
215,2020,2,19,0741,22.20,98.28,4.59,0,3,1,6.39,0,213
216,2020,2,19,0741,22.14,105.26,4.59,0,1,1,7.30,0,216
217,2020,2,19,0741,22.08,98.02,4.59,0,2,5,29.42,0,217
218,2020,2,19,0741,22.06,98.02,4.59,0,2,3,17.24,0,217
219,2020,2,19,0741,22.06,98.04,4.59,0,2,3,17.24,0,217
220,2020,2,19,0741,21.78,103.00,4.60,0,3,1,2.80,0,220
221,2020,2,19,0741,21.78,103.02,4.60,0,3,1,2.80,0,220
222,2020,2,19,0741,21.68,98.14,4.61,0,2,1,8.38,0,222
223,2020,2,19,0741,21.66,98.16,4.61,0,2,3,9.25,0,223
224,2020,2,19,0741,21.54,96.94,4.61,0,2,1,11.92,0,224
225,2020,2,19,0741,21.54,96.96,4.61,0,2,1,11.92,0,224
226,2020,2,19,0741,21.54,97.04,4.61,0,2,3,14.63,0,226
227,2020,2,19,0741,21.20,82.14,4.62,0,3,1,3.23,0,227
228,2020,2,19,0741,21.12,97.08,4.62,0,2,3,14.71,0,228
229,2020,2,19,0741,21.10,97.08,4.62,0,2,3,14.70,0,228
230,2020,2,19,0741,21.10,97.10,4.62,0,2,3,14.70,0,228
231,2020,2,19,0741,21.08,97.08,4.62,0,2,1,8.29,0,228
232,2020,2,19,0741,21.08,97.10,4.62,0,2,3,14.70,0,228
233,2020,2,19,0741,21.06,97.10,4.63,0,2,3,8.28,0,228
234,2020,2,19,0741,21.02,97.72,4.63,0,2,3,16.30,0,234
235,2020,2,19,0741,21.02,97.74,4.63,0,2,3,8.20,0,234
236,2020,2,19,0741,21.02,97.76,4.63,0,2,3,8.20,0,234
237,2020,2,19,0741,20.94,105.20,4.63,0,2,3,4.43,0,237
238,2020,2,19,0741,20.94,105.22,4.63,0,2,3,4.43,0,237
239,2020,2,19,0741,20.66,110.08,4.64,0,2,5,3.85,0,239
240,2020,2,19,0741,20.60,97.50,4.64,0,2,3,20.83,0,240
241,2020,2,19,0741,20.58,97.50,4.64,0,2,3,20.83,0,240
242,2020,2,19,0741,20.58,97.52,4.64,0,2,3,20.81,0,240
243,2020,2,19,0741,20.56,97.64,4.64,0,2,3,9.20,0,243
244,2020,2,19,0741,20.54,97.62,4.64,0,2,3,22.49,0,244
245,2020,2,19,0741,20.52,97.62,4.64,0,2,3,11.33,0,244
246,2020,2,19,0741,20.52,97.64,4.64,0,2,3,11.33,0,244
247,2020,2,19,0741,20.04,103.64,4.66,0,2,3,6.14,0,247
248,2020,2,19,0741,20.04,103.66,4.66,0,2,3,6.14,0,247
249,2020,2,19,0741,19.92,97.72,4.66,0,2,3,21.78,0,249
250,2020,2,19,0741,19.92,98.70,4.66,0,2,3,11.91,0,250
251,2020,2,19,0741,19.58,103.68,4.67,0,3,1,2.90,0,251
252,2020,2,19,0741,19.58,103.70,4.67,0,3,1,2.77,0,251
253,2020,2,19,0741,19.44,95.64,4.67,0,2,3,9.14,0,253
254,2020,2,19,0741,19.12,97.48,4.68,0,2,1,15.12,0,256
255,2020,2,19,0741,19.12,97.50,4.68,0,2,3,15.12,0,256
256,2020,2,19,0741,19.12,97.52,4.68,0,2,1,18.83,0,256
257,2020,2,19,0741,19.06,101.56,4.68,0,2,3,10.31,0,257
258,2020,2,19,0741,19.06,101.58,4.68,0,2,3,10.31,0,257
259,2020,2,19,0741,18.94,103.78,4.69,0,3,3,6.45,0,259
260,2020,2,19,0741,18.94,103.80,4.69,0,3,3,6.45,0,259
261,2020,2,19,0741,18.74,103.44,4.69,0,2,5,27.97,0,261
262,2020,2,19,0741,18.72,103.44,4.69,0,2,3,12.01,0,261
263,2020,2,19,0741,18.72,103.46,4.69,0,2,3,12.01,0,261
264,2020,2,19,0741,18.58,103.66,4.70,0,2,3,18.03,0,264
265,2020,2,19,0741,18.58,103.68,4.70,0,3,3,9.88,0,264
266,2020,2,19,0741,18.58,103.82,4.70,0,2,3,15.11,0,266
267,2020,2,19,0741,18.24,104.10,4.71,0,3,3,7.08,0,267
268,2020,2,19,0741,18.24,104.12,4.71,0,3,3,7.08,0,267
269,2020,2,19,0741,18.14,101.42,4.71,0,2,5,19.58,0,269
270,2020,2,19,0741,17.82,104.06,4.72,0,2,3,10.40,0,270
271,2020,2,19,0741,17.82,104.08,4.72,0,2,3,10.40,0,270
272,2020,2,19,0741,17.80,103.60,4.72,0,2,3,12.89,0,272
273,2020,2,19,0741,17.80,103.62,4.72,0,2,3,9.29,0,272
274,2020,2,19,0741,17.76,104.96,4.72,0,3,3,7.32,0,275
275,2020,2,19,0741,17.74,104.96,4.72,0,2,3,10.07,0,275
276,2020,2,19,0741,17.72,104.96,4.72,0,2,3,10.07,0,275
277,2020,2,19,0741,17.72,104.98,4.72,0,2,3,10.07,0,275
278,2020,2,19,0741,17.66,103.66,4.72,0,2,1,4.89,0,278
279,2020,2,19,0741,17.52,120.70,4.73,0,2,3,5.52,0,279
280,2020,2,19,0741,17.12,105.20,4.74,0,2,3,8.75,0,280
281,2020,2,19,0741,17.12,105.22,4.74,0,2,3,8.75,0,280
282,2020,2,19,0741,17.02,105.16,4.74,0,2,3,12.47,0,282
283,2020,2,19,0741,17.00,105.14,4.74,0,2,3,9.78,0,282
284,2020,2,19,0741,17.00,105.16,4.74,0,2,3,10.40,0,282
285,2020,2,19,0741,16.96,105.22,4.74,0,2,3,9.63,0,285
286,2020,2,19,0741,16.96,105.24,4.74,0,2,3,9.63,0,285
287,2020,2,19,0741,16.72,105.96,4.75,0,2,3,15.39,0,287
288,2020,2,19,0741,16.70,105.96,4.75,0,2,3,11.23,0,287
289,2020,2,19,0741,16.60,105.34,4.75,0,2,1,5.87,0,289
290,2020,2,19,0741,16.04,95.64,4.76,0,2,3,10.79,0,290
291,2020,2,19,0741,16.04,95.66,4.76,0,2,3,10.79,0,290
292,2020,2,19,0741,15.64,106.68,4.77,0,2,3,14.27,0,292
293,2020,2,19,0741,15.62,106.68,4.77,0,2,3,12.56,0,292
294,2020,2,19,0741,15.50,120.28,4.78,0,2,3,18.92,0,294
295,2020,2,19,0741,15.48,103.16,4.78,0,2,1,3.24,0,297
296,2020,2,19,0741,15.46,102.44,4.78,0,2,3,4.71,0,296
297,2020,2,19,0741,15.46,103.16,4.78,0,2,1,3.58,0,297
298,2020,2,19,0741,15.46,103.18,4.78,0,2,1,3.58,0,297
299,2020,2,19,0741,15.42,120.68,4.78,0,2,1,3.80,0,300
300,2020,2,19,0741,15.40,120.68,4.78,0,2,3,6.25,0,300
301,2020,2,19,0741,15.28,104.14,4.78,0,2,3,7.51,0,301
302,2020,2,19,0741,15.28,105.86,4.78,0,2,3,31.50,0,302
303,2020,2,19,0741,15.28,105.88,4.78,0,2,3,31.44,0,302
304,2020,2,19,0741,15.28,105.90,4.78,0,2,3,23.29,0,302
305,2020,2,19,0741,15.04,106.46,4.79,0,2,5,29.46,0,305
306,2020,2,19,0741,15.02,106.40,4.79,0,2,3,25.38,0,308
307,2020,2,19,0741,15.02,106.42,4.79,0,2,3,25.38,0,308
308,2020,2,19,0741,15.02,106.44,4.79,0,2,5,60.72,0,308
309,2020,2,19,0741,15.00,106.42,4.79,0,2,1,13.98,0,308
310,2020,2,19,0741,15.00,106.44,4.79,0,2,3,27.39,0,308
311,2020,2,19,0741,14.94,106.46,4.79,0,2,3,21.83,0,312
312,2020,2,19,0741,14.94,106.48,4.79,0,2,3,27.97,0,312
313,2020,2,19,0741,14.88,106.42,4.79,0,2,3,18.70,0,313
314,2020,2,19,0741,14.78,101.74,4.79,0,2,5,18.47,0,314
315,2020,2,19,0741,14.76,101.74,4.79,0,2,1,10.36,0,314
316,2020,2,19,0741,14.76,101.76,4.79,0,2,1,10.35,0,314
317,2020,2,19,0741,14.68,102.48,4.79,0,2,5,16.46,0,317
318,2020,2,19,0741,14.52,106.74,4.80,0,2,5,65.23,0,318
319,2020,2,19,0741,14.52,106.76,4.80,0,2,3,16.48,0,318
320,2020,2,19,0741,14.52,106.78,4.80,0,2,3,16.48,0,318
321,2020,2,19,0741,14.30,104.26,4.80,0,2,3,16.69,0,321
322,2020,2,19,0741,14.30,104.28,4.80,0,2,3,16.69,0,321
323,2020,2,19,0741,14.26,107.78,4.80,0,2,5,20.69,0,323
324,2020,2,19,0741,14.26,107.80,4.80,0,2,3,8.13,0,323
325,2020,2,19,0741,14.26,107.82,4.80,0,2,3,8.13,0,323
326,2020,2,19,0741,14.10,104.50,4.81,0,2,5,35.45,0,326
327,2020,2,19,0741,14.08,106.48,4.81,0,2,1,11.30,0,327
328,2020,2,19,0741,14.04,106.20,4.81,0,1,5,91.75,0,328
329,2020,2,19,0741,14.04,106.22,4.81,0,2,1,20.16,0,328
330,2020,2,19,0741,14.02,106.20,4.81,0,2,3,42.09,0,328
331,2020,2,19,0741,13.90,105.92,4.81,0,2,3,24.76,0,331
332,2020,2,19,0741,13.78,106.92,4.81,0,2,5,30.06,0,332
333,2020,2,19,0741,13.76,106.92,4.81,0,2,1,12.28,0,332
334,2020,2,19,0741,13.72,100.74,4.82,0,2,5,14.07,0,334
335,2020,2,19,0741,13.72,100.76,4.82,0,2,3,11.10,0,334
336,2020,2,19,0741,13.70,100.74,4.82,0,2,3,9.37,0,334
337,2020,2,19,0741,13.70,105.52,4.82,0,2,3,36.59,0,337
338,2020,2,19,0741,13.70,105.54,4.82,0,2,3,36.59,0,337
339,2020,2,19,0741,13.66,105.82,4.82,0,2,5,39.87,0,340
340,2020,2,19,0741,13.66,105.84,4.82,0,2,5,51.27,0,340
341,2020,2,19,0741,13.56,106.76,4.82,0,2,3,12.15,0,341
342,2020,2,19,0741,13.54,105.62,4.82,0,2,3,18.74,0,342
343,2020,2,19,0741,13.48,105.72,4.82,0,2,5,51.60,0,343
344,2020,2,19,0741,13.48,105.74,4.82,0,2,5,51.48,0,343
345,2020,2,19,0741,13.46,105.76,4.82,0,2,5,48.75,0,347
346,2020,2,19,0741,13.46,105.78,4.82,0,2,3,14.80,0,347
347,2020,2,19,0741,13.44,105.76,4.82,0,1,3,81.64,0,347
348,2020,2,19,0741,13.38,103.38,4.82,0,2,1,18.07,0,349
349,2020,2,19,0741,13.36,103.38,4.82,0,2,3,30.12,0,349
350,2020,2,19,0741,13.32,106.36,4.82,0,2,1,18.09,0,350
351,2020,2,19,0741,13.28,107.72,4.82,0,2,5,16.19,0,351
352,2020,2,19,0741,13.24,105.22,4.82,0,2,5,38.66,0,352
353,2020,2,19,0741,13.12,104.16,4.83,0,2,5,74.12,0,353
354,2020,2,19,0741,13.10,104.16,4.83,0,2,3,37.41,0,353
355,2020,2,19,0741,13.10,104.18,4.83,0,2,3,37.41,0,353
356,2020,2,19,0741,13.00,104.62,4.83,0,2,3,16.49,0,356
357,2020,2,19,0741,13.00,104.64,4.83,0,2,3,16.49,0,356
358,2020,2,19,0741,13.00,104.66,4.83,0,2,3,11.65,0,356
359,2020,2,19,0741,12.94,105.32,4.83,0,2,1,10.25,0,359
360,2020,2,19,0741,12.94,105.34,4.83,0,2,1,10.25,0,359
361,2020,2,19,0741,12.84,103.56,4.83,0,2,3,33.35,0,361
362,2020,2,19,0741,12.84,103.58,4.83,0,2,3,33.35,0,361
363,2020,2,19,0741,12.82,105.74,4.83,0,2,3,20.16,0,363
364,2020,2,19,0741,12.78,107.14,4.83,0,2,5,26.69,0,364
365,2020,2,19,0741,12.76,105.74,4.83,0,2,1,13.28,0,365
366,2020,2,19,0741,12.76,107.14,4.83,0,2,5,26.24,0,364
367,2020,2,19,0741,12.72,105.62,4.83,0,2,3,11.99,0,367
368,2020,2,19,0741,12.70,104.64,4.84,0,2,3,47.30,0,372
369,2020,2,19,0741,12.70,104.66,4.84,0,2,5,50.12,0,372
370,2020,2,19,0741,12.70,105.66,4.84,0,2,5,35.23,0,370
371,2020,2,19,0741,12.68,104.64,4.84,0,2,5,50.19,0,372
372,2020,2,19,0741,12.68,104.66,4.84,0,2,5,72.82,0,372
373,2020,2,19,0741,12.68,104.68,4.84,0,2,5,72.81,0,372
374,2020,2,19,0741,12.66,104.66,4.84,0,2,3,37.66,0,372
375,2020,2,19,0741,12.66,104.68,4.84,0,2,3,37.66,0,372
376,2020,2,19,0741,12.38,103.46,4.84,0,2,3,34.98,0,376
377,2020,2,19,0741,12.36,106.72,4.84,0,2,1,17.86,0,377
378,2020,2,19,0741,12.30,107.38,4.84,0,2,3,17.92,0,380
379,2020,2,19,0741,12.30,107.40,4.84,0,2,3,17.92,0,380
380,2020,2,19,0741,12.28,107.40,4.84,0,2,5,31.02,0,380
381,2020,2,19,0741,12.22,106.88,4.84,0,2,5,34.10,0,381
382,2020,2,19,0741,12.22,106.90,4.84,0,2,5,34.10,0,381
383,2020,2,19,0741,12.22,106.92,4.84,0,2,3,17.58,0,381
384,2020,2,19,0741,12.20,106.08,4.84,0,2,3,16.35,0,384
385,2020,2,19,0741,12.20,106.90,4.84,0,2,3,9.08,0,381
386,2020,2,19,0741,12.16,106.30,4.85,0,2,3,17.98,0,386
387,2020,2,19,0741,12.06,106.14,4.85,0,2,5,17.72,0,389
388,2020,2,19,0741,12.06,106.16,4.85,0,2,5,17.72,0,389
389,2020,2,19,0741,12.04,106.16,4.85,0,2,5,33.97,0,389
390,2020,2,19,0741,12.04,106.18,4.85,0,2,3,12.31,0,389
391,2020,2,19,0741,12.02,106.62,4.85,0,2,3,12.24,0,391
392,2020,2,19,0741,12.02,106.64,4.85,0,2,3,12.24,0,391
393,2020,2,19,0741,11.70,104.28,4.85,0,2,5,53.76,0,393
394,2020,2,19,0741,11.70,104.30,4.85,0,2,5,53.76,0,393
395,2020,2,19,0747,11.46,104.26,4.86,0,2,3,13.51,0,395
396,2020,2,19,0747,11.34,103.20,4.86,0,2,5,38.85,0,396
397,2020,2,19,0747,11.34,103.22,4.86,0,2,5,38.85,0,396
398,2020,2,19,0747,11.34,103.24,4.86,0,3,5,10.44,0,396
399,2020,2,19,0747,11.02,107.50,4.87,0,2,3,8.81,0,401
400,2020,2,19,0747,11.02,107.52,4.87,0,3,3,11.17,0,401
401,2020,2,19,0747,11.00,107.50,4.87,0,1,3,39.06,0,401
402,2020,2,19,0747,11.00,107.52,4.87,0,2,3,13.75,0,401
403,2020,2,19,0747,11.00,107.54,4.87,0,2,3,13.75,0,401
404,2020,2,19,0747,10.96,104.32,4.87,0,2,1,17.60,0,405
405,2020,2,19,0747,10.94,104.32,4.87,0,2,3,18.81,0,405
406,2020,2,19,0747,10.92,104.40,4.87,0,2,3,21.04,0,406
407,2020,2,19,0747,10.10,105.92,4.88,0,2,3,6.01,0,407
408,2020,2,19,0747,10.08,105.92,4.88,0,2,3,4.06,0,407
409,2020,2,19,0747,10.08,105.94,4.88,0,2,3,4.06,0,407
410,2020,2,19,0747,10.02,105.76,4.88,0,3,1,3.28,0,410
411,2020,2,19,0747,9.24,104.84,4.89,0,3,1,1.79,0,412
412,2020,2,19,0747,9.22,104.84,4.89,0,2,3,2.92,0,412
413,2020,2,19,0747,9.22,104.86,4.89,0,2,3,2.92,0,412
414,2020,2,19,0747,9.22,104.88,4.89,0,2,3,2.46,0,412
415,2020,2,19,0747,9.20,104.88,4.89,0,3,3,1.85,0,412
416,2020,2,19,0747,5.46,115.76,4.93,0,2,5,17.09,0,416
417,2020,2,19,0747,5.40,115.50,4.93,0,2,3,2.77,0,417
418,2020,2,19,0747,-15.96,129.02,4.77,0,2,3,6.66,0,418
419,2020,2,19,0747,-19.32,147.00,4.68,0,2,3,2.41,0,419
420,2020,2,19,0747,-19.36,146.54,4.68,0,2,3,5.05,0,420
421,2020,2,19,0747,-19.36,146.56,4.68,0,2,3,4.26,0,420
422,2020,2,19,0747,-19.54,147.24,4.67,0,3,5,9.92,0,422
423,2020,2,19,0747,-19.56,146.78,4.67,0,2,3,5.19,0,423
424,2020,2,19,0747,-20.00,146.78,4.66,0,2,3,4.24,0,424
425,2020,2,19,0747,-20.26,127.74,4.65,0,3,3,5.83,0,425
426,2020,2,19,0747,-20.74,147.62,4.64,0,2,3,6.31,0,426
427,2020,2,19,0747,-20.88,147.60,4.63,0,2,3,10.53,0,427
428,2020,2,19,0747,-21.64,120.56,4.61,0,2,3,25.74,0,428
429,2020,2,19,0747,-21.64,120.58,4.61,0,2,5,24.52,0,428
430,2020,2,19,0747,-21.76,120.20,4.60,0,2,5,10.95,0,434
431,2020,2,19,0747,-21.76,120.22,4.60,0,2,5,23.15,0,434
432,2020,2,19,0747,-21.78,120.18,4.60,0,2,5,68.82,0,434
433,2020,2,19,0747,-21.78,120.20,4.60,0,2,5,68.82,0,434
434,2020,2,19,0747,-21.78,120.22,4.60,0,2,5,127.72,0,434
435,2020,2,19,0747,-21.78,120.24,4.60,0,2,5,41.12,0,434
436,2020,2,19,0747,-21.80,120.18,4.60,0,3,3,6.89,0,434
437,2020,2,19,0747,-21.80,120.20,4.60,0,2,5,41.26,0,434
438,2020,2,19,0747,-21.80,120.22,4.60,0,2,5,27.71,0,434
439,2020,2,19,0747,-21.80,120.24,4.60,0,2,5,27.71,0,434
440,2020,2,19,0747,-22.10,134.46,4.59,0,3,1,2.00,2,440
441,2020,2,19,0747,-22.18,122.84,4.59,0,3,1,4.28,0,441
442,2020,2,19,0747,-23.04,142.20,4.56,0,2,1,8.82,0,442
443,2020,2,19,0747,-23.48,131.26,4.55,0,3,3,3.97,0,443
444,2020,2,19,0747,-23.74,131.40,4.54,0,3,1,2.29,0,444
445,2020,2,19,0747,-23.78,131.40,4.54,0,3,3,2.93,0,445
446,2020,2,19,0747,-25.84,146.60,4.46,0,2,3,4.41,0,447
447,2020,2,19,0747,-25.86,146.58,4.46,0,2,3,7.96,0,447
448,2020,2,19,0747,-25.86,146.60,4.46,0,2,3,4.84,0,447
449,2020,2,19,0747,-26.32,136.92,4.44,0,2,3,4.75,0,449
450,2020,2,19,0747,-26.32,136.94,4.44,0,2,3,2.25,0,449
451,2020,2,19,0747,-27.50,133.68,4.40,0,1,1,7.47,0,452
452,2020,2,19,0747,-27.52,133.68,4.40,0,1,1,7.47,0,452
453,2020,2,19,0747,-27.74,149.64,4.39,0,2,5,15.58,0,453
454,2020,2,19,0747,-27.74,149.66,4.39,0,2,5,7.79,0,453
455,2020,2,19,0747,-27.76,149.64,4.39,0,2,3,5.61,0,453
456,2020,2,19,0747,-27.94,148.40,4.38,0,2,5,24.65,0,456
457,2020,2,19,0747,-27.96,148.40,4.38,0,2,5,19.26,0,456
458,2020,2,19,0747,-28.28,147.86,4.36,0,1,5,23.74,0,458
459,2020,2,19,0747,-28.28,147.88,4.36,0,2,3,5.17,0,458
460,2020,2,19,0747,-28.80,151.08,4.34,0,2,3,3.07,0,460
461,2020,2,19,0747,-31.36,150.34,4.23,0,2,5,11.15,0,461
462,2020,2,19,0747,-33.86,142.66,4.12,0,3,3,2.64,0,464
463,2020,2,19,0747,-33.86,142.68,4.12,0,3,3,2.64,0,464
464,2020,2,19,0747,-33.88,142.68,4.12,0,3,5,4.33,0,464
