# 2019  4 11 15 50 UTC  2020  5  1 19  6 UTC
# ID,Year,Month,Day,Time(UTC),Lat,Lon,Area(km^2),Volcano,Level,Reliability,FRP(Wm^-2),QF,Hot(ID)
1,2019,4,11,1551,54.02,116.12,2.91,0,2,3,1.48,0,5
2,2019,4,11,1551,54.02,116.14,2.91,0,2,3,1.48,0,5
3,2019,4,11,1551,54.00,116.14,2.91,0,2,3,1.48,0,5
4,2019,4,11,1551,54.00,116.16,2.91,0,2,3,1.48,0,5
5,2019,4,11,1551,53.98,116.16,2.91,0,2,3,1.48,0,5
6,2019,4,11,1551,53.98,116.18,2.91,0,2,3,1.48,0,5
7,2019,4,11,1551,53.78,119.62,2.93,0,2,3,1.04,0,9
8,2019,4,11,1551,53.78,119.64,2.93,0,2,3,1.04,0,9
9,2019,4,11,1551,53.76,119.64,2.93,0,2,3,1.04,0,9
10,2019,4,11,1551,53.76,119.66,2.93,0,2,3,1.04,0,9
11,2019,4,11,1551,53.62,116.58,2.94,0,2,3,1.20,0,13
12,2019,4,11,1551,53.62,116.60,2.94,0,2,3,1.20,0,13
13,2019,4,11,1551,53.60,116.60,2.94,0,2,3,1.20,0,13
14,2019,4,11,1551,53.60,116.62,2.94,0,2,3,1.20,0,13
15,2019,4,11,1551,52.62,112.36,3.01,0,2,3,.98,0,15
16,2019,4,11,1551,52.60,112.38,3.01,0,2,3,.85,0,19
17,2019,4,11,1551,52.60,112.40,3.01,0,2,1,.85,0,19
18,2019,4,11,1551,52.58,112.40,3.01,0,2,1,.85,0,19
19,2019,4,11,1551,52.58,112.42,3.01,0,2,1,.85,0,19
20,2019,4,11,1551,52.54,112.66,3.01,0,2,3,.69,0,22
21,2019,4,11,1551,52.54,112.68,3.01,0,2,3,.69,0,22
22,2019,4,11,1551,52.52,112.68,3.02,0,2,3,.69,0,22
23,2019,4,11,1551,51.78,111.98,3.07,0,2,3,1.31,0,25
24,2019,4,11,1551,51.78,112.00,3.07,0,2,3,1.31,0,25
25,2019,4,11,1551,51.76,112.00,3.07,0,2,3,1.31,0,25
26,2019,4,11,1551,51.76,112.02,3.07,0,2,1,1.31,0,25
27,2019,4,11,1551,50.66,128.10,3.14,0,2,3,.92,0,29
28,2019,4,11,1551,50.66,128.12,3.14,0,2,3,.92,0,29
29,2019,4,11,1551,50.64,128.10,3.14,0,2,3,.92,0,29
30,2019,4,11,1551,50.64,128.12,3.14,0,2,3,.92,0,29
31,2019,4,11,1551,49.78,129.72,3.20,0,2,1,.70,0,33
32,2019,4,11,1551,49.78,129.74,3.20,0,2,1,.70,0,33
33,2019,4,11,1551,49.76,129.74,3.20,0,2,1,.70,0,33
34,2019,4,11,1551,49.74,129.74,3.20,0,2,1,.60,0,33
35,2019,4,11,1551,49.72,129.74,3.20,0,2,1,.60,0,33
36,2019,4,11,1551,49.72,129.76,3.20,0,2,1,.60,0,33
37,2019,4,11,1551,49.24,136.42,3.24,0,2,3,2.46,0,38
38,2019,4,11,1551,49.24,136.44,3.24,0,2,3,3.44,0,38
39,2019,4,11,1551,49.24,136.46,3.24,0,2,3,3.44,0,38
40,2019,4,11,1551,49.22,136.42,3.24,0,2,3,2.46,0,38
41,2019,4,11,1551,49.22,136.44,3.24,0,2,3,3.44,0,38
42,2019,4,11,1551,49.22,136.46,3.24,0,2,3,3.44,0,38
43,2019,4,11,1551,49.20,136.42,3.24,0,2,3,2.02,0,38
44,2019,4,11,1551,49.20,136.44,3.24,0,2,3,2.02,0,38
45,2019,4,11,1551,49.20,136.46,3.24,0,2,5,2.04,0,38
46,2019,4,11,1551,48.70,135.26,3.27,0,2,5,3.33,0,46
47,2019,4,11,1551,48.70,135.28,3.27,0,2,3,1.83,0,46
48,2019,4,11,1551,48.70,135.30,3.27,0,2,3,1.83,0,46
49,2019,4,11,1551,48.68,135.26,3.27,0,2,5,3.33,0,46
50,2019,4,11,1551,48.68,135.28,3.27,0,2,3,1.83,0,46
51,2019,4,11,1551,48.68,135.30,3.27,0,2,3,1.83,0,46
52,2019,4,11,1551,48.00,123.14,3.32,0,2,3,2.44,0,52
53,2019,4,11,1551,48.00,123.16,3.32,0,2,3,2.44,0,52
54,2019,4,11,1551,47.98,123.16,3.32,0,2,3,1.72,0,52
55,2019,4,11,1551,47.96,123.16,3.32,0,2,3,1.72,0,52
56,2019,4,11,1551,47.80,131.24,3.33,0,2,3,.64,0,61
57,2019,4,11,1551,47.80,131.26,3.33,0,2,3,.64,0,61
58,2019,4,11,1551,47.80,131.28,3.33,0,3,3,.74,0,61
59,2019,4,11,1551,47.78,131.24,3.33,0,2,3,.98,0,61
60,2019,4,11,1551,47.78,131.26,3.33,0,2,3,.98,0,61
61,2019,4,11,1551,47.78,131.28,3.33,0,2,5,1.34,0,61
62,2019,4,11,1551,47.76,131.26,3.33,0,2,3,.98,0,61
63,2019,4,11,1551,47.76,131.28,3.33,0,2,5,1.34,0,61
64,2019,4,11,1551,47.48,126.94,3.35,0,2,3,.99,0,66
65,2019,4,11,1551,47.48,126.96,3.35,0,2,1,.99,0,66
66,2019,4,11,1551,47.46,126.96,3.35,0,2,1,.99,0,66
67,2019,4,11,1551,47.38,134.30,3.36,0,2,3,1.87,0,67
68,2019,4,11,1551,47.38,134.32,3.36,0,2,3,1.87,0,67
69,2019,4,11,1551,47.36,134.30,3.36,0,2,1,1.87,0,67
70,2019,4,11,1551,47.36,134.32,3.36,0,2,1,1.87,0,67
71,2019,4,11,1551,47.34,123.94,3.36,0,2,1,1.91,0,71
72,2019,4,11,1551,47.32,123.96,3.36,0,2,1,1.89,0,72
73,2019,4,11,1551,47.22,123.60,3.37,0,2,3,1.61,0,74
74,2019,4,11,1551,47.20,123.60,3.37,0,2,3,2.08,0,74
75,2019,4,11,1551,47.18,123.60,3.37,0,2,3,1.89,0,74
76,2019,4,11,1551,47.18,123.62,3.37,0,2,3,1.89,0,74
77,2019,4,11,1551,47.08,131.68,3.38,0,2,3,1.89,0,78
78,2019,4,11,1551,47.06,131.68,3.38,0,2,3,1.89,0,78
79,2019,4,11,1551,46.50,87.56,3.41,0,2,1,1.01,0,83
80,2019,4,11,1551,46.50,87.58,3.41,0,2,1,1.02,0,83
81,2019,4,11,1551,46.50,87.60,3.41,0,2,1,1.02,0,83
82,2019,4,11,1551,46.48,87.60,3.41,0,2,3,1.02,0,83
83,2019,4,11,1551,46.48,87.62,3.41,0,2,3,1.02,0,83
84,2019,4,11,1551,46.14,123.26,3.43,0,2,3,1.97,0,84
85,2019,4,11,1551,45.82,122.48,3.45,0,2,1,1.00,0,85
86,2019,4,11,1551,45.64,122.82,3.47,0,1,3,3.65,0,88
87,2019,4,11,1551,45.64,122.84,3.47,0,1,3,3.65,0,88
88,2019,4,11,1551,45.62,122.84,3.47,0,1,3,3.65,0,88
89,2019,4,11,1551,45.58,132.66,3.47,0,2,1,2.33,0,90
90,2019,4,11,1551,45.56,132.66,3.47,0,2,1,2.33,0,90
91,2019,4,11,1551,45.54,125.12,3.47,0,2,3,1.36,0,91
92,2019,4,11,1551,45.54,125.14,3.47,0,2,3,1.36,0,91
93,2019,4,11,1551,45.52,125.14,3.47,0,2,3,1.36,0,91
94,2019,4,11,1551,45.40,123.80,3.48,0,2,3,1.87,0,95
95,2019,4,11,1551,45.40,123.82,3.48,0,2,3,1.87,0,95
96,2019,4,11,1551,45.36,122.76,3.48,0,2,3,2.21,0,100
97,2019,4,11,1551,45.36,122.78,3.48,0,2,3,1.73,0,100
98,2019,4,11,1551,45.36,122.80,3.48,0,2,3,1.73,0,100
99,2019,4,11,1551,45.34,122.76,3.48,0,2,3,2.21,0,100
100,2019,4,11,1551,45.34,122.78,3.48,0,2,3,2.21,0,100
101,2019,4,11,1551,45.34,122.80,3.48,0,2,3,1.73,0,100
102,2019,4,11,1551,45.32,122.32,3.49,0,1,3,2.51,0,102
103,2019,4,11,1551,45.32,122.34,3.49,0,1,1,2.33,0,102
104,2019,4,11,1551,45.32,122.36,3.49,0,1,3,2.33,0,102
105,2019,4,11,1551,45.32,122.78,3.49,0,2,3,1.23,0,100
106,2019,4,11,1551,45.26,116.48,3.49,0,2,1,2.34,0,110
107,2019,4,11,1551,45.26,133.08,3.49,0,2,3,1.00,0,111
108,2019,4,11,1551,45.26,133.10,3.49,0,2,3,1.00,0,111
109,2019,4,11,1551,45.24,116.48,3.49,0,2,1,2.34,0,110
110,2019,4,11,1551,45.24,116.50,3.49,0,2,1,2.34,0,110
111,2019,4,11,1551,45.24,133.10,3.49,0,2,3,1.00,0,111
112,2019,4,11,1551,45.22,123.52,3.49,0,2,3,1.16,0,112
113,2019,4,11,1551,45.22,123.54,3.49,0,2,3,1.16,0,112
114,2019,4,11,1551,45.08,122.50,3.50,0,2,1,2.52,0,114
115,2019,4,11,1551,44.82,126.52,3.52,0,2,1,2.44,0,116
116,2019,4,11,1551,44.82,126.54,3.52,0,2,1,2.44,0,116
117,2019,4,11,1551,44.50,123.18,3.54,0,1,3,4.88,0,118
118,2019,4,11,1551,44.50,123.20,3.54,0,1,3,4.88,0,118
119,2019,4,11,1551,44.50,123.22,3.54,0,1,3,3.81,0,118
120,2019,4,11,1551,43.50,124.82,3.60,0,2,1,1.61,0,120
121,2019,4,11,1551,43.38,119.70,3.60,0,2,3,1.23,0,121
122,2019,4,11,1551,43.32,132.04,3.61,0,1,1,3.43,0,122
123,2019,4,11,1551,43.20,123.12,3.61,0,2,3,1.62,0,125
124,2019,4,11,1551,43.20,123.14,3.61,0,2,3,1.62,0,125
125,2019,4,11,1551,43.18,123.14,3.61,0,2,3,1.62,0,125
126,2019,4,11,1551,42.98,129.28,3.63,0,2,1,4.71,0,127
127,2019,4,11,1551,42.98,129.30,3.63,0,2,3,9.08,0,127
128,2019,4,11,1551,42.98,129.36,3.63,0,2,3,11.47,0,128
129,2019,4,11,1551,42.98,129.38,3.63,0,2,3,9.57,0,128
130,2019,4,11,1551,42.96,129.28,3.63,0,2,1,4.71,0,127
131,2019,4,11,1551,42.96,129.30,3.63,0,2,3,9.08,0,127
132,2019,4,11,1551,42.96,129.32,3.63,0,2,3,9.08,0,127
133,2019,4,11,1551,42.96,129.36,3.63,0,2,3,11.47,0,128
134,2019,4,11,1551,42.96,129.38,3.63,0,2,3,9.57,0,128
135,2019,4,11,1551,42.96,129.40,3.63,0,2,3,9.57,0,128
136,2019,4,11,1551,42.88,129.54,3.63,0,2,5,15.64,0,136
137,2019,4,11,1551,42.86,129.54,3.63,0,2,5,15.62,0,136
138,2019,4,11,1551,42.84,129.54,3.63,0,2,3,8.00,0,136
139,2019,4,11,1551,42.74,122.94,3.64,0,2,1,1.55,0,139
140,2019,4,11,1551,42.74,122.96,3.64,0,2,3,1.55,0,139
141,2019,4,11,1551,42.72,122.96,3.64,0,2,1,1.55,0,139
142,2019,4,11,1551,42.54,125.68,3.65,0,2,1,1.44,0,142
143,2019,4,11,1551,42.54,125.70,3.65,0,2,1,1.44,0,142
144,2019,4,11,1551,42.52,125.70,3.65,0,2,1,1.44,0,142
145,2019,4,11,1551,42.38,122.52,3.66,0,2,1,2.04,0,145
146,2019,4,11,1551,42.38,122.54,3.66,0,2,1,2.04,0,145
147,2019,4,11,1551,42.36,122.52,3.66,0,2,1,2.04,0,145
148,2019,4,11,1551,42.36,122.54,3.66,0,2,1,2.04,0,145
149,2019,4,11,1551,42.36,122.96,3.66,0,2,3,2.33,0,149
150,2019,4,11,1551,42.36,122.98,3.66,0,2,3,2.33,0,149
151,2019,4,11,1551,42.34,122.98,3.66,0,2,3,2.33,0,149
152,2019,4,11,1551,42.34,140.98,3.66,0,2,1,1.07,0,152
153,2019,4,11,1551,42.34,141.00,3.66,0,2,1,1.07,0,152
154,2019,4,11,1551,41.90,114.04,3.69,0,2,1,.92,0,154
155,2019,4,11,1551,41.90,114.06,3.69,0,2,1,.92,0,154
156,2019,4,11,1551,41.74,122.84,3.70,0,2,1,1.65,0,159
157,2019,4,11,1551,41.74,122.86,3.70,0,2,1,1.65,0,159
158,2019,4,11,1551,41.74,122.88,3.70,0,1,3,2.06,0,159
159,2019,4,11,1551,41.72,122.88,3.70,0,1,3,2.06,0,159
160,2019,4,11,1551,41.70,122.86,3.70,0,1,3,3.03,0,160
161,2019,4,11,1551,41.28,123.72,3.72,0,2,1,1.92,0,162
162,2019,4,11,1551,41.28,123.74,3.72,0,1,1,4.02,0,162
163,2019,4,11,1551,41.26,123.72,3.73,0,2,1,1.92,0,162
164,2019,4,11,1551,41.26,123.74,3.73,0,1,1,4.02,0,162
165,2019,4,11,1551,41.20,122.84,3.73,0,2,1,1.84,0,165
166,2019,4,11,1551,41.16,122.98,3.73,0,2,1,1.99,0,168
167,2019,4,11,1551,41.16,123.00,3.73,0,2,1,2.46,0,167
168,2019,4,11,1551,41.14,122.98,3.73,0,2,1,3.30,0,168
169,2019,4,11,1551,41.12,122.98,3.73,0,2,1,3.30,0,168
170,2019,4,11,1551,41.12,123.00,3.73,0,2,1,3.30,0,168
171,2019,4,11,1551,40.98,122.14,3.74,0,1,1,2.94,0,171
172,2019,4,11,1551,40.96,122.14,3.74,0,1,1,2.94,0,171
173,2019,4,11,1551,40.66,122.40,3.76,0,1,1,2.95,0,173
174,2019,4,11,1551,40.64,109.72,3.76,0,2,1,1.61,0,176
175,2019,4,11,1551,40.64,109.74,3.76,0,2,1,1.61,0,176
176,2019,4,11,1551,40.62,109.74,3.76,0,2,1,1.79,0,176
177,2019,4,11,1551,40.60,109.74,3.76,0,2,1,1.79,0,176
178,2019,4,11,1551,40.60,109.76,3.76,0,2,1,1.79,0,176
179,2019,4,11,1551,40.54,141.50,3.77,0,2,1,3.48,0,180
180,2019,4,11,1551,40.52,141.50,3.77,0,1,1,6.94,0,180
181,2019,4,11,1551,40.50,141.50,3.77,0,1,1,6.94,0,180
182,2019,4,11,1551,40.42,113.16,3.77,0,2,1,2.63,0,182
183,2019,4,11,1551,39.78,125.54,3.81,0,2,3,1.07,0,183
184,2019,4,11,1551,39.76,118.06,3.81,0,2,1,1.54,0,184
185,2019,4,11,1551,39.76,118.08,3.81,0,2,1,1.54,0,184
186,2019,4,11,1551,39.76,125.54,3.81,0,2,3,1.07,0,183
187,2019,4,11,1551,39.74,110.22,3.81,0,2,3,.97,0,187
188,2019,4,11,1551,39.72,110.22,3.81,0,2,3,.97,0,187
189,2019,4,11,1551,39.72,110.24,3.81,0,2,3,.97,0,187
190,2019,4,11,1551,39.66,118.90,3.82,0,2,1,1.09,0,190
191,2019,4,11,1551,39.54,92.96,3.82,0,2,1,1.50,0,192
192,2019,4,11,1551,39.54,92.98,3.82,0,2,1,1.50,0,192
193,2019,4,11,1551,39.04,117.48,3.85,0,2,1,1.34,0,193
194,2019,4,11,1551,38.30,109.70,3.89,0,2,1,1.38,0,196
195,2019,4,11,1551,38.30,109.72,3.89,0,2,1,1.38,0,196
196,2019,4,11,1551,38.28,109.72,3.89,0,2,1,1.38,0,196
197,2019,4,11,1551,38.28,114.24,3.89,0,1,1,4.05,0,198
198,2019,4,11,1551,38.26,114.24,3.89,0,1,1,4.15,0,198
199,2019,4,11,1551,38.26,114.26,3.89,0,1,1,4.15,0,198
200,2019,4,11,1551,38.12,116.84,3.90,0,1,1,3.46,0,200
201,2019,4,11,1551,38.12,116.86,3.90,0,1,1,3.46,0,200
202,2019,4,11,1551,38.10,111.84,3.90,0,1,1,3.15,0,202
203,2019,4,11,1551,38.10,111.86,3.90,0,1,1,3.15,0,202
204,2019,4,11,1551,37.94,112.52,3.91,0,1,1,3.15,0,204
205,2019,4,11,1551,37.56,112.22,3.93,0,2,3,1.51,0,205
206,2019,4,11,1551,37.56,112.24,3.93,0,2,3,1.51,0,205
207,2019,4,11,1551,36.90,117.74,3.96,0,1,1,2.63,0,207
208,2019,4,11,1551,36.86,117.62,3.97,0,2,3,.99,0,208
209,2019,4,11,1551,36.66,113.74,3.98,0,1,3,13.38,0,209
210,2019,4,11,1551,36.66,113.76,3.98,0,1,3,13.38,0,209
211,2019,4,11,1551,36.64,113.76,3.98,0,1,3,13.38,0,209
212,2019,4,11,1551,36.62,113.74,3.98,0,3,3,2.02,0,209
213,2019,4,11,1551,36.62,113.76,3.98,0,2,5,4.60,0,209
214,2019,4,11,1551,36.62,113.78,3.98,0,2,5,4.60,0,209
215,2019,4,11,1551,36.22,116.52,4.00,0,1,1,2.94,0,215
216,2019,4,11,1551,35.70,111.42,4.03,0,2,1,2.76,0,216
217,2019,4,11,1551,35.70,111.44,4.03,0,2,1,2.76,0,216
218,2019,4,11,1551,35.68,111.44,4.03,0,2,1,2.76,0,216
219,2019,4,11,1551,35.62,110.56,4.03,0,1,1,6.55,0,219
220,2019,4,11,1551,35.62,110.58,4.03,0,1,1,6.55,0,219
221,2019,4,11,1551,34.80,118.82,4.07,0,2,1,1.21,0,221
222,2019,4,11,1551,34.46,133.44,4.09,0,2,1,7.47,0,222
223,2019,4,11,1551,34.42,119.84,4.09,0,2,1,6.41,0,223
224,2019,4,11,1551,34.40,118.72,4.09,0,1,1,5.41,0,224
225,2019,4,11,1551,34.40,119.84,4.09,0,2,1,6.41,0,223
226,2019,4,11,1551,33.92,116.64,4.11,0,2,1,1.99,0,226
227,2019,4,11,1551,33.60,116.56,4.13,0,2,3,.97,0,227
228,2019,4,11,1551,33.60,116.58,4.13,0,2,3,.97,0,227
229,2019,4,11,1551,33.00,104.90,4.16,0,2,3,2.23,0,231
230,2019,4,11,1551,32.98,104.90,4.16,0,2,3,2.23,0,231
231,2019,4,11,1551,32.98,104.92,4.16,0,2,3,2.23,0,231
232,2019,4,11,1551,32.96,117.84,4.16,0,1,1,3.77,0,232
233,2019,4,11,1551,32.44,89.06,4.18,0,2,3,1.78,0,236
234,2019,4,11,1551,32.44,89.08,4.18,0,2,3,1.78,0,236
235,2019,4,11,1551,32.42,89.08,4.18,0,2,3,1.78,0,236
236,2019,4,11,1551,32.42,89.10,4.18,0,2,3,1.78,0,236
237,2019,4,11,1551,32.28,87.10,4.19,0,2,3,1.23,0,237
238,2019,4,11,1551,32.24,119.62,4.19,0,2,1,1.66,0,238
239,2019,4,11,1551,32.00,116.30,4.20,0,2,3,1.34,0,239
240,2019,4,11,1551,31.76,118.46,4.21,0,1,1,2.77,0,240
241,2019,4,11,1551,31.14,112.62,4.24,0,2,1,2.35,0,241
242,2019,4,11,1551,31.14,120.98,4.24,0,1,3,3.72,0,242
243,2019,4,11,1551,31.06,118.98,4.25,0,1,1,2.64,0,243
244,2019,4,11,1551,30.88,105.34,4.25,0,1,3,2.66,0,244
245,2019,4,11,1551,30.66,103.54,4.26,0,2,1,2.84,0,245
246,2019,4,11,1551,30.64,114.42,4.26,0,2,1,2.83,0,246
247,2019,4,11,1551,30.64,114.44,4.26,0,2,1,2.83,0,246
248,2019,4,11,1551,24.42,103.40,4.51,0,2,1,2.39,0,248
249,2019,4,11,1551,23.30,97.34,4.55,0,2,5,3.10,0,249
250,2019,4,11,1551,23.16,97.70,4.56,0,2,5,4.94,0,250
251,2019,4,11,1551,23.16,97.72,4.56,0,2,3,3.81,0,250
252,2019,4,11,1551,23.16,97.74,4.56,0,2,3,3.81,0,250
253,2019,4,11,1551,23.12,100.74,4.56,0,2,3,5.50,0,254
254,2019,4,11,1551,23.10,100.74,4.56,0,2,5,13.12,0,254
255,2019,4,11,1551,23.10,100.76,4.56,0,2,5,13.12,0,254
256,2019,4,11,1551,23.08,100.76,4.56,0,2,5,11.94,0,254
257,2019,4,11,1551,23.06,100.76,4.56,0,2,5,11.94,0,254
258,2019,4,11,1551,23.06,100.78,4.56,0,2,5,11.94,0,254
259,2019,4,11,1551,22.54,98.62,4.58,0,2,5,3.85,0,259
260,2019,4,11,1551,22.42,99.34,4.58,0,1,3,8.40,0,260
261,2019,4,11,1551,22.42,99.36,4.58,0,1,3,8.40,0,260
262,2019,4,11,1551,22.40,99.34,4.58,0,2,3,2.22,0,260
263,2019,4,11,1551,22.40,99.36,4.58,0,2,3,2.22,0,260
264,2019,4,11,1551,22.12,98.58,4.59,0,2,3,2.36,0,266
265,2019,4,11,1551,22.12,98.60,4.59,0,2,3,2.36,0,266
266,2019,4,11,1551,22.10,98.60,4.59,0,2,3,3.45,0,266
267,2019,4,11,1551,21.46,93.22,4.61,0,2,3,2.78,0,268
268,2019,4,11,1551,21.46,93.24,4.61,0,2,3,2.78,0,268
269,2019,4,11,1551,21.30,100.42,4.62,0,2,3,5.63,0,269
270,2019,4,11,1551,21.16,100.46,4.62,0,2,3,4.54,0,270
271,2019,4,11,1551,21.16,100.48,4.62,0,2,3,4.54,0,270
272,2019,4,11,1551,20.98,100.36,4.63,0,2,1,4.31,0,272
273,2019,4,11,1551,20.98,100.38,4.63,0,2,3,4.31,0,272
274,2019,4,11,1551,20.92,93.96,4.63,0,2,1,5.05,0,274
275,2019,4,11,1551,20.58,100.64,4.64,0,2,3,4.11,0,276
276,2019,4,11,1551,20.56,100.64,4.64,0,2,3,4.60,0,276
277,2019,4,11,1551,20.56,100.66,4.64,0,2,3,4.60,0,276
278,2019,4,11,1551,20.24,97.84,4.65,0,2,5,8.81,0,278
279,2019,4,11,1551,20.10,103.84,4.65,0,2,3,1.71,0,279
280,2019,4,11,1551,20.10,103.86,4.65,0,2,3,1.71,0,279
281,2019,4,11,1551,20.08,103.86,4.66,0,2,1,1.71,0,279
282,2019,4,11,1551,19.84,100.82,4.66,0,2,3,6.23,0,282
283,2019,4,11,1551,19.84,100.84,4.66,0,2,3,6.23,0,282
284,2019,4,11,1551,19.46,101.08,4.67,0,2,3,4.08,0,284
285,2019,4,11,1551,19.46,101.10,4.67,0,2,3,4.08,0,284
286,2019,4,11,1551,19.24,101.44,4.68,0,2,3,3.51,0,286
287,2019,4,11,1551,19.24,101.46,4.68,0,2,3,3.51,0,286
288,2019,4,11,1551,18.90,101.70,4.69,0,2,3,2.24,0,290
289,2019,4,11,1551,18.90,101.72,4.69,0,2,3,2.24,0,290
290,2019,4,11,1551,18.88,101.70,4.69,0,2,3,4.90,0,290
291,2019,4,11,1551,18.88,101.72,4.69,0,2,3,4.90,0,290
292,2019,4,11,1551,18.70,101.38,4.69,0,2,5,5.43,0,292
293,2019,4,11,1551,18.68,101.38,4.70,0,2,1,2.51,0,292
294,2019,4,11,1551,18.68,101.72,4.70,0,2,3,5.71,0,296
295,2019,4,11,1556,18.66,80.58,4.70,0,2,1,2.63,0,295
296,2019,4,11,1551,18.66,101.72,4.70,0,2,5,6.35,0,296
297,2019,4,11,1551,18.66,101.74,4.70,0,2,5,6.35,0,296
298,2019,4,11,1551,18.66,104.38,4.70,0,2,5,7.90,0,300
299,2019,4,11,1551,18.66,104.42,4.70,0,2,1,2.47,0,299
300,2019,4,11,1551,18.64,104.38,4.70,0,2,5,10.68,0,300
301,2019,4,11,1551,18.64,104.40,4.70,0,2,5,10.68,0,300
302,2019,4,11,1551,18.28,101.58,4.71,0,2,3,4.40,0,302
303,2019,4,11,1551,18.18,102.10,4.71,0,2,3,4.06,0,303
304,2019,4,11,1551,18.18,102.12,4.71,0,2,3,4.06,0,303
305,2019,4,11,1556,18.08,97.30,4.71,0,2,3,5.77,0,309
306,2019,4,11,1556,18.08,97.32,4.71,0,2,1,5.77,0,309
307,2019,4,11,1556,18.06,97.28,4.71,0,2,3,5.86,0,309
308,2019,4,11,1556,18.06,97.30,4.71,0,2,3,5.86,0,309
309,2019,4,11,1556,18.06,97.32,4.71,0,2,5,11.33,0,309
310,2019,4,11,1551,18.04,104.24,4.71,0,2,3,4.95,0,310
311,2019,4,11,1556,17.84,100.26,4.72,0,2,3,8.18,0,311
312,2019,4,11,1556,17.84,100.28,4.72,0,2,3,8.18,0,311
313,2019,4,11,1556,17.82,100.28,4.72,0,2,5,7.60,0,311
314,2019,4,11,1556,17.78,98.02,4.72,0,2,1,4.38,0,314
315,2019,4,11,1556,17.74,101.54,4.72,0,2,1,4.79,0,315
316,2019,4,11,1556,17.74,101.56,4.72,0,2,3,4.79,0,315
317,2019,4,11,1556,16.94,98.84,4.74,0,2,3,4.72,0,317
318,2019,4,11,1556,16.84,99.70,4.74,0,2,3,2.43,0,318
319,2019,4,11,1556,16.72,98.88,4.75,0,2,1,3.19,0,319
320,2019,4,11,1556,16.16,99.10,4.76,0,2,1,3.02,0,320
321,2019,4,11,1556,15.52,98.20,4.78,0,2,5,7.78,0,323
322,2019,4,11,1556,15.50,98.18,4.78,0,2,5,8.93,0,323
323,2019,4,11,1556,15.50,98.20,4.78,0,2,5,16.44,0,323
324,2019,4,11,1556,15.50,98.22,4.78,0,2,5,16.44,0,323
325,2019,4,11,1556,15.04,98.08,4.79,0,2,5,17.95,0,325
326,2019,4,11,1556,15.04,98.10,4.79,0,2,3,8.52,0,325
327,2019,4,11,1556,15.04,98.12,4.79,0,2,3,8.52,0,325
328,2019,4,11,1556,15.02,98.08,4.79,0,2,5,7.92,0,325
329,2019,4,11,1556,15.02,98.10,4.79,0,2,5,7.92,0,325
330,2019,4,11,1556,15.02,98.12,4.79,0,2,1,4.11,0,325
331,2019,4,11,1556,12.30,98.98,4.84,0,2,5,4.60,0,331
332,2019,4,11,1556,12.28,98.98,4.84,0,2,1,2.23,0,331
333,2019,4,11,1556,10.76,107.46,4.87,0,2,3,8.28,0,333
334,2019,4,11,1556,10.76,107.48,4.87,0,2,3,8.25,0,333
335,2019,4,11,1556,10.74,107.48,4.87,0,2,5,7.58,0,333
336,2019,4,11,1556,10.64,107.58,4.87,0,2,3,2.82,0,336
337,2019,4,11,1556,-6.74,140.26,4.92,0,1,1,3.79,0,337
338,2019,4,11,1556,-7.64,145.70,4.91,0,1,3,13.02,0,338
339,2019,4,11,1556,-16.20,125.66,4.76,0,2,3,3.89,0,339
340,2019,4,11,1556,-16.22,125.64,4.76,0,2,3,2.08,0,339
341,2019,4,11,1556,-16.22,125.66,4.76,0,2,3,2.32,0,339
342,2019,4,11,1556,-16.50,130.38,4.75,0,1,3,7.33,0,342
343,2019,4,11,1556,-16.52,130.38,4.75,0,2,5,6.19,0,342
344,2019,4,11,1556,-16.52,130.40,4.75,0,2,3,2.81,0,342
345,2019,4,11,1556,-16.54,127.40,4.75,0,2,5,3.89,0,345
346,2019,4,11,1556,-16.54,127.42,4.75,0,2,5,3.69,0,345
347,2019,4,11,1556,-16.62,130.22,4.75,0,2,3,3.10,0,347
348,2019,4,11,1556,-16.70,130.14,4.75,0,2,3,2.63,0,348
349,2019,4,11,1556,-16.76,130.40,4.75,0,2,1,2.05,0,349
350,2019,4,11,1556,-16.80,145.32,4.75,0,1,1,4.74,0,350
351,2019,4,11,1556,-16.96,124.96,4.74,0,2,3,4.52,0,351
352,2019,4,11,1556,-17.14,127.02,4.74,0,2,3,1.78,0,352
353,2019,4,11,1556,-19.46,146.74,4.67,0,1,1,6.32,0,354
354,2019,4,11,1556,-19.46,146.76,4.67,0,1,1,6.86,0,354
355,2019,4,11,1556,-19.48,146.80,4.67,0,1,1,4.71,0,355
356,2019,4,11,1556,-21.08,132.14,4.62,0,2,3,1.27,0,356
357,2019,4,11,1556,-21.08,132.16,4.62,0,3,3,1.17,0,356
358,2019,4,11,1556,-22.86,116.98,4.57,0,1,3,12.54,0,358
359,2019,4,11,1556,-23.34,117.22,4.55,0,1,1,19.14,0,359
360,2019,4,11,1556,-23.74,117.32,4.54,0,1,3,3.68,0,360
361,2019,4,11,1556,-23.76,151.20,4.54,0,2,1,3.54,0,362
362,2019,4,11,1556,-23.78,151.20,4.54,0,2,1,4.44,0,362
363,2019,4,11,1556,-23.98,117.12,4.53,0,2,3,2.32,0,363
364,2019,4,11,1556,-23.98,117.14,4.53,0,2,1,2.32,0,363
365,2019,4,11,1556,-25.10,145.44,4.49,0,2,3,5.11,0,367
366,2019,4,11,1556,-25.10,145.46,4.49,0,2,3,4.23,0,367
367,2019,4,11,1556,-25.12,145.44,4.49,0,2,5,8.97,0,367
368,2019,4,11,1556,-25.12,145.46,4.49,0,2,5,6.05,0,367
369,2019,4,11,1556,-25.68,146.12,4.47,0,2,3,3.09,0,369
370,2019,4,11,1556,-25.92,125.12,4.46,0,1,3,2.89,0,370
371,2019,4,11,1556,-26.24,149.50,4.45,0,2,1,2.16,0,371
372,2019,4,11,1556,-26.26,149.62,4.45,0,2,3,1.75,0,373
373,2019,4,11,1556,-26.26,149.64,4.45,0,2,5,4.82,0,373
374,2019,4,11,1556,-26.88,149.40,4.42,0,2,3,3.17,0,374
375,2019,4,11,1556,-27.18,140.18,4.41,0,1,1,5.58,0,375
376,2019,4,11,1556,-27.28,148.02,4.41,0,1,3,7.27,0,376
377,2019,4,11,1556,-27.28,148.04,4.41,0,2,1,4.53,0,376
378,2019,4,11,1556,-27.38,137.06,4.40,0,2,1,2.90,0,378
379,2019,4,11,1556,-27.52,137.48,4.40,0,2,1,5.38,0,379
380,2019,4,11,1556,-27.58,137.64,4.39,0,1,1,10.19,0,380
381,2019,4,11,1556,-27.58,137.66,4.39,0,1,1,10.19,0,380
382,2019,4,11,1556,-27.58,137.68,4.39,0,1,1,9.89,0,380
383,2019,4,11,1556,-27.80,115.90,4.38,0,1,3,9.63,0,383
384,2019,4,11,1556,-27.84,138.26,4.38,0,1,1,6.12,0,384
385,2019,4,11,1556,-28.06,138.26,4.37,0,1,1,5.43,0,385
386,2019,4,11,1556,-28.06,138.28,4.37,0,1,1,4.91,0,385
387,2019,4,11,1556,-28.08,138.26,4.37,0,1,1,4.46,0,385
388,2019,4,11,1556,-28.10,138.28,4.37,0,1,1,4.36,0,388
389,2019,4,11,1556,-28.72,148.10,4.35,0,2,1,2.22,0,390
390,2019,4,11,1556,-28.74,148.10,4.35,0,2,1,4.40,0,390
391,2019,4,11,1556,-28.86,137.98,4.34,0,2,1,3.47,0,391
392,2019,4,11,1556,-28.88,145.84,4.34,0,2,1,2.20,0,392
393,2019,4,11,1556,-29.30,145.06,4.32,0,1,3,4.31,0,393
394,2019,4,11,1556,-29.38,148.64,4.32,0,2,3,2.05,0,394
395,2019,4,11,1556,-29.38,148.66,4.32,0,2,3,2.05,0,394
396,2019,4,11,1556,-29.38,148.68,4.32,0,2,1,1.29,0,394
397,2019,4,11,1556,-29.42,153.36,4.32,0,1,3,15.35,0,397
398,2019,4,11,1556,-29.72,135.56,4.30,0,1,1,3.26,0,399
399,2019,4,11,1556,-29.74,135.56,4.30,0,1,1,3.26,0,399
400,2019,4,11,1556,-29.98,149.82,4.29,0,2,5,2.18,0,401
401,2019,4,11,1556,-29.98,149.84,4.29,0,2,3,3.11,0,401
402,2019,4,11,1556,-30.02,116.36,4.29,0,2,3,15.83,0,402
403,2019,4,11,1556,-30.04,116.36,4.29,0,2,3,11.20,0,402
404,2019,4,11,1556,-30.06,116.34,4.29,0,2,3,10.55,0,404
405,2019,4,11,1556,-30.12,124.24,4.29,0,1,3,27.52,0,406
406,2019,4,11,1556,-30.14,124.24,4.29,0,1,3,27.52,0,406
407,2019,4,11,1556,-30.86,136.08,4.25,0,1,1,7.32,0,407
408,2019,4,11,1556,-31.04,147.04,4.25,0,1,3,5.07,0,408
409,2019,4,11,1556,-31.50,117.22,4.23,0,2,3,5.57,0,413
410,2019,4,11,1556,-31.50,117.24,4.23,0,2,5,5.69,0,413
411,2019,4,11,1556,-31.50,117.26,4.23,0,2,5,5.69,0,413
412,2019,4,11,1556,-31.52,117.22,4.23,0,2,3,5.57,0,413
413,2019,4,11,1556,-31.52,117.24,4.23,0,2,5,5.69,0,413
414,2019,4,11,1556,-31.54,117.22,4.22,0,2,3,4.10,0,413
415,2019,4,11,1556,-31.54,117.24,4.22,0,2,5,5.55,0,413
416,2019,4,11,1556,-31.54,151.76,4.22,0,2,5,8.93,0,417
417,2019,4,11,1556,-31.54,151.78,4.22,0,2,5,8.93,0,417
418,2019,4,11,1556,-31.56,151.78,4.22,0,2,3,6.00,0,417
419,2019,4,11,1556,-31.58,152.60,4.22,0,2,3,3.34,0,422
420,2019,4,11,1556,-31.58,152.62,4.22,0,2,3,6.34,0,422
421,2019,4,11,1556,-31.60,152.60,4.22,0,2,3,3.72,0,422
422,2019,4,11,1556,-31.60,152.62,4.22,0,2,5,12.11,0,422
423,2019,4,11,1556,-31.60,152.64,4.22,0,2,5,11.08,0,422
424,2019,4,11,1556,-31.80,137.12,4.21,0,1,1,7.49,0,426
425,2019,4,11,1556,-31.80,137.14,4.21,0,1,1,7.49,0,426
426,2019,4,11,1556,-31.80,137.16,4.21,0,1,1,7.73,0,426
427,2019,4,11,1556,-32.34,151.28,4.19,0,1,1,5.47,0,427
428,2019,4,11,1556,-32.76,136.84,4.17,0,2,1,2.30,0,428
429,2019,4,11,1556,-33.22,119.50,4.15,0,1,1,9.64,0,429
430,2019,4,11,1556,-33.94,141.24,4.11,0,1,1,7.31,0,432
431,2019,4,11,1556,-33.94,141.26,4.11,0,1,1,6.11,0,432
432,2019,4,11,1556,-33.96,141.24,4.11,0,1,1,14.95,0,432
433,2019,4,11,1556,-34.54,142.84,4.08,0,1,3,5.08,0,433
434,2019,4,11,1556,-34.54,142.86,4.08,0,1,1,2.83,0,433
435,2019,4,11,1556,-34.54,142.88,4.08,0,1,1,2.83,0,433
436,2019,4,11,1556,-34.70,142.16,4.08,0,2,3,1.88,0,436
437,2019,4,11,1556,-35.16,148.62,4.05,0,2,1,8.28,0,437
438,2019,4,11,1556,-35.16,148.64,4.05,0,2,3,4.36,0,437
439,2019,4,11,1556,-35.18,148.62,4.05,0,2,3,5.01,0,437
440,2019,4,11,1556,-35.30,142.80,4.05,0,1,1,3.86,0,440
441,2019,4,11,1556,-35.30,146.20,4.05,0,2,1,2.00,0,442
442,2019,4,11,1556,-35.32,146.20,4.04,0,2,3,2.65,0,442
443,2019,4,11,1556,-35.32,146.66,4.04,0,2,3,1.82,0,444
444,2019,4,11,1556,-35.34,146.66,4.04,0,2,3,1.82,0,444
445,2019,4,11,1556,-35.42,148.24,4.04,0,1,1,3.88,0,445
446,2019,4,11,1556,-35.42,148.26,4.04,0,1,1,3.88,0,445
447,2019,4,11,1556,-36.20,146.92,4.00,0,2,3,4.70,0,448
448,2019,4,11,1556,-36.20,146.94,4.00,0,2,3,4.83,0,448
449,2019,4,11,1556,-36.36,150.08,3.99,0,2,3,1.14,0,449
450,2019,4,11,1556,-36.42,141.06,3.99,0,2,3,1.07,0,450
451,2019,4,11,1556,-37.96,145.42,3.91,0,2,3,2.28,0,451
452,2019,4,11,1556,-38.22,143.36,3.89,0,1,1,6.42,0,453
453,2019,4,11,1556,-38.24,143.36,3.89,0,1,1,6.42,0,453
454,2019,4,11,1556,-38.26,143.08,3.89,0,2,1,1.48,0,455
455,2019,4,11,1556,-38.26,143.10,3.89,0,2,3,2.42,0,455
456,2019,4,11,1556,-38.26,143.12,3.89,0,2,3,2.42,0,455
457,2019,4,11,1556,-38.26,143.36,3.89,0,2,1,3.24,0,453
458,2019,4,11,1556,-38.30,143.60,3.89,0,1,3,5.37,0,460
459,2019,4,11,1556,-38.30,143.62,3.89,0,1,3,5.37,0,460
460,2019,4,11,1556,-38.32,143.60,3.89,0,1,3,5.37,0,460
461,2019,4,11,1556,-38.32,143.62,3.89,0,1,3,5.37,0,460
462,2019,4,11,1602,-41.42,147.56,3.72,0,2,3,1.81,0,463
463,2019,4,11,1602,-41.44,147.56,3.72,0,2,3,1.81,0,463
464,2019,4,11,1602,-42.78,147.74,3.64,0,2,3,3.76,0,464
465,2019,4,11,1602,-42.78,147.76,3.64,0,2,3,3.76,0,464
466,2019,4,11,1602,-43.02,146.24,3.62,0,2,3,1.90,0,466
467,2019,4,11,1602,-43.02,146.26,3.62,0,2,3,1.90,0,466
468,2019,4,11,1602,-44.18,170.22,3.55,0,1,3,9.35,0,468
469,2019,4,11,1602,-45.62,170.68,3.47,0,1,3,7.35,0,469
