# 2019  4 26 12 30 UTC  2020  5  1  4 57 UTC
# ID,Year,Month,Day,Time(UTC),Lat,Lon,Area(km^2),Volcano,Level,Reliability,FRP(Wm^-2),QF,Hot(ID)
1,2019,4,26,1228,58.16,107.06,2.61,0,2,1,2.51,0,1
2,2019,4,26,1228,58.14,107.08,2.62,0,2,1,2.86,0,6
3,2019,4,26,1228,58.14,107.10,2.62,0,2,1,2.86,0,6
4,2019,4,26,1228,58.14,107.12,2.62,0,2,1,2.86,0,6
5,2019,4,26,1228,58.12,107.12,2.62,0,2,1,2.86,0,6
6,2019,4,26,1228,58.12,107.14,2.62,0,2,1,2.86,0,6
7,2019,4,26,1228,53.32,129.82,2.96,0,2,5,2.71,0,7
8,2019,4,26,1228,53.32,129.84,2.96,0,2,5,2.71,0,7
9,2019,4,26,1228,53.32,129.86,2.96,0,2,3,2.13,0,7
10,2019,4,26,1228,53.30,129.82,2.96,0,2,5,2.71,0,7
11,2019,4,26,1228,53.30,129.84,2.96,0,2,5,2.71,0,7
12,2019,4,26,1228,53.30,129.86,2.96,0,2,3,2.13,0,7
13,2019,4,26,1228,53.12,103.98,2.97,0,2,5,2.98,0,16
14,2019,4,26,1228,53.12,104.00,2.97,0,2,5,2.98,0,16
15,2019,4,26,1228,53.10,104.00,2.98,0,2,5,2.98,0,16
16,2019,4,26,1228,53.10,104.02,2.98,0,2,5,2.98,0,16
17,2019,4,26,1228,52.84,103.60,2.99,0,2,3,2.08,0,21
18,2019,4,26,1228,52.84,103.62,2.99,0,2,3,2.08,0,21
19,2019,4,26,1228,52.82,103.62,3.00,0,2,3,2.08,0,21
20,2019,4,26,1228,52.82,103.64,3.00,0,2,3,2.08,0,21
21,2019,4,26,1228,52.82,103.66,3.00,0,2,3,2.08,0,21
22,2019,4,26,1228,52.78,102.78,3.00,0,2,3,4.09,0,25
23,2019,4,26,1228,52.78,102.80,3.00,0,2,3,4.09,0,25
24,2019,4,26,1228,52.76,102.80,3.00,0,2,3,4.10,0,25
25,2019,4,26,1228,52.76,102.82,3.00,0,2,3,4.10,0,25
26,2019,4,26,1228,51.92,128.06,3.06,0,2,5,8.65,0,26
27,2019,4,26,1228,51.92,128.08,3.06,0,2,5,8.65,0,26
28,2019,4,26,1228,51.90,128.06,3.06,0,2,5,8.65,0,26
29,2019,4,26,1228,51.90,128.08,3.06,0,2,5,8.65,0,26
30,2019,4,26,1228,51.88,128.08,3.06,0,2,3,3.73,0,26
31,2019,4,26,1228,51.86,128.08,3.06,0,2,3,3.73,0,26
32,2019,4,26,1228,51.86,128.10,3.06,0,2,3,3.73,0,26
33,2019,4,26,1228,51.78,140.00,3.07,0,2,3,1.28,0,33
34,2019,4,26,1228,51.72,135.72,3.07,0,2,3,1.26,0,38
35,2019,4,26,1228,51.72,135.74,3.07,0,2,3,1.26,0,38
36,2019,4,26,1228,51.70,135.72,3.07,0,2,3,1.26,0,38
37,2019,4,26,1228,51.70,135.74,3.07,0,2,3,1.26,0,38
38,2019,4,26,1228,51.68,135.74,3.07,0,2,3,1.69,0,38
39,2019,4,26,1228,51.66,127.82,3.07,0,2,5,2.19,0,42
40,2019,4,26,1228,51.66,127.84,3.07,0,2,5,2.19,0,42
41,2019,4,26,1228,51.66,135.74,3.07,0,2,3,1.69,0,38
42,2019,4,26,1228,51.64,127.84,3.08,0,2,5,2.19,0,42
43,2019,4,26,1228,51.64,127.88,3.08,0,2,3,.83,0,43
44,2019,4,26,1228,51.56,128.66,3.08,0,2,1,.59,0,44
45,2019,4,26,1228,50.74,128.52,3.14,0,2,5,3.36,0,45
46,2019,4,26,1228,50.72,128.52,3.14,0,2,5,3.36,0,45
47,2019,4,26,1228,50.72,128.54,3.14,0,2,5,3.36,0,45
48,2019,4,26,1228,50.40,127.94,3.16,0,2,5,2.72,0,48
49,2019,4,26,1228,50.40,136.78,3.16,0,2,5,4.76,0,49
50,2019,4,26,1228,50.40,136.80,3.16,0,2,5,4.76,0,49
51,2019,4,26,1228,50.38,127.94,3.16,0,2,5,2.72,0,48
52,2019,4,26,1228,50.38,127.96,3.16,0,2,5,2.72,0,48
53,2019,4,26,1228,50.38,136.78,3.16,0,2,5,4.29,0,49
54,2019,4,26,1228,50.38,136.80,3.16,0,2,5,4.29,0,49
55,2019,4,26,1228,50.36,136.78,3.16,0,2,5,4.29,0,49
56,2019,4,26,1228,50.36,136.80,3.16,0,2,5,4.29,0,49
57,2019,4,26,1228,50.22,127.86,3.17,0,2,3,2.00,0,59
58,2019,4,26,1228,50.22,127.88,3.17,0,2,3,2.00,0,59
59,2019,4,26,1228,50.20,127.88,3.17,0,2,3,2.19,0,59
60,2019,4,26,1228,50.18,127.88,3.17,0,2,3,2.19,0,59
61,2019,4,26,1228,49.76,136.32,3.20,0,2,1,1.91,0,61
62,2019,4,26,1228,49.06,131.56,3.25,0,2,3,2.08,0,62
63,2019,4,26,1228,49.06,131.58,3.25,0,2,3,2.08,0,62
64,2019,4,26,1228,49.06,131.60,3.25,0,2,3,1.45,0,62
65,2019,4,26,1228,49.04,131.58,3.25,0,2,3,2.08,0,62
66,2019,4,26,1228,49.04,131.60,3.25,0,2,3,1.45,0,62
67,2019,4,26,1228,49.04,131.62,3.25,0,2,3,1.45,0,62
68,2019,4,26,1228,48.94,124.22,3.26,0,2,3,1.43,0,69
69,2019,4,26,1228,48.92,124.22,3.26,0,2,3,1.43,0,69
70,2019,4,26,1228,48.92,124.24,3.26,0,2,3,1.43,0,69
71,2019,4,26,1228,48.90,124.22,3.26,0,2,3,1.12,0,69
72,2019,4,26,1228,48.90,124.24,3.26,0,2,3,1.12,0,69
73,2019,4,26,1228,48.42,132.20,3.29,0,2,5,3.22,0,73
74,2019,4,26,1228,48.42,132.22,3.29,0,2,3,3.08,0,73
75,2019,4,26,1228,48.40,132.20,3.29,0,2,5,3.22,0,73
76,2019,4,26,1228,48.40,132.22,3.29,0,2,3,3.08,0,73
77,2019,4,26,1228,48.40,132.24,3.29,0,2,3,3.08,0,73
78,2019,4,26,1228,48.38,132.20,3.29,0,2,3,2.15,0,73
79,2019,4,26,1228,48.38,132.22,3.29,0,2,1,1.08,0,73
80,2019,4,26,1228,48.38,132.24,3.29,0,2,1,1.08,0,73
81,2019,4,26,1228,48.36,123.52,3.29,0,2,3,1.96,0,82
82,2019,4,26,1228,48.34,123.52,3.29,0,2,3,1.96,0,82
83,2019,4,26,1228,48.34,123.54,3.29,0,2,3,1.96,0,82
84,2019,4,26,1228,47.56,134.76,3.34,0,2,5,1.90,0,84
85,2019,4,26,1228,47.56,134.78,3.34,0,2,5,1.90,0,84
86,2019,4,26,1234,47.32,124.50,3.36,0,2,1,2.36,0,88
87,2019,4,26,1234,47.32,124.52,3.36,0,2,3,2.36,0,88
88,2019,4,26,1234,47.30,124.52,3.36,0,2,1,2.36,0,88
89,2019,4,26,1234,46.36,134.36,3.42,0,2,3,1.48,0,90
90,2019,4,26,1234,46.36,134.38,3.42,0,2,5,3.15,0,90
91,2019,4,26,1234,46.36,134.40,3.42,0,2,5,3.15,0,90
92,2019,4,26,1234,46.30,124.08,3.42,0,1,1,3.44,0,92
93,2019,4,26,1234,46.30,126.64,3.42,0,1,1,4.18,0,95
94,2019,4,26,1234,46.28,123.06,3.43,0,2,3,2.11,0,94
95,2019,4,26,1234,46.28,126.64,3.43,0,1,1,4.18,0,95
96,2019,4,26,1234,46.12,133.86,3.44,0,2,3,1.39,0,96
97,2019,4,26,1234,46.12,133.88,3.44,0,2,3,1.39,0,96
98,2019,4,26,1234,46.06,125.96,3.44,0,2,1,1.12,0,99
99,2019,4,26,1234,46.06,125.98,3.44,0,2,1,1.12,0,99
100,2019,4,26,1234,46.02,132.80,3.44,0,2,1,2.69,0,102
101,2019,4,26,1234,46.02,132.82,3.44,0,2,1,2.69,0,102
102,2019,4,26,1234,46.00,132.80,3.44,0,2,1,2.69,0,102
103,2019,4,26,1234,46.00,132.82,3.44,0,2,1,2.69,0,102
104,2019,4,26,1234,45.56,126.96,3.47,0,2,1,2.63,0,106
105,2019,4,26,1234,45.54,126.96,3.47,0,2,1,2.63,0,106
106,2019,4,26,1234,45.54,126.98,3.47,0,2,1,2.63,0,106
107,2019,4,26,1234,45.40,123.80,3.48,0,2,3,1.85,0,107
108,2019,4,26,1234,45.40,123.82,3.48,0,2,1,1.85,0,107
109,2019,4,26,1234,44.98,125.08,3.51,0,2,1,3.38,0,111
110,2019,4,26,1234,44.96,121.50,3.51,0,2,3,2.61,0,110
111,2019,4,26,1234,44.96,125.08,3.51,0,2,1,3.38,0,111
112,2019,4,26,1234,44.96,125.10,3.51,0,2,1,3.38,0,111
113,2019,4,26,1234,44.94,121.50,3.51,0,2,3,2.61,0,110
114,2019,4,26,1234,44.94,121.52,3.51,0,2,3,2.61,0,110
115,2019,4,26,1234,44.94,121.62,3.51,0,2,3,1.83,0,115
116,2019,4,26,1234,44.94,121.64,3.51,0,2,3,1.83,0,115
117,2019,4,26,1234,44.94,121.66,3.51,0,2,3,1.46,0,115
118,2019,4,26,1234,44.90,121.54,3.51,0,2,3,1.46,0,118
119,2019,4,26,1234,44.82,126.56,3.52,0,1,1,3.31,0,119
120,2019,4,26,1234,44.40,124.80,3.54,0,1,1,2.97,0,120
121,2019,4,26,1234,44.20,123.78,3.55,0,1,3,2.65,0,122
122,2019,4,26,1234,44.20,123.80,3.55,0,1,3,2.65,0,122
123,2019,4,26,1234,44.02,126.38,3.56,0,2,3,2.47,0,123
124,2019,4,26,1234,44.02,126.40,3.56,0,2,3,2.47,0,123
125,2019,4,26,1234,44.00,126.40,3.57,0,2,3,2.47,0,123
126,2019,4,26,1234,43.94,116.08,3.57,0,2,1,1.38,0,126
127,2019,4,26,1234,43.74,122.86,3.58,0,2,5,8.04,0,128
128,2019,4,26,1234,43.72,122.86,3.58,0,2,5,33.24,0,128
129,2019,4,26,1234,43.72,122.88,3.58,0,2,5,8.04,0,128
130,2019,4,26,1234,43.70,122.88,3.58,0,2,5,33.24,0,128
131,2019,4,26,1234,43.50,123.50,3.60,0,2,3,1.27,0,131
132,2019,4,26,1234,43.50,124.82,3.60,0,2,1,1.44,0,132
133,2019,4,26,1234,43.50,124.84,3.60,0,2,3,1.18,0,132
134,2019,4,26,1234,42.68,130.70,3.64,0,1,3,3.88,0,134
135,2019,4,26,1234,42.54,125.68,3.65,0,2,1,2.10,0,137
136,2019,4,26,1234,42.54,125.70,3.65,0,2,1,2.10,0,137
137,2019,4,26,1234,42.52,125.70,3.65,0,2,1,2.10,0,137
138,2019,4,26,1234,42.38,122.52,3.66,0,2,1,1.99,0,140
139,2019,4,26,1234,42.38,122.54,3.66,0,2,1,1.99,0,140
140,2019,4,26,1234,42.36,122.52,3.66,0,2,1,1.99,0,140
141,2019,4,26,1234,42.36,122.54,3.66,0,2,1,1.99,0,140
142,2019,4,26,1234,42.24,123.74,3.67,0,2,1,2.35,0,142
143,2019,4,26,1234,41.28,123.72,3.72,0,2,1,1.55,0,143
144,2019,4,26,1234,41.28,123.74,3.72,0,2,1,1.45,0,143
145,2019,4,26,1234,41.26,123.72,3.73,0,2,1,1.55,0,143
146,2019,4,26,1234,41.26,123.74,3.73,0,2,1,1.45,0,143
147,2019,4,26,1234,41.22,123.62,3.73,0,2,1,1.03,0,147
148,2019,4,26,1234,41.14,122.98,3.73,0,1,1,12.25,0,148
149,2019,4,26,1234,41.12,122.98,3.73,0,1,1,12.25,0,148
150,2019,4,26,1234,41.12,123.00,3.73,0,1,1,12.25,0,148
151,2019,4,26,1234,40.66,122.56,3.76,0,2,1,1.15,0,152
152,2019,4,26,1234,40.66,122.58,3.76,0,2,1,1.25,0,152
153,2019,4,26,1234,40.64,122.56,3.76,0,2,1,1.15,0,152
154,2019,4,26,1234,40.64,122.58,3.76,0,2,1,1.25,0,152
155,2019,4,26,1234,39.96,118.56,3.80,0,2,1,1.61,0,155
156,2019,4,26,1234,39.66,118.40,3.82,0,2,1,2.46,0,156
157,2019,4,26,1234,39.66,118.42,3.82,0,2,1,2.46,0,156
158,2019,4,26,1234,37.98,125.70,3.91,0,2,1,2.47,0,159
159,2019,4,26,1234,37.98,125.72,3.91,0,1,1,3.74,0,159
160,2019,4,26,1234,37.04,95.44,3.96,0,1,1,5.96,0,160
161,2019,4,26,1234,36.42,119.10,3.99,0,2,1,2.98,0,161
162,2019,4,26,1234,36.40,119.10,3.99,0,2,1,2.98,0,161
163,2019,4,26,1234,36.40,119.12,3.99,0,2,1,2.98,0,161
164,2019,4,26,1234,36.02,119.38,4.01,0,2,3,1.70,0,165
165,2019,4,26,1234,36.00,119.38,4.01,0,2,1,2.09,0,165
166,2019,4,26,1234,36.00,119.40,4.01,0,2,1,2.09,0,165
167,2019,4,26,1234,35.98,119.40,4.01,0,2,1,2.09,0,165
168,2019,4,26,1234,35.96,119.40,4.01,0,2,1,1.16,0,165
169,2019,4,26,1234,35.62,110.56,4.03,0,2,1,2.92,0,169
170,2019,4,26,1234,35.62,110.58,4.03,0,2,1,2.92,0,169
171,2019,4,26,1234,35.14,128.94,4.05,0,1,3,4.03,0,171
172,2019,4,26,1234,34.78,83.22,4.07,0,2,1,6.11,0,173
173,2019,4,26,1234,34.78,83.24,4.07,0,2,1,6.12,0,173
174,2019,4,26,1234,34.42,119.84,4.09,0,2,1,8.67,0,174
175,2019,4,26,1234,34.42,119.86,4.09,0,2,1,4.63,0,174
176,2019,4,26,1234,34.40,119.84,4.09,0,2,1,8.67,0,174
177,2019,4,26,1234,34.40,119.86,4.09,0,2,1,4.63,0,174
178,2019,4,26,1234,34.06,89.66,4.11,0,2,3,2.01,0,182
179,2019,4,26,1234,34.06,89.68,4.11,0,2,3,2.01,0,182
180,2019,4,26,1234,34.06,131.06,4.11,0,2,3,3.34,0,180
181,2019,4,26,1234,34.04,89.68,4.11,0,2,3,2.01,0,182
182,2019,4,26,1234,34.04,89.70,4.11,0,2,3,2.01,0,182
183,2019,4,26,1234,34.02,89.66,4.11,0,2,3,1.02,0,182
184,2019,4,26,1234,34.02,89.68,4.11,0,2,3,1.02,0,182
185,2019,4,26,1234,33.66,116.94,4.13,0,2,1,1.28,0,185
186,2019,4,26,1234,33.54,117.54,4.13,0,2,1,2.01,0,186
187,2019,4,26,1234,33.42,81.54,4.14,0,3,1,5.16,0,189
188,2019,4,26,1234,33.42,81.56,4.14,0,3,1,5.17,0,189
189,2019,4,26,1234,33.42,81.58,4.14,0,3,1,5.17,0,189
190,2019,4,26,1234,33.04,85.96,4.16,0,3,1,2.02,0,192
191,2019,4,26,1234,33.04,85.98,4.16,0,3,1,2.02,0,192
192,2019,4,26,1234,33.04,86.00,4.16,0,3,1,2.02,0,192
193,2019,4,26,1234,32.68,117.14,4.17,0,1,3,4.54,0,193
194,2019,4,26,1234,32.66,117.16,4.17,0,1,3,3.74,0,194
195,2019,4,26,1234,32.24,119.62,4.19,0,2,1,3.44,0,195
196,2019,4,26,1234,31.60,86.40,4.22,0,3,1,4.61,0,197
197,2019,4,26,1234,31.60,86.42,4.22,0,3,1,4.61,0,197
198,2019,4,26,1234,30.84,84.78,4.26,0,3,1,5.57,0,198
199,2019,4,26,1234,30.84,84.80,4.26,0,3,1,5.51,0,198
200,2019,4,26,1234,30.46,102.66,4.27,0,1,3,11.20,0,200
201,2019,4,26,1234,30.02,94.84,4.29,0,1,3,14.20,0,202
202,2019,4,26,1234,30.02,94.86,4.29,0,1,3,14.20,0,202
203,2019,4,26,1234,25.32,96.66,4.48,0,2,3,4.02,0,203
204,2019,4,26,1234,25.30,96.68,4.48,0,2,3,3.89,0,204
205,2019,4,26,1234,25.18,109.40,4.49,0,1,3,9.85,0,205
206,2019,4,26,1234,25.18,109.42,4.49,0,1,1,9.85,0,205
207,2019,4,26,1234,25.16,109.44,4.49,0,1,3,14.29,0,207
208,2019,4,26,1234,25.14,96.08,4.49,0,2,1,2.21,0,208
209,2019,4,26,1234,24.98,97.26,4.49,0,2,1,3.51,0,209
210,2019,4,26,1234,24.98,97.28,4.49,0,2,1,3.51,0,209
211,2019,4,26,1234,24.96,97.30,4.49,0,2,1,3.45,0,211
212,2019,4,26,1234,24.50,97.52,4.51,0,2,3,9.55,0,212
213,2019,4,26,1234,24.50,97.54,4.51,0,2,3,9.55,0,212
214,2019,4,26,1234,24.04,96.36,4.53,0,2,5,5.53,0,214
215,2019,4,26,1234,24.04,96.38,4.53,0,2,5,5.53,0,214
216,2019,4,26,1234,24.02,102.80,4.53,0,2,5,5.39,0,216
217,2019,4,26,1234,23.22,95.64,4.56,0,2,3,3.02,0,217
218,2019,4,26,1234,23.22,95.66,4.56,0,2,3,3.02,0,217
219,2019,4,26,1234,22.22,99.54,4.59,0,2,3,4.36,0,219
220,2019,4,26,1234,22.22,99.56,4.59,0,2,3,4.36,0,219
221,2019,4,26,1234,21.80,99.64,4.60,0,2,3,8.27,0,223
222,2019,4,26,1234,21.80,99.66,4.60,0,2,3,8.27,0,223
223,2019,4,26,1234,21.78,99.64,4.60,0,2,3,8.45,0,223
224,2019,4,26,1234,21.78,99.66,4.60,0,2,3,8.27,0,223
225,2019,4,26,1234,21.76,99.66,4.60,0,2,3,8.45,0,223
226,2019,4,26,1234,21.26,100.26,4.62,0,2,5,5.96,0,226
227,2019,4,26,1234,20.94,100.82,4.63,0,2,5,6.03,0,228
228,2019,4,26,1234,20.92,100.82,4.63,0,2,5,13.81,0,228
229,2019,4,26,1234,20.92,100.84,4.63,0,2,5,13.81,0,228
230,2019,4,26,1234,20.90,100.84,4.63,0,2,3,5.08,0,228
231,2019,4,26,1234,20.86,101.42,4.63,0,2,3,6.33,0,234
232,2019,4,26,1234,20.86,101.44,4.63,0,2,3,6.33,0,234
233,2019,4,26,1234,20.86,101.46,4.63,0,2,5,4.07,0,234
234,2019,4,26,1234,20.84,101.44,4.63,0,2,5,13.29,0,234
235,2019,4,26,1234,20.84,101.46,4.63,0,2,5,7.53,0,234
236,2019,4,26,1234,20.84,101.48,4.63,0,2,5,7.53,0,234
237,2019,4,26,1234,20.82,101.48,4.63,0,2,5,7.53,0,234
238,2019,4,26,1234,20.80,100.26,4.63,0,2,3,1.79,0,238
239,2019,4,26,1234,20.72,101.94,4.64,0,2,3,5.16,0,240
240,2019,4,26,1234,20.72,101.96,4.64,0,2,5,5.39,0,240
241,2019,4,26,1234,20.72,101.98,4.64,0,2,3,5.39,0,240
242,2019,4,26,1234,20.28,96.46,4.65,0,2,3,7.23,0,242
243,2019,4,26,1234,20.28,96.48,4.65,0,2,3,7.23,0,242
244,2019,4,26,1234,20.28,96.50,4.65,0,2,3,5.93,0,242
245,2019,4,26,1234,20.24,96.48,4.65,0,2,3,4.64,0,245
246,2019,4,26,1234,19.98,93.88,4.66,0,2,5,22.53,0,246
247,2019,4,26,1234,19.98,93.90,4.66,0,2,5,22.53,0,246
248,2019,4,26,1234,19.98,93.92,4.66,0,2,3,13.76,0,246
249,2019,4,26,1234,19.86,94.38,4.66,0,2,3,9.95,0,249
250,2019,4,26,1234,19.86,94.40,4.66,0,2,3,9.95,0,249
251,2019,4,26,1234,19.80,96.42,4.66,0,2,5,10.74,0,253
252,2019,4,26,1234,19.80,100.30,4.66,0,2,3,2.59,0,252
253,2019,4,26,1234,19.78,96.42,4.66,0,2,5,10.91,0,253
254,2019,4,26,1234,19.78,96.44,4.66,0,2,5,10.91,0,253
255,2019,4,26,1234,18.94,101.06,4.69,0,2,3,4.33,0,255
256,2019,4,26,1234,18.92,101.08,4.69,0,2,3,4.49,0,256
257,2019,4,26,1234,18.80,99.66,4.69,0,2,1,2.97,0,257
258,2019,4,26,1234,18.80,99.68,4.69,0,2,1,2.96,0,257
259,2019,4,26,1234,18.68,98.12,4.70,0,2,5,24.08,0,259
260,2019,4,26,1234,18.68,98.14,4.70,0,2,5,24.08,0,259
261,2019,4,26,1234,18.68,98.16,4.70,0,2,5,19.10,0,259
262,2019,4,26,1234,18.50,100.38,4.70,0,2,3,6.46,0,262
263,2019,4,26,1234,18.50,100.40,4.70,0,2,1,6.46,0,262
264,2019,4,26,1234,18.36,96.86,4.70,0,2,3,6.31,0,267
265,2019,4,26,1234,18.34,96.86,4.70,0,2,5,26.74,0,267
266,2019,4,26,1234,18.34,96.88,4.70,0,2,5,26.74,0,267
267,2019,4,26,1234,18.34,96.90,4.70,0,2,5,31.33,0,267
268,2019,4,26,1234,18.32,96.90,4.71,0,2,3,8.00,0,267
269,2019,4,26,1234,18.32,96.92,4.71,0,2,3,8.00,0,267
270,2019,4,26,1234,18.10,97.30,4.71,0,2,3,7.84,0,272
271,2019,4,26,1234,18.10,97.32,4.71,0,2,3,7.84,0,272
272,2019,4,26,1234,18.08,97.30,4.71,0,2,5,26.65,0,272
273,2019,4,26,1234,18.08,97.32,4.71,0,2,5,26.65,0,272
274,2019,4,26,1234,18.06,97.32,4.71,0,2,5,9.70,0,272
275,2019,4,26,1234,17.10,98.34,4.74,0,2,5,7.07,0,275
276,2019,4,26,1234,16.86,95.52,4.74,0,2,3,4.10,0,276
277,2019,4,26,1234,16.86,95.54,4.74,0,2,3,4.10,0,276
278,2019,4,26,1234,16.40,94.66,4.75,0,2,1,1.82,0,278
279,2019,4,26,1234,16.40,94.68,4.75,0,2,1,1.82,0,278
280,2019,4,26,1234,16.22,94.74,4.76,0,2,3,2.94,0,280
281,2019,4,26,1234,16.20,98.06,4.76,0,2,3,6.63,0,281
282,2019,4,26,1234,16.20,98.08,4.76,0,2,3,6.61,0,281
283,2019,4,26,1234,16.10,94.34,4.76,0,2,5,3.81,0,285
284,2019,4,26,1234,16.10,94.36,4.76,0,2,5,3.81,0,285
285,2019,4,26,1234,16.08,94.36,4.76,0,2,5,11.26,0,285
286,2019,4,26,1234,16.08,94.38,4.76,0,2,5,8.79,0,285
287,2019,4,26,1234,16.08,94.40,4.76,0,2,5,8.79,0,285
288,2019,4,26,1234,16.02,97.62,4.76,0,2,1,3.37,0,288
289,2019,4,26,1234,15.96,98.48,4.77,0,2,3,13.34,0,289
290,2019,4,26,1234,15.70,98.18,4.77,0,2,1,4.30,0,290
291,2019,4,26,1234,15.56,98.18,4.77,0,2,3,7.74,0,291
292,2019,4,26,1234,15.56,98.20,4.77,0,2,3,7.74,0,291
293,2019,4,26,1234,15.34,97.90,4.78,0,2,3,10.41,0,293
294,2019,4,26,1234,14.68,97.98,4.79,0,2,3,19.96,0,295
295,2019,4,26,1234,14.68,98.00,4.79,0,2,5,33.00,0,295
296,2019,4,26,1234,14.68,98.02,4.79,0,2,5,33.00,0,295
297,2019,4,26,1234,14.12,122.42,4.81,0,2,3,4.28,0,297
298,2019,4,26,1234,14.04,122.50,4.81,0,2,3,2.21,0,298
299,2019,4,26,1234,13.18,98.60,4.83,0,2,3,8.40,0,299
300,2019,4,26,1234,13.18,98.62,4.83,0,2,3,8.39,0,299
301,2019,4,26,1234,12.58,121.26,4.84,0,2,3,4.43,0,301
302,2019,4,26,1234,12.34,107.38,4.84,0,2,3,3.41,0,304
303,2019,4,26,1234,12.32,107.38,4.84,0,2,5,7.87,0,304
304,2019,4,26,1234,12.32,107.40,4.84,0,1,3,10.39,0,304
305,2019,4,26,1234,12.32,107.42,4.84,0,1,3,10.39,0,304
306,2019,4,26,1234,11.98,99.22,4.85,0,2,3,28.79,0,306
307,2019,4,26,1234,11.98,99.24,4.85,0,2,3,28.79,0,306
308,2019,4,26,1234,11.84,109.08,4.85,0,2,1,8.85,0,308
309,2019,4,26,1234,10.66,119.50,4.87,0,2,3,11.74,0,309
310,2019,4,26,1234,10.66,119.52,4.87,0,2,3,5.73,0,309
311,2019,4,26,1234,9.94,124.44,4.88,0,2,3,2.94,0,312
312,2019,4,26,1234,9.94,124.46,4.88,0,2,5,4.68,0,312
313,2019,4,26,1234,-4.08,145.04,4.94,1,3,1,4.17,0,313
314,2019,4,26,1239,-12.86,131.00,4.83,0,1,1,12.39,0,314
315,2019,4,26,1239,-13.12,130.82,4.83,0,2,3,3.34,0,315
316,2019,4,26,1239,-13.20,132.80,4.83,0,2,3,3.21,0,318
317,2019,4,26,1239,-13.22,131.76,4.83,0,1,3,4.14,0,317
318,2019,4,26,1239,-13.22,132.80,4.83,0,2,3,4.24,0,318
319,2019,4,26,1239,-13.50,132.86,4.82,0,2,3,2.48,0,319
320,2019,4,26,1239,-13.72,131.86,4.82,0,2,3,2.07,0,320
321,2019,4,26,1239,-13.74,131.58,4.81,0,2,3,2.55,0,321
322,2019,4,26,1239,-14.10,132.30,4.81,0,2,3,2.21,0,322
323,2019,4,26,1239,-14.16,132.60,4.81,0,2,3,4.29,0,326
324,2019,4,26,1239,-14.16,132.62,4.81,0,2,3,4.15,0,326
325,2019,4,26,1239,-14.18,132.60,4.81,0,2,3,4.68,0,326
326,2019,4,26,1239,-14.18,132.62,4.81,0,2,5,4.84,0,326
327,2019,4,26,1239,-14.64,131.04,4.80,0,2,5,9.80,0,327
328,2019,4,26,1239,-14.66,131.22,4.80,0,2,3,6.49,0,329
329,2019,4,26,1239,-14.68,131.22,4.79,0,2,3,8.56,0,329
330,2019,4,26,1239,-14.78,131.38,4.79,0,2,5,21.15,0,330
331,2019,4,26,1239,-14.80,131.38,4.79,0,2,5,13.05,0,330
332,2019,4,26,1239,-15.36,131.14,4.78,0,2,3,2.13,0,333
333,2019,4,26,1239,-15.38,131.14,4.78,0,2,5,5.09,0,333
334,2019,4,26,1239,-15.38,131.16,4.78,0,2,3,3.04,0,333
335,2019,4,26,1239,-15.40,131.18,4.78,0,2,1,1.75,0,335
336,2019,4,26,1239,-17.76,124.00,4.72,0,2,3,8.58,0,337
337,2019,4,26,1239,-17.78,124.00,4.72,0,2,5,14.39,0,337
338,2019,4,26,1239,-17.78,124.02,4.72,0,2,5,10.16,0,337
339,2019,4,26,1239,-17.90,122.70,4.72,0,2,3,5.24,0,340
340,2019,4,26,1239,-17.90,122.72,4.72,0,2,5,8.16,0,340
341,2019,4,26,1239,-17.92,122.72,4.72,0,2,5,5.74,0,340
342,2019,4,26,1239,-18.08,124.10,4.71,0,3,3,2.97,0,342
343,2019,4,26,1239,-20.52,120.68,4.64,0,1,1,4.23,0,343
344,2019,4,26,1239,-20.62,116.76,4.64,0,3,3,2.46,0,344
345,2019,4,26,1239,-21.44,125.26,4.61,0,1,1,8.03,0,347
346,2019,4,26,1239,-21.44,125.28,4.61,0,1,1,8.03,0,347
347,2019,4,26,1239,-21.46,125.26,4.61,0,1,1,8.16,0,347
348,2019,4,26,1239,-21.48,125.32,4.61,0,1,1,5.73,0,348
349,2019,4,26,1239,-24.60,128.70,4.51,0,1,3,4.49,0,349
350,2019,4,26,1239,-27.28,137.72,4.41,0,1,1,3.08,0,350
351,2019,4,26,1239,-27.40,138.24,4.40,0,1,1,7.90,0,351
352,2019,4,26,1239,-27.40,138.26,4.40,0,1,3,4.18,0,351
353,2019,4,26,1239,-27.96,114.74,4.38,0,2,3,2.27,0,354
354,2019,4,26,1239,-27.96,114.76,4.38,0,2,3,2.66,0,354
355,2019,4,26,1239,-27.96,114.78,4.38,0,2,3,2.66,0,354
356,2019,4,26,1239,-28.24,114.78,4.37,0,2,5,5.52,0,356
357,2019,4,26,1239,-28.26,114.78,4.37,0,2,3,3.28,0,356
358,2019,4,26,1239,-28.26,150.02,4.37,0,2,3,3.70,0,358
359,2019,4,26,1239,-28.28,150.02,4.36,0,2,3,2.87,0,358
360,2019,4,26,1239,-28.78,152.52,4.34,0,2,1,1.76,0,360
361,2019,4,26,1239,-28.80,149.60,4.34,0,2,3,2.20,0,361
362,2019,4,26,1239,-29.16,149.02,4.33,0,2,3,1.55,0,362
363,2019,4,26,1239,-29.28,115.78,4.32,0,2,5,9.44,0,363
364,2019,4,26,1239,-29.34,150.24,4.32,0,2,3,2.08,0,364
365,2019,4,26,1239,-30.38,116.44,4.28,0,2,5,7.94,0,365
366,2019,4,26,1239,-30.38,116.46,4.28,0,2,3,2.28,0,365
367,2019,4,26,1239,-30.38,116.48,4.28,0,2,3,2.28,0,365
368,2019,4,26,1239,-30.54,116.54,4.27,0,2,5,9.05,0,368
369,2019,4,26,1239,-30.54,116.56,4.27,0,2,3,3.80,0,368
370,2019,4,26,1239,-30.56,116.22,4.27,0,1,1,4.37,0,370
371,2019,4,26,1239,-30.86,116.00,4.25,0,2,3,3.87,0,371
372,2019,4,26,1239,-30.86,136.08,4.25,0,1,1,3.16,0,372
373,2019,4,26,1239,-31.04,116.06,4.25,0,2,5,12.67,0,376
374,2019,4,26,1239,-31.04,116.08,4.25,0,3,3,4.72,0,376
375,2019,4,26,1239,-31.04,116.10,4.25,0,3,3,4.72,0,376
376,2019,4,26,1239,-31.06,116.06,4.25,0,2,5,12.67,0,376
377,2019,4,26,1239,-31.06,116.08,4.25,0,3,3,4.72,0,376
378,2019,4,26,1239,-31.06,147.04,4.25,0,2,5,4.40,0,378
379,2019,4,26,1239,-31.26,148.80,4.24,0,2,3,3.09,0,383
380,2019,4,26,1239,-31.26,148.82,4.24,0,2,5,3.31,0,383
381,2019,4,26,1239,-31.28,148.80,4.24,0,2,3,3.09,0,383
382,2019,4,26,1239,-31.28,148.82,4.24,0,2,5,3.31,0,383
383,2019,4,26,1239,-31.28,148.84,4.24,0,2,5,3.31,0,383
384,2019,4,26,1239,-31.40,117.10,4.23,0,2,3,2.29,0,384
385,2019,4,26,1239,-31.40,117.12,4.23,0,2,3,2.28,0,384
386,2019,4,26,1239,-31.46,147.56,4.23,0,2,5,7.43,0,386
387,2019,4,26,1239,-31.46,147.58,4.23,0,2,5,6.74,0,386
388,2019,4,26,1239,-31.50,152.06,4.23,0,2,3,2.44,0,388
389,2019,4,26,1239,-31.50,152.08,4.23,0,2,3,1.61,0,388
390,2019,4,26,1239,-31.56,152.00,4.22,0,2,1,2.35,0,390
391,2019,4,26,1239,-31.66,148.98,4.22,0,2,5,2.27,0,391
392,2019,4,26,1239,-31.88,132.42,4.21,0,2,3,2.07,0,392
393,2019,4,26,1239,-31.90,116.30,4.21,0,2,1,1.53,0,395
394,2019,4,26,1239,-31.90,116.32,4.21,0,2,3,1.53,0,395
395,2019,4,26,1239,-31.92,116.30,4.21,0,2,1,3.29,0,395
396,2019,4,26,1239,-32.16,117.78,4.20,0,2,3,2.93,0,396
397,2019,4,26,1239,-32.28,146.80,4.19,0,2,5,2.55,0,398
398,2019,4,26,1239,-32.30,146.80,4.19,0,2,5,2.55,0,398
399,2019,4,26,1239,-32.48,150.20,4.18,0,2,3,3.01,0,402
400,2019,4,26,1239,-32.50,147.16,4.18,0,2,3,1.94,0,400
401,2019,4,26,1239,-32.50,150.20,4.18,0,2,5,5.68,0,402
402,2019,4,26,1239,-32.52,150.20,4.18,0,2,5,5.68,0,402
403,2019,4,26,1239,-32.54,116.82,4.18,0,2,5,5.13,0,403
404,2019,4,26,1239,-32.54,116.84,4.18,0,2,5,3.09,0,403
405,2019,4,26,1239,-32.54,150.20,4.18,0,2,3,2.91,0,402
406,2019,4,26,1239,-32.76,116.14,4.17,0,2,3,4.25,0,408
407,2019,4,26,1239,-32.78,116.12,4.17,0,2,3,4.80,0,408
408,2019,4,26,1239,-32.78,116.14,4.17,0,2,5,9.87,0,408
409,2019,4,26,1239,-32.78,116.16,4.17,0,2,5,4.89,0,408
410,2019,4,26,1239,-32.80,116.16,4.17,0,2,5,4.29,0,408
411,2019,4,26,1239,-32.82,116.14,4.17,0,2,5,4.13,0,411
412,2019,4,26,1239,-32.88,117.50,4.16,0,2,5,7.22,0,415
413,2019,4,26,1239,-32.88,117.52,4.16,0,2,5,7.22,0,415
414,2019,4,26,1239,-32.90,117.08,4.16,0,2,5,6.94,0,418
415,2019,4,26,1239,-32.90,117.50,4.16,0,2,5,7.22,0,415
416,2019,4,26,1239,-32.92,117.08,4.16,0,2,5,6.94,0,418
417,2019,4,26,1239,-32.92,117.50,4.16,0,2,3,2.85,0,415
418,2019,4,26,1239,-32.94,117.06,4.16,0,2,5,10.16,0,418
419,2019,4,26,1239,-32.94,117.08,4.16,0,2,3,2.31,0,418
420,2019,4,26,1239,-32.94,117.10,4.16,0,2,3,2.31,0,418
421,2019,4,26,1239,-33.46,116.06,4.14,0,2,3,1.48,0,426
422,2019,4,26,1239,-33.48,116.04,4.13,0,2,5,30.90,0,426
423,2019,4,26,1239,-33.48,116.06,4.13,0,2,5,30.90,0,426
424,2019,4,26,1239,-33.48,116.08,4.13,0,2,5,35.74,0,426
425,2019,4,26,1239,-33.48,116.10,4.13,0,2,5,6.57,0,426
426,2019,4,26,1239,-33.50,116.06,4.13,0,2,5,55.40,0,426
427,2019,4,26,1239,-33.50,116.08,4.13,0,2,5,55.40,0,426
428,2019,4,26,1239,-33.50,116.10,4.13,0,2,5,24.50,0,426
429,2019,4,26,1239,-33.52,116.06,4.13,0,2,5,8.90,0,426
430,2019,4,26,1239,-33.52,116.08,4.13,0,2,5,6.56,0,426
431,2019,4,26,1239,-33.54,116.06,4.13,0,2,5,8.90,0,426
432,2019,4,26,1239,-33.54,116.08,4.13,0,2,5,6.56,0,426
433,2019,4,26,1239,-33.54,118.60,4.13,0,2,3,2.12,0,434
434,2019,4,26,1239,-33.56,118.58,4.13,0,2,5,5.21,0,434
435,2019,4,26,1239,-33.56,118.60,4.13,0,2,3,2.33,0,434
436,2019,4,26,1239,-33.56,118.62,4.13,0,2,3,2.33,0,434
437,2019,4,26,1239,-33.56,122.10,4.13,0,2,3,1.82,0,438
438,2019,4,26,1239,-33.58,122.10,4.13,0,2,3,1.82,0,438
439,2019,4,26,1239,-33.62,120.88,4.13,0,2,3,2.37,0,440
440,2019,4,26,1239,-33.62,120.90,4.13,0,2,5,4.24,0,440
441,2019,4,26,1239,-33.62,121.42,4.13,0,2,3,2.16,0,441
442,2019,4,26,1239,-33.62,121.44,4.13,0,2,3,2.16,0,441
443,2019,4,26,1239,-33.76,118.04,4.12,0,1,3,3.71,0,445
444,2019,4,26,1239,-33.76,118.06,4.12,0,1,3,3.71,0,445
445,2019,4,26,1239,-33.76,118.08,4.12,0,2,5,4.04,0,445
446,2019,4,26,1239,-33.92,115.48,4.11,0,2,5,21.90,0,452
447,2019,4,26,1239,-33.92,115.50,4.11,0,2,5,29.20,0,452
448,2019,4,26,1239,-33.92,115.52,4.11,0,2,5,29.19,0,452
449,2019,4,26,1239,-33.92,115.54,4.11,0,2,5,21.98,0,452
450,2019,4,26,1239,-33.92,115.56,4.11,0,2,3,5.73,0,452
451,2019,4,26,1239,-33.94,115.48,4.11,0,2,5,19.78,0,452
452,2019,4,26,1239,-33.94,115.50,4.11,0,2,5,42.42,0,452
453,2019,4,26,1239,-33.94,115.52,4.11,0,2,5,34.79,0,452
454,2019,4,26,1239,-33.94,115.54,4.11,0,2,3,8.43,0,452
455,2019,4,26,1239,-33.94,115.56,4.11,0,2,3,8.43,0,452
456,2019,4,26,1239,-33.94,141.26,4.11,0,2,1,2.33,0,456
457,2019,4,26,1239,-33.96,115.50,4.11,0,2,3,7.75,0,452
458,2019,4,26,1239,-33.96,115.52,4.11,0,2,3,6.90,0,452
459,2019,4,26,1239,-33.96,117.38,4.11,0,2,3,1.77,0,459
460,2019,4,26,1239,-33.96,117.40,4.11,0,2,1,1.32,0,459
461,2019,4,26,1239,-33.96,141.24,4.11,0,1,1,5.87,0,461
462,2019,4,26,1239,-33.98,115.48,4.11,0,2,3,7.75,0,452
463,2019,4,26,1239,-33.98,115.50,4.11,0,2,3,6.90,0,452
464,2019,4,26,1239,-33.98,115.52,4.11,0,2,3,6.90,0,452
465,2019,4,26,1239,-34.20,116.58,4.10,0,1,5,12.85,0,472
466,2019,4,26,1239,-34.20,116.60,4.10,0,1,5,12.85,0,472
467,2019,4,26,1239,-34.20,140.44,4.10,0,1,1,5.44,0,469
468,2019,4,26,1239,-34.22,116.58,4.10,0,1,5,12.85,0,472
469,2019,4,26,1239,-34.22,140.44,4.10,0,1,1,5.44,0,469
470,2019,4,26,1239,-34.24,116.54,4.10,0,2,5,24.68,0,472
471,2019,4,26,1239,-34.24,116.56,4.10,0,2,5,24.68,0,472
472,2019,4,26,1239,-34.24,116.58,4.10,0,2,5,43.25,0,472
473,2019,4,26,1239,-34.24,116.60,4.10,0,2,5,15.95,0,472
474,2019,4,26,1239,-34.26,116.54,4.10,0,2,5,23.14,0,472
475,2019,4,26,1239,-34.26,116.56,4.10,0,2,5,38.85,0,472
476,2019,4,26,1239,-34.26,116.58,4.10,0,2,5,38.85,0,472
477,2019,4,26,1239,-34.26,116.60,4.10,0,2,5,18.18,0,472
478,2019,4,26,1239,-34.34,116.08,4.09,0,2,5,4.81,0,478
479,2019,4,26,1239,-34.40,116.08,4.09,0,2,5,7.94,0,479
480,2019,4,26,1239,-34.40,116.10,4.09,0,2,3,4.15,0,479
481,2019,4,26,1239,-34.42,116.08,4.09,0,2,3,5.68,0,479
482,2019,4,26,1239,-34.42,116.10,4.09,0,2,3,3.28,0,479
483,2019,4,26,1239,-34.44,116.06,4.09,0,2,3,5.68,0,479
484,2019,4,26,1239,-34.44,116.08,4.09,0,2,3,3.28,0,479
485,2019,4,26,1239,-34.44,116.10,4.09,0,2,3,3.28,0,479
486,2019,4,26,1239,-35.64,137.18,4.03,0,2,3,2.06,0,487
487,2019,4,26,1239,-35.66,137.16,4.03,0,2,3,2.06,0,487
488,2019,4,26,1239,-35.66,137.18,4.03,0,2,3,2.06,0,487
489,2019,4,26,1239,-35.90,137.30,4.02,0,2,3,2.20,0,489
490,2019,4,26,1239,-35.96,136.80,4.01,0,2,3,1.50,0,490
491,2019,4,26,1239,-35.96,136.82,4.01,0,2,3,1.50,0,490
492,2019,4,26,1239,-36.00,147.10,4.01,0,1,3,5.71,0,492
493,2019,4,26,1239,-36.10,148.74,4.00,0,1,3,6.93,0,494
494,2019,4,26,1239,-36.12,148.74,4.00,0,1,3,6.93,0,494
495,2019,4,26,1239,-36.56,145.08,3.98,0,1,1,9.86,0,495
496,2019,4,26,1239,-36.94,143.26,3.96,0,2,5,3.28,0,496
497,2019,4,26,1239,-36.94,143.28,3.96,0,2,5,3.28,0,496
498,2019,4,26,1239,-36.94,143.30,3.96,0,2,3,2.29,0,496
499,2019,4,26,1239,-38.10,147.24,3.90,0,1,1,4.55,0,500
500,2019,4,26,1239,-38.12,147.24,3.90,0,1,3,4.55,0,500
501,2019,4,26,1239,-41.14,146.84,3.73,0,2,1,2.12,0,501
