# 2019 12 14  0  0 UTC  2020  3 18 17 46 UTC
# ID,Year,Month,Day,Time(UTC),Lat,Lon,Area(km^2),Volcano,Level,Reliability,FRP(Wm^-2),QF,Hot(ID)
1,2019,12,14,0000,41.30,123.74,3.72,0,3,1,.68,0,1
2,2019,12,14,0000,41.22,123.62,3.73,0,3,1,.58,0,2
3,2019,12,14,0000,40.10,104.26,3.79,0,2,1,.71,0,5
4,2019,12,14,0000,40.08,104.26,3.79,0,2,1,.71,0,5
5,2019,12,14,0000,40.08,104.28,3.79,0,2,1,.71,0,5
6,2019,12,14,0000,39.88,106.86,3.80,0,2,1,1.83,0,6
7,2019,12,14,0000,39.88,106.88,3.80,0,2,1,1.83,0,6
8,2019,12,14,0000,39.42,110.60,3.83,0,2,1,1.96,0,8
9,2019,12,14,0000,39.40,110.62,3.83,0,2,1,1.87,0,9
10,2019,12,14,0000,36.00,129.38,4.01,0,2,1,5.17,0,11
11,2019,12,14,0000,36.00,129.40,4.01,0,2,1,5.17,0,11
12,2019,12,14,0000,35.86,103.18,4.02,0,1,1,3.62,0,12
13,2019,12,14,0000,35.84,103.16,4.02,0,2,1,1.79,0,13
14,2019,12,14,0000,35.82,103.14,4.02,0,2,3,1.59,0,14
15,2019,12,14,0000,34.42,119.84,4.09,0,2,1,1.05,0,15
16,2019,12,14,0000,34.40,119.84,4.09,0,2,1,1.05,0,15
17,2019,12,14,0000,29.14,117.46,4.33,0,2,1,.87,0,17
18,2019,12,14,0000,28.40,114.42,4.36,0,2,5,19.46,0,18
19,2019,12,14,0000,28.40,114.44,4.36,0,2,5,8.01,0,18
20,2019,12,14,0000,28.38,117.38,4.36,0,2,5,3.02,0,21
21,2019,12,14,0000,28.38,117.40,4.36,0,2,3,5.09,0,21
22,2019,12,14,0000,28.14,116.06,4.37,0,2,3,1.45,0,22
23,2019,12,14,0000,28.06,114.90,4.37,0,2,3,1.08,0,23
24,2019,12,14,0000,28.06,114.92,4.37,0,2,3,1.08,0,23
25,2019,12,14,0000,28.06,114.94,4.37,0,3,3,.97,0,23
26,2019,12,14,0000,27.84,102.30,4.38,0,1,3,10.45,0,26
27,2019,12,14,0000,27.80,114.92,4.38,0,2,1,1.33,0,27
28,2019,12,14,0000,27.52,94.02,4.40,0,1,3,7.55,0,28
29,2019,12,14,0000,26.68,118.42,4.43,0,3,3,1.59,0,30
30,2019,12,14,0000,26.68,118.44,4.43,0,2,3,1.74,0,30
31,2019,12,14,0000,26.62,100.62,4.43,0,1,1,7.95,0,31
32,2019,12,14,0000,26.58,101.64,4.43,0,2,1,3.91,0,32
33,2019,12,14,0000,26.02,86.36,4.45,0,2,3,3.62,0,34
34,2019,12,14,0000,26.02,86.38,4.45,0,2,3,3.62,0,34
35,2019,12,14,0006,23.80,86.34,4.54,0,2,1,1.89,0,39
36,2019,12,14,0006,23.80,86.36,4.54,0,2,1,1.89,0,39
37,2019,12,14,0006,23.78,86.34,4.54,0,2,1,3.23,0,39
38,2019,12,14,0006,23.78,86.36,4.54,0,2,1,3.23,0,39
39,2019,12,14,0006,23.78,86.38,4.54,0,2,1,3.23,0,39
40,2019,12,14,0006,23.40,95.36,4.55,0,2,1,1.91,0,40
41,2019,12,14,0006,22.54,120.36,4.58,0,2,1,1.34,0,41
42,2019,12,14,0006,22.06,95.88,4.59,0,1,1,6.71,0,43
43,2019,12,14,0006,22.06,95.90,4.59,0,1,1,6.71,0,43
44,2019,12,14,0006,22.04,95.88,4.59,0,1,1,4.07,0,43
45,2019,12,14,0006,20.96,85.18,4.63,0,2,1,4.78,0,46
46,2019,12,14,0006,20.96,85.20,4.63,0,2,1,4.78,0,46
47,2019,12,14,0006,20.60,96.90,4.64,0,2,1,4.01,0,47
48,2019,12,14,0006,20.54,94.22,4.64,0,1,1,3.21,0,48
49,2019,12,14,0006,20.52,94.24,4.64,0,1,3,6.06,0,49
50,2019,12,14,0006,20.50,94.26,4.64,0,1,1,10.04,0,50
51,2019,12,14,0006,19.88,97.02,4.66,0,1,1,6.92,0,51
52,2019,12,14,0006,19.86,97.02,4.66,0,1,1,5.64,0,51
53,2019,12,14,0006,19.86,97.04,4.66,0,1,1,5.64,0,51
54,2019,12,14,0006,18.64,95.60,4.70,0,1,3,6.01,0,54
55,2019,12,14,0006,18.64,95.62,4.70,0,1,1,5.20,0,54
56,2019,12,14,0006,18.58,95.72,4.70,0,1,1,6.01,0,56
57,2019,12,14,0006,18.40,96.24,4.70,0,1,1,7.62,0,57
58,2019,12,14,0006,18.14,96.24,4.71,0,1,1,7.45,0,59
59,2019,12,14,0006,18.14,96.26,4.71,0,1,1,7.45,0,59
60,2019,12,14,0006,18.12,96.28,4.71,0,1,1,6.02,0,61
61,2019,12,14,0006,18.12,96.30,4.71,0,1,1,6.02,0,61
62,2019,12,14,0006,17.36,96.14,4.73,0,1,1,6.11,0,62
63,2019,12,14,0006,17.04,102.30,4.74,0,2,3,1.57,0,63
64,2019,12,14,0006,16.36,102.46,4.76,0,2,3,1.10,0,64
65,2019,12,14,0006,16.34,102.46,4.76,0,2,3,.91,0,64
66,2019,12,14,0006,14.04,99.66,4.81,0,3,3,1.86,0,66
67,2019,12,14,0006,11.46,106.84,4.86,0,2,5,2.71,0,67
68,2019,12,14,0006,10.68,106.92,4.87,0,2,5,3.10,0,68
69,2019,12,14,0006,1.48,124.84,4.95,0,3,1,2.38,0,70
70,2019,12,14,0006,1.46,124.84,4.95,0,3,1,2.45,0,70
71,2019,12,14,0006,-3.32,114.58,4.95,0,3,1,1.69,0,71
72,2019,12,14,0006,-3.34,114.58,4.95,0,3,1,1.64,0,71
73,2019,12,14,0006,-3.34,114.60,4.95,0,3,1,1.53,0,71
74,2019,12,14,0006,-3.62,115.62,4.95,0,3,3,2.46,0,74
75,2019,12,14,0006,-3.62,115.64,4.95,0,3,3,2.46,0,74
76,2019,12,14,0006,-3.80,143.18,4.95,0,2,3,2.73,0,77
77,2019,12,14,0006,-3.82,143.18,4.95,0,2,3,3.03,0,77
78,2019,12,14,0006,-4.18,143.52,4.94,0,2,5,11.80,0,78
79,2019,12,14,0006,-4.54,136.88,4.94,0,2,1,4.41,0,80
80,2019,12,14,0006,-4.56,136.88,4.94,0,2,1,5.00,0,80
81,2019,12,14,0006,-5.74,139.58,4.93,0,3,1,3.06,0,81
82,2019,12,14,0006,-5.76,134.22,4.93,0,3,1,1.78,0,82
83,2019,12,14,0006,-6.42,146.36,4.93,0,3,1,7.31,0,83
84,2019,12,14,0006,-6.46,146.36,4.93,0,3,1,6.05,0,85
85,2019,12,14,0006,-6.48,146.36,4.92,0,3,3,7.18,0,85
86,2019,12,14,0006,-6.72,147.00,4.92,0,3,1,3.11,0,86
87,2019,12,14,0006,-7.44,140.30,4.91,0,3,3,1.79,0,87
88,2019,12,14,0006,-8.14,140.76,4.91,0,3,3,2.53,0,88
89,2019,12,14,0006,-8.16,140.78,4.91,0,3,1,1.75,0,89
90,2019,12,14,0006,-11.78,132.86,4.85,0,3,1,5.68,0,90
91,2019,12,14,0006,-12.04,132.86,4.85,0,3,3,4.65,0,91
92,2019,12,14,0006,-12.48,131.24,4.84,0,3,1,6.55,0,92
93,2019,12,14,0006,-12.66,131.62,4.84,0,3,3,9.64,0,94
94,2019,12,14,0006,-12.66,131.64,4.84,0,2,3,14.77,0,94
95,2019,12,14,0006,-12.68,131.64,4.84,0,2,3,9.01,0,94
96,2019,12,14,0006,-12.82,133.14,4.83,0,3,3,3.94,0,98
97,2019,12,14,0006,-12.84,133.14,4.83,0,2,5,18.38,0,98
98,2019,12,14,0006,-12.84,133.16,4.83,0,2,5,31.76,0,98
99,2019,12,14,0006,-12.86,133.66,4.83,0,1,5,36.42,0,99
100,2019,12,14,0006,-13.06,135.26,4.83,0,3,3,5.65,0,100
101,2019,12,14,0006,-13.52,132.90,4.82,0,2,3,2.74,0,101
102,2019,12,14,0006,-14.38,127.50,4.80,0,2,3,14.14,0,102
103,2019,12,14,0006,-14.40,127.56,4.80,0,2,5,70.26,0,103
104,2019,12,14,0006,-14.60,142.84,4.80,0,2,1,10.05,0,105
105,2019,12,14,0006,-14.60,142.86,4.80,0,2,5,30.77,0,105
106,2019,12,14,0006,-14.62,142.86,4.80,0,2,5,27.25,0,105
107,2019,12,14,0006,-14.62,142.88,4.80,0,2,3,18.56,0,105
108,2019,12,14,0006,-14.80,134.96,4.79,0,3,1,3.70,0,108
109,2019,12,14,0006,-14.92,142.72,4.79,0,2,3,11.91,0,110
110,2019,12,14,0006,-14.94,142.72,4.79,0,1,3,40.71,0,110
111,2019,12,14,0006,-14.94,142.74,4.79,0,2,3,13.00,0,110
112,2019,12,14,0006,-15.16,142.90,4.78,0,2,5,16.22,0,112
113,2019,12,14,0006,-15.18,142.86,4.78,0,2,3,14.44,0,114
114,2019,12,14,0006,-15.18,142.88,4.78,0,2,5,20.07,0,114
115,2019,12,14,0006,-15.18,144.08,4.78,0,2,5,23.86,0,119
116,2019,12,14,0006,-15.18,144.10,4.78,0,2,5,76.30,0,119
117,2019,12,14,0006,-15.20,143.28,4.78,0,2,5,36.61,0,120
118,2019,12,14,0006,-15.20,143.30,4.78,0,2,5,44.33,0,120
119,2019,12,14,0006,-15.20,144.10,4.78,0,1,5,137.42,0,119
120,2019,12,14,0006,-15.22,143.30,4.78,0,2,5,112.16,0,120
121,2019,12,14,0006,-15.22,143.32,4.78,0,2,5,35.19,0,120
122,2019,12,14,0006,-15.30,143.28,4.78,0,2,5,24.77,0,122
123,2019,12,14,0006,-15.78,141.94,4.77,0,3,3,6.59,0,124
124,2019,12,14,0006,-15.80,141.94,4.77,0,2,5,33.21,0,124
125,2019,12,14,0006,-15.94,142.94,4.77,0,2,3,16.98,0,127
126,2019,12,14,0006,-15.94,142.96,4.77,0,2,5,23.00,0,126
127,2019,12,14,0006,-15.96,142.94,4.77,0,2,5,63.43,0,127
128,2019,12,14,0006,-15.98,142.94,4.77,0,2,5,62.97,0,127
129,2019,12,14,0006,-16.00,142.94,4.76,0,2,3,11.48,0,127
130,2019,12,14,0006,-16.00,143.32,4.76,0,3,5,18.22,0,140
131,2019,12,14,0006,-16.00,143.34,4.76,0,2,3,11.01,0,140
132,2019,12,14,0006,-16.02,143.30,4.76,0,2,5,21.31,0,144
133,2019,12,14,0006,-16.02,143.32,4.76,0,2,5,68.52,0,140
134,2019,12,14,0006,-16.02,143.34,4.76,0,2,5,43.33,0,140
135,2019,12,14,0006,-16.02,143.44,4.76,0,2,3,11.87,0,142
136,2019,12,14,0006,-16.02,143.46,4.76,0,2,5,29.09,0,142
137,2019,12,14,0006,-16.04,137.14,4.76,0,2,1,26.68,0,137
138,2019,12,14,0006,-16.04,143.28,4.76,0,2,5,19.01,0,144
139,2019,12,14,0006,-16.04,143.30,4.76,0,2,5,67.65,0,144
140,2019,12,14,0006,-16.04,143.32,4.76,0,1,5,113.43,0,140
141,2019,12,14,0006,-16.04,143.44,4.76,0,2,5,16.90,0,142
142,2019,12,14,0006,-16.04,143.46,4.76,0,2,5,47.32,0,142
143,2019,12,14,0006,-16.06,143.28,4.76,0,2,5,62.33,0,144
144,2019,12,14,0006,-16.06,143.30,4.76,0,2,5,108.71,0,144
145,2019,12,14,0006,-16.08,143.28,4.76,0,2,5,24.33,0,144
146,2019,12,14,0006,-16.10,143.28,4.76,0,2,5,81.90,0,144
147,2019,12,14,0006,-16.10,143.38,4.76,0,2,5,16.09,0,148
148,2019,12,14,0006,-16.10,143.40,4.76,0,2,3,16.76,0,148
149,2019,12,14,0006,-16.12,143.28,4.76,0,2,5,63.15,0,144
150,2019,12,14,0006,-16.12,143.38,4.76,0,2,5,12.79,0,148
151,2019,12,14,0006,-16.12,143.40,4.76,0,2,3,11.64,0,148
152,2019,12,14,0006,-16.14,143.28,4.76,0,2,5,13.31,0,144
153,2019,12,14,0006,-16.16,143.28,4.76,0,2,3,8.55,0,144
154,2019,12,14,0006,-16.16,143.30,4.76,0,2,3,13.13,0,144
155,2019,12,14,0006,-16.28,143.24,4.76,0,3,3,5.76,0,158
156,2019,12,14,0006,-16.30,142.30,4.76,0,2,3,13.91,0,156
157,2019,12,14,0006,-16.30,143.20,4.76,0,2,3,8.60,0,161
158,2019,12,14,0006,-16.30,143.22,4.76,0,2,5,31.15,0,158
159,2019,12,14,0006,-16.30,143.24,4.76,0,2,5,23.07,0,158
160,2019,12,14,0006,-16.30,143.26,4.76,0,1,3,23.78,0,158
161,2019,12,14,0006,-16.32,143.20,4.76,0,2,5,33.41,0,161
162,2019,12,14,0006,-16.34,143.30,4.76,0,2,5,21.49,0,164
163,2019,12,14,0006,-16.34,143.32,4.76,0,2,5,19.09,0,164
164,2019,12,14,0006,-16.36,143.30,4.76,0,2,5,32.69,0,164
165,2019,12,14,0006,-16.36,143.32,4.76,0,2,5,25.43,0,164
166,2019,12,14,0006,-16.62,142.34,4.75,0,2,3,28.45,0,166
167,2019,12,14,0006,-16.90,144.20,4.74,0,2,1,4.68,0,167
168,2019,12,14,0006,-16.94,138.32,4.74,0,2,5,13.17,0,170
169,2019,12,14,0006,-16.94,143.88,4.74,0,2,3,15.74,0,169
170,2019,12,14,0006,-16.96,138.32,4.74,0,2,1,17.43,0,170
171,2019,12,14,0006,-17.80,125.42,4.72,0,2,1,8.17,0,171
172,2019,12,14,0006,-18.22,144.44,4.71,0,2,5,84.25,0,176
173,2019,12,14,0006,-18.22,144.46,4.71,0,2,5,54.50,0,176
174,2019,12,14,0006,-18.22,144.48,4.71,0,2,5,61.47,0,176
175,2019,12,14,0006,-18.22,145.42,4.71,0,2,3,23.67,0,175
176,2019,12,14,0006,-18.24,144.48,4.71,0,2,5,151.24,0,176
177,2019,12,14,0006,-18.50,123.68,4.70,0,3,3,8.09,0,178
178,2019,12,14,0006,-18.50,123.70,4.70,0,2,5,15.78,0,178
179,2019,12,14,0006,-18.52,123.68,4.70,0,2,1,7.56,0,178
180,2019,12,14,0006,-18.52,123.70,4.70,0,2,5,15.17,0,178
181,2019,12,14,0006,-19.80,140.02,4.66,0,2,3,15.55,0,182
182,2019,12,14,0006,-19.82,140.02,4.66,0,2,3,30.35,0,182
183,2019,12,14,0006,-20.98,118.78,4.63,0,3,1,1.72,0,183
184,2019,12,14,0006,-21.00,118.80,4.63,0,3,1,2.05,0,184
185,2019,12,14,0006,-21.16,146.08,4.62,0,2,3,5.41,0,187
186,2019,12,14,0006,-21.16,146.10,4.62,0,2,3,9.98,0,187
187,2019,12,14,0006,-21.18,146.10,4.62,0,2,3,9.98,0,187
188,2019,12,14,0006,-21.74,117.88,4.60,0,2,3,3.17,0,188
189,2019,12,14,0006,-21.74,145.60,4.60,0,2,1,5.66,0,189
190,2019,12,14,0006,-23.64,127.30,4.54,0,3,1,2.43,2,190
191,2019,12,14,0006,-24.48,120.22,4.51,0,3,3,3.01,0,191
192,2019,12,14,0006,-24.88,146.90,4.50,0,3,1,5.90,0,192
193,2019,12,14,0006,-24.90,121.48,4.50,0,3,3,2.09,0,193
194,2019,12,14,0006,-25.14,152.54,4.49,0,3,3,10.63,0,194
195,2019,12,14,0006,-26.62,130.18,4.43,0,3,3,2.82,0,195
196,2019,12,14,0006,-26.86,130.86,4.42,0,3,1,2.39,0,196
197,2019,12,14,0006,-27.42,150.84,4.40,0,1,3,67.55,0,197
198,2019,12,14,0006,-27.50,127.32,4.40,0,2,1,4.06,0,199
199,2019,12,14,0006,-27.52,127.32,4.40,0,2,3,4.06,0,199
200,2019,12,14,0006,-27.80,126.62,4.38,0,2,5,27.82,0,201
201,2019,12,14,0006,-27.82,126.62,4.38,0,2,5,27.83,0,201
202,2019,12,14,0006,-27.84,126.60,4.38,0,3,3,4.13,0,201
203,2019,12,14,0006,-27.84,126.62,4.38,0,2,5,16.85,0,201
204,2019,12,14,0006,-27.96,119.88,4.38,0,2,3,4.42,0,204
205,2019,12,14,0006,-27.96,119.90,4.38,0,2,3,4.41,0,204
206,2019,12,14,0006,-28.48,128.96,4.36,0,3,1,2.64,2,206
207,2019,12,14,0006,-28.64,147.04,4.35,0,3,1,2.40,0,207
208,2019,12,14,0006,-28.74,118.20,4.35,0,3,1,1.56,0,208
209,2019,12,14,0006,-28.92,129.04,4.34,0,3,3,2.91,0,210
210,2019,12,14,0006,-28.94,129.04,4.34,0,3,3,2.91,0,210
211,2019,12,14,0006,-28.96,128.92,4.34,0,3,1,3.34,0,211
212,2019,12,14,0006,-29.26,119.54,4.32,0,3,1,1.61,0,214
213,2019,12,14,0006,-29.26,119.56,4.32,0,3,3,1.61,0,214
214,2019,12,14,0006,-29.28,119.56,4.32,0,2,3,2.61,0,214
215,2019,12,14,0006,-29.28,119.58,4.32,0,2,3,2.61,0,214
216,2019,12,14,0006,-29.30,128.22,4.32,0,2,5,13.81,0,221
217,2019,12,14,0006,-29.30,128.24,4.32,0,2,5,22.84,0,221
218,2019,12,14,0006,-29.30,128.26,4.32,0,2,5,16.56,0,221
219,2019,12,14,0006,-29.30,128.28,4.32,0,2,5,16.56,0,221
220,2019,12,14,0006,-29.30,128.30,4.32,0,2,3,7.78,0,221
221,2019,12,14,0006,-29.32,128.24,4.32,0,2,5,136.49,0,221
222,2019,12,14,0006,-29.32,128.26,4.32,0,2,5,95.47,0,221
223,2019,12,14,0006,-29.34,128.24,4.32,0,2,5,13.54,0,221
224,2019,12,14,0006,-29.34,128.26,4.32,0,2,5,7.75,0,221
225,2019,12,14,0006,-29.36,128.24,4.32,0,2,5,13.54,0,221
226,2019,12,14,0006,-29.36,128.26,4.32,0,2,5,7.75,0,221
227,2019,12,14,0006,-29.68,118.60,4.31,0,3,1,1.74,0,235
228,2019,12,14,0006,-29.68,118.62,4.31,0,3,3,3.09,0,235
229,2019,12,14,0006,-29.70,118.62,4.31,0,3,3,3.01,0,235
230,2019,12,14,0006,-29.70,118.64,4.31,0,3,3,1.94,0,235
231,2019,12,14,0006,-29.70,118.66,4.31,0,3,3,2.83,0,235
232,2019,12,14,0006,-29.70,118.68,4.31,0,3,3,2.02,0,235
233,2019,12,14,0006,-29.72,118.60,4.30,0,3,3,2.30,0,233
234,2019,12,14,0006,-29.72,118.66,4.30,0,3,3,2.03,0,235
235,2019,12,14,0006,-29.72,118.68,4.30,0,3,3,3.27,0,235
236,2019,12,14,0006,-29.74,118.64,4.30,0,3,1,2.03,0,235
237,2019,12,14,0006,-29.74,118.66,4.30,0,3,1,2.03,0,235
238,2019,12,14,0006,-29.88,118.64,4.30,0,3,1,1.60,0,239
239,2019,12,14,0006,-29.90,118.62,4.30,0,3,1,1.60,0,239
240,2019,12,14,0006,-29.90,118.64,4.30,0,3,1,1.60,0,239
241,2019,12,14,0006,-29.90,119.58,4.30,0,3,3,3.31,0,246
242,2019,12,14,0006,-29.90,119.60,4.30,0,2,5,5.34,0,246
243,2019,12,14,0006,-29.92,118.58,4.30,0,3,3,1.86,0,243
244,2019,12,14,0006,-29.92,119.56,4.30,0,3,3,3.33,0,246
245,2019,12,14,0006,-29.92,119.58,4.30,0,3,3,3.33,0,246
246,2019,12,14,0006,-29.92,119.60,4.30,0,2,5,5.79,0,246
247,2019,12,14,0006,-29.96,118.58,4.29,0,3,3,2.37,0,248
248,2019,12,14,0006,-29.96,118.60,4.29,0,3,3,2.37,0,248
249,2019,12,14,0006,-29.98,118.56,4.29,0,3,3,2.72,0,249
250,2019,12,14,0006,-30.00,118.58,4.29,0,3,3,2.69,0,250
251,2019,12,14,0006,-30.00,118.60,4.29,0,3,3,2.48,0,250
252,2019,12,14,0006,-30.18,120.20,4.28,0,3,1,2.74,0,252
253,2019,12,14,0006,-30.18,121.12,4.28,0,3,1,3.34,0,256
254,2019,12,14,0006,-30.20,120.18,4.28,0,3,3,3.78,0,254
255,2019,12,14,0006,-30.20,121.12,4.28,0,3,3,4.31,0,256
256,2019,12,14,0006,-30.22,121.10,4.28,0,3,3,4.31,0,256
257,2019,12,14,0006,-30.22,121.12,4.28,0,3,3,4.00,2,256
258,2019,12,14,0006,-30.22,121.14,4.28,0,3,1,4.00,2,256
259,2019,12,14,0006,-30.24,121.12,4.28,0,3,3,4.00,2,256
260,2019,12,14,0006,-30.40,120.64,4.28,0,3,1,2.03,2,260
261,2019,12,14,0006,-30.66,118.82,4.26,0,3,1,2.28,0,261
262,2019,12,14,0006,-30.68,119.86,4.26,0,2,5,7.70,0,265
263,2019,12,14,0006,-30.68,119.88,4.26,0,2,5,12.92,0,263
264,2019,12,14,0006,-30.68,119.90,4.26,0,2,5,12.92,0,263
265,2019,12,14,0006,-30.70,119.86,4.26,0,2,5,7.70,0,265
266,2019,12,14,0006,-30.72,119.74,4.26,0,2,3,5.58,0,275
267,2019,12,14,0006,-30.72,119.86,4.26,0,2,3,5.00,0,265
268,2019,12,14,0011,-30.72,122.96,4.26,0,3,1,2.30,0,268
269,2019,12,14,0006,-30.74,119.68,4.26,0,2,1,3.57,0,275
270,2019,12,14,0006,-30.74,119.70,4.26,0,2,3,5.07,0,275
271,2019,12,14,0011,-30.74,119.72,4.26,0,2,3,5.07,0,275
272,2019,12,14,0011,-30.74,119.74,4.26,0,2,3,5.06,0,275
273,2019,12,14,0011,-30.74,119.82,4.26,0,3,3,3.61,2,274
274,2019,12,14,0011,-30.74,119.84,4.26,0,3,3,3.61,2,274
275,2019,12,14,0011,-30.76,119.70,4.26,0,2,5,13.51,0,275
276,2019,12,14,0011,-30.76,119.72,4.26,0,2,3,7.95,0,275
277,2019,12,14,0011,-30.76,119.74,4.26,0,2,3,7.95,0,275
278,2019,12,14,0011,-30.76,119.76,4.26,0,2,3,7.08,0,275
279,2019,12,14,0011,-30.76,119.78,4.26,0,2,3,8.85,0,275
280,2019,12,14,0011,-30.92,119.80,4.25,0,3,3,3.33,0,281
281,2019,12,14,0011,-30.92,119.82,4.25,0,3,3,3.68,0,281
282,2019,12,14,0011,-30.92,119.84,4.25,0,3,3,3.68,0,281
283,2019,12,14,0011,-31.26,122.76,4.24,0,3,1,2.46,0,283
284,2019,12,14,0011,-31.26,122.78,4.24,0,3,1,2.46,0,283
285,2019,12,14,0011,-31.28,122.76,4.24,0,3,1,1.78,0,283
286,2019,12,14,0011,-31.38,115.52,4.23,0,2,5,15.23,0,296
287,2019,12,14,0011,-31.38,115.54,4.23,0,2,5,15.23,0,296
288,2019,12,14,0011,-31.38,115.56,4.23,0,3,3,7.01,0,296
289,2019,12,14,0011,-31.40,115.54,4.23,0,3,3,11.64,0,296
290,2019,12,14,0011,-31.40,115.56,4.23,0,3,3,11.64,0,296
291,2019,12,14,0011,-31.40,115.58,4.23,0,2,5,17.90,0,291
292,2019,12,14,0011,-31.40,115.60,4.23,0,2,3,13.35,0,291
293,2019,12,14,0011,-31.42,115.56,4.23,0,2,5,16.40,0,296
294,2019,12,14,0011,-31.42,115.58,4.23,0,2,5,16.40,0,291
295,2019,12,14,0011,-31.42,115.60,4.23,0,2,3,11.02,0,291
296,2019,12,14,0011,-31.44,115.56,4.23,0,2,5,19.13,0,296
297,2019,12,14,0011,-31.46,115.66,4.23,0,2,5,14.15,0,298
298,2019,12,14,0011,-31.46,115.68,4.23,0,2,5,48.06,0,298
299,2019,12,14,0011,-31.48,115.68,4.23,0,1,3,23.03,0,298
300,2019,12,14,0011,-31.68,123.02,4.22,0,3,1,2.71,2,301
301,2019,12,14,0011,-31.70,123.02,4.22,0,3,1,2.71,2,301
302,2019,12,14,0011,-31.72,131.98,4.22,0,3,3,3.36,0,302
303,2019,12,14,0011,-31.74,132.00,4.22,0,3,3,3.08,0,304
304,2019,12,14,0011,-31.74,132.02,4.22,0,3,3,3.90,0,304
305,2019,12,14,0011,-31.84,145.66,4.21,0,2,5,10.89,0,305
306,2019,12,14,0011,-31.90,123.18,4.21,0,3,1,4.90,2,306
307,2019,12,14,0011,-31.92,122.84,4.21,0,3,3,2.22,0,314
308,2019,12,14,0011,-31.92,122.86,4.21,0,3,1,2.22,0,314
309,2019,12,14,0011,-31.94,122.84,4.21,0,3,1,2.22,0,314
310,2019,12,14,0011,-31.94,122.86,4.21,0,3,1,3.62,0,314
311,2019,12,14,0011,-31.94,122.88,4.21,0,3,1,3.62,0,314
312,2019,12,14,0011,-31.94,122.90,4.21,0,3,3,3.24,0,314
313,2019,12,14,0011,-31.96,122.84,4.21,0,3,3,2.69,0,314
314,2019,12,14,0011,-31.96,122.86,4.21,0,3,1,3.62,0,314
315,2019,12,14,0011,-31.96,122.88,4.21,0,3,3,3.24,0,314
316,2019,12,14,0011,-31.96,122.90,4.21,0,3,3,3.24,0,314
317,2019,12,14,0011,-32.12,122.86,4.20,0,3,1,3.07,0,317
318,2019,12,14,0011,-32.14,122.84,4.20,0,3,3,2.55,0,318
319,2019,12,14,0011,-32.28,120.20,4.19,0,2,3,3.44,0,350
320,2019,12,14,0011,-32.30,120.20,4.19,0,2,5,12.79,0,350
321,2019,12,14,0011,-32.30,120.22,4.19,0,2,5,32.03,0,350
322,2019,12,14,0011,-32.32,120.20,4.19,0,3,5,13.98,0,350
323,2019,12,14,0011,-32.32,120.22,4.19,0,2,5,49.54,0,350
324,2019,12,14,0011,-32.34,120.08,4.19,0,2,5,26.85,0,339
325,2019,12,14,0011,-32.34,120.10,4.19,0,2,5,26.85,0,339
326,2019,12,14,0011,-32.34,120.12,4.19,0,2,3,7.20,0,339
327,2019,12,14,0011,-32.34,120.18,4.19,0,3,5,13.98,0,350
328,2019,12,14,0011,-32.34,120.20,4.19,0,2,5,49.54,0,350
329,2019,12,14,0011,-32.34,120.22,4.19,0,2,5,49.54,0,350
330,2019,12,14,0011,-32.34,120.24,4.19,0,2,5,6.75,0,350
331,2019,12,14,0011,-32.36,120.08,4.19,0,2,5,89.99,0,339
332,2019,12,14,0011,-32.36,120.10,4.19,0,2,5,41.09,0,339
333,2019,12,14,0011,-32.36,120.12,4.19,0,2,5,41.09,0,339
334,2019,12,14,0011,-32.36,120.18,4.19,0,3,1,3.69,0,350
335,2019,12,14,0011,-32.36,120.22,4.19,0,2,5,6.75,0,350
336,2019,12,14,0011,-32.36,120.24,4.19,0,2,5,6.75,0,350
337,2019,12,14,0011,-32.38,119.94,4.19,0,2,3,2.74,0,348
338,2019,12,14,0011,-32.38,119.96,4.19,0,3,3,3.04,0,348
339,2019,12,14,0011,-32.38,120.08,4.19,0,1,5,142.06,0,339
340,2019,12,14,0011,-32.38,120.24,4.19,0,2,5,8.04,0,350
341,2019,12,14,0011,-32.38,120.26,4.19,0,2,5,8.04,0,350
342,2019,12,14,0011,-32.38,120.28,4.19,0,2,5,19.17,0,350
343,2019,12,14,0011,-32.38,122.90,4.19,0,3,1,3.10,2,352
344,2019,12,14,0011,-32.38,122.92,4.19,0,3,1,3.10,2,352
345,2019,12,14,0011,-32.40,119.92,4.18,0,3,3,2.46,0,348
346,2019,12,14,0011,-32.40,119.94,4.18,0,3,3,2.46,0,348
347,2019,12,14,0011,-32.40,119.96,4.18,0,3,3,2.94,0,348
348,2019,12,14,0011,-32.40,119.98,4.18,0,3,3,4.03,2,348
349,2019,12,14,0011,-32.40,120.24,4.18,0,2,5,48.67,0,350
350,2019,12,14,0011,-32.40,120.26,4.18,0,2,5,70.11,0,350
351,2019,12,14,0011,-32.40,122.90,4.18,0,3,1,3.93,2,352
352,2019,12,14,0011,-32.40,122.92,4.18,0,3,1,4.28,2,352
353,2019,12,14,0011,-32.42,119.86,4.18,0,2,3,2.69,0,348
354,2019,12,14,0011,-32.42,119.88,4.18,0,3,3,3.19,0,348
355,2019,12,14,0011,-32.42,119.90,4.18,0,3,3,2.85,0,348
356,2019,12,14,0011,-32.42,119.92,4.18,0,3,3,2.46,0,348
357,2019,12,14,0011,-32.42,119.94,4.18,0,3,3,2.94,0,348
358,2019,12,14,0011,-32.42,119.96,4.18,0,3,3,2.94,0,348
359,2019,12,14,0011,-32.42,119.98,4.18,0,3,3,4.03,2,348
360,2019,12,14,0011,-32.42,120.24,4.18,0,2,5,20.71,0,350
361,2019,12,14,0011,-32.42,120.26,4.18,0,2,5,35.70,0,350
362,2019,12,14,0011,-32.42,120.30,4.18,0,2,5,25.25,0,377
363,2019,12,14,0011,-32.42,120.32,4.18,0,2,5,25.25,0,377
364,2019,12,14,0011,-32.42,120.34,4.18,0,2,5,17.13,0,377
365,2019,12,14,0011,-32.44,119.86,4.18,0,3,3,2.91,0,348
366,2019,12,14,0011,-32.44,119.88,4.18,0,3,3,2.91,0,348
367,2019,12,14,0011,-32.44,119.90,4.18,0,3,3,3.27,0,348
368,2019,12,14,0011,-32.44,119.92,4.18,0,3,3,3.11,0,348
369,2019,12,14,0011,-32.44,119.94,4.18,0,3,3,3.48,0,348
370,2019,12,14,0011,-32.44,120.32,4.18,0,2,3,9.84,0,377
371,2019,12,14,0011,-32.44,120.34,4.18,0,2,3,9.84,0,377
372,2019,12,14,0011,-32.46,119.80,4.18,0,3,1,1.11,0,372
373,2019,12,14,0011,-32.46,119.92,4.18,0,3,3,3.15,0,348
374,2019,12,14,0011,-32.46,120.30,4.18,0,2,5,10.92,0,377
375,2019,12,14,0011,-32.46,120.32,4.18,0,2,5,28.90,0,377
376,2019,12,14,0011,-32.48,120.32,4.18,0,2,5,141.47,0,377
377,2019,12,14,0011,-32.50,120.32,4.18,0,2,5,141.48,0,377
378,2019,12,14,0011,-32.66,120.30,4.17,0,2,5,19.80,0,378
379,2019,12,14,0011,-32.66,120.32,4.17,0,2,3,5.73,0,378
380,2019,12,14,0011,-32.68,120.24,4.17,0,2,5,9.70,0,378
381,2019,12,14,0011,-32.68,120.26,4.17,0,2,3,4.42,0,378
382,2019,12,14,0011,-32.68,120.28,4.17,0,2,5,12.91,0,378
383,2019,12,14,0011,-32.68,120.30,4.17,0,2,5,7.41,0,378
384,2019,12,14,0011,-32.68,120.32,4.17,0,2,5,7.41,0,378
385,2019,12,14,0011,-32.72,120.28,4.17,0,3,1,2.61,0,395
386,2019,12,14,0011,-32.72,120.32,4.17,0,3,5,12.64,0,396
387,2019,12,14,0011,-32.72,120.34,4.17,0,2,5,9.21,0,396
388,2019,12,14,0011,-32.72,120.36,4.17,0,2,5,9.21,0,396
389,2019,12,14,0011,-32.72,120.38,4.17,0,3,5,9.30,0,396
390,2019,12,14,0011,-32.72,120.40,4.17,0,2,5,24.12,0,396
391,2019,12,14,0011,-32.74,120.26,4.17,0,3,3,2.61,0,395
392,2019,12,14,0011,-32.74,120.28,4.17,0,3,1,2.61,0,395
393,2019,12,14,0011,-32.74,120.32,4.17,0,2,5,34.74,0,396
394,2019,12,14,0011,-32.74,120.34,4.17,0,2,5,17.74,0,396
395,2019,12,14,0011,-32.76,120.28,4.17,0,2,1,3.02,0,395
396,2019,12,14,0011,-32.76,120.32,4.17,0,2,5,34.74,0,396
397,2019,12,14,0011,-32.76,120.34,4.17,0,2,5,17.74,0,396
398,2019,12,14,0011,-32.82,120.46,4.17,0,3,3,3.12,0,398
399,2019,12,14,0011,-32.92,120.72,4.16,0,3,3,2.77,0,399
400,2019,12,14,0011,-32.96,123.60,4.16,0,3,1,3.19,0,401
401,2019,12,14,0011,-32.98,123.60,4.16,0,3,3,3.90,0,401
402,2019,12,14,0011,-33.00,123.58,4.16,0,3,3,3.96,0,411
403,2019,12,14,0011,-33.00,123.62,4.16,0,3,1,3.43,0,411
404,2019,12,14,0011,-33.02,123.58,4.16,0,3,3,4.25,0,411
405,2019,12,14,0011,-33.02,123.60,4.16,0,3,3,3.68,0,411
406,2019,12,14,0011,-33.02,123.62,4.16,0,3,3,3.53,0,411
407,2019,12,14,0011,-33.02,123.64,4.16,0,3,3,3.53,0,411
408,2019,12,14,0011,-33.04,123.58,4.16,0,3,3,3.39,0,411
409,2019,12,14,0011,-33.04,123.60,4.16,0,3,3,3.55,0,411
410,2019,12,14,0011,-33.04,123.62,4.16,0,3,3,3.78,0,411
411,2019,12,14,0011,-33.04,123.64,4.16,0,3,3,4.33,0,411
412,2019,12,14,0011,-33.04,123.66,4.16,0,3,3,4.33,0,411
413,2019,12,14,0011,-33.06,123.62,4.15,0,3,3,3.30,0,411
414,2019,12,14,0011,-33.08,120.88,4.15,0,3,1,2.06,2,414
415,2019,12,14,0011,-33.08,120.90,4.15,0,3,1,1.82,0,414
416,2019,12,14,0011,-33.08,120.92,4.15,0,3,1,1.52,0,414
417,2019,12,14,0011,-33.08,141.22,4.15,0,3,1,2.93,0,419
418,2019,12,14,0011,-33.08,141.24,4.15,0,3,1,3.45,0,419
419,2019,12,14,0011,-33.08,141.26,4.15,0,3,1,3.75,0,419
420,2019,12,14,0011,-33.10,120.82,4.15,0,3,3,3.17,0,421
421,2019,12,14,0011,-33.10,120.84,4.15,0,3,3,3.76,0,421
422,2019,12,14,0011,-33.28,150.16,4.14,0,2,3,31.84,0,424
423,2019,12,14,0011,-33.30,142.92,4.14,0,3,1,3.88,2,423
424,2019,12,14,0011,-33.30,150.16,4.14,0,2,3,31.84,0,424
425,2019,12,14,0011,-33.34,150.12,4.14,0,2,5,48.44,0,433
426,2019,12,14,0011,-33.36,150.10,4.14,0,2,3,20.06,0,433
427,2019,12,14,0011,-33.36,150.12,4.14,0,1,5,76.75,0,433
428,2019,12,14,0011,-33.36,150.14,4.14,0,1,5,76.75,0,433
429,2019,12,14,0011,-33.36,150.18,4.14,0,2,3,15.91,0,433
430,2019,12,14,0011,-33.38,150.10,4.14,0,2,3,21.26,0,433
431,2019,12,14,0011,-33.38,150.12,4.14,0,2,3,21.26,0,433
432,2019,12,14,0011,-33.38,150.14,4.14,0,2,5,40.04,0,433
433,2019,12,14,0011,-33.38,150.16,4.14,0,1,5,152.06,0,433
434,2019,12,14,0011,-33.38,150.18,4.14,0,2,5,38.96,0,433
435,2019,12,14,0011,-33.54,150.30,4.13,0,2,5,34.99,0,437
436,2019,12,14,0011,-33.54,150.32,4.13,0,2,5,34.99,0,437
437,2019,12,14,0011,-33.54,150.34,4.13,0,2,5,39.06,0,437
438,2019,12,14,0011,-33.56,150.34,4.13,0,2,3,19.34,0,437
439,2019,12,14,0011,-33.60,123.20,4.13,0,3,3,5.38,2,439
440,2019,12,14,0011,-33.60,123.22,4.13,0,3,3,5.38,2,439
441,2019,12,14,0011,-33.92,119.68,4.11,0,3,1,2.51,0,443
442,2019,12,14,0011,-33.92,119.70,4.11,0,3,3,2.51,0,443
443,2019,12,14,0011,-33.94,119.68,4.11,0,3,3,2.51,0,443
444,2019,12,14,0011,-33.96,119.70,4.11,0,3,1,3.87,0,444
445,2019,12,14,0011,-33.96,149.96,4.11,0,2,1,13.55,0,446
446,2019,12,14,0011,-33.96,149.98,4.11,0,2,3,29.38,0,446
447,2019,12,14,0011,-33.98,119.70,4.11,0,3,3,2.45,0,444
448,2019,12,14,0011,-34.00,119.74,4.11,0,3,1,4.28,0,448
449,2019,12,14,0011,-34.02,119.74,4.11,0,3,3,3.37,0,448
450,2019,12,14,0011,-34.08,149.96,4.11,0,2,1,12.68,0,452
451,2019,12,14,0011,-34.08,149.98,4.11,0,2,1,12.68,0,452
452,2019,12,14,0011,-34.08,150.00,4.11,0,2,3,18.34,0,452
453,2019,12,14,0011,-34.16,150.06,4.10,0,2,3,17.96,0,454
454,2019,12,14,0011,-34.16,150.08,4.10,0,2,3,17.96,0,454
455,2019,12,14,0011,-34.16,150.10,4.10,0,2,3,12.52,0,454
456,2019,12,14,0011,-34.20,150.08,4.10,0,2,5,43.98,0,457
457,2019,12,14,0011,-34.20,150.10,4.10,0,2,5,89.45,0,457
458,2019,12,14,0011,-34.20,150.12,4.10,0,2,3,30.92,0,457
459,2019,12,14,0011,-34.22,150.08,4.10,0,2,3,25.95,0,457
460,2019,12,14,0011,-34.22,150.10,4.10,0,2,5,32.56,0,457
461,2019,12,14,0011,-34.24,150.08,4.10,0,2,3,25.95,0,457
462,2019,12,14,0011,-34.24,150.10,4.10,0,2,5,32.56,0,457
463,2019,12,14,0011,-34.24,150.52,4.10,0,2,1,12.57,0,463
464,2019,12,14,0011,-34.42,117.80,4.09,0,2,3,4.81,0,464
465,2019,12,14,0011,-34.42,117.82,4.09,0,2,3,4.81,0,464
466,2019,12,14,0011,-34.42,117.84,4.09,0,2,3,4.53,0,464
467,2019,12,14,0011,-34.64,117.18,4.08,0,3,3,4.62,0,468
468,2019,12,14,0011,-34.64,117.20,4.08,0,3,3,5.55,0,468
469,2019,12,14,0011,-34.66,116.92,4.08,0,3,3,2.75,0,474
470,2019,12,14,0011,-34.66,117.16,4.08,0,3,3,4.62,0,468
471,2019,12,14,0011,-34.66,117.18,4.08,0,3,3,4.62,0,468
472,2019,12,14,0011,-34.66,117.20,4.08,0,3,3,3.57,0,468
473,2019,12,14,0011,-34.68,116.90,4.08,0,3,1,2.46,0,474
474,2019,12,14,0011,-34.68,116.92,4.08,0,3,1,2.97,0,474
475,2019,12,14,0011,-34.68,116.94,4.08,0,3,1,2.97,0,474
476,2019,12,14,0011,-34.68,117.18,4.08,0,3,3,3.57,0,468
477,2019,12,14,0011,-34.68,117.20,4.08,0,3,3,3.57,0,468
478,2019,12,14,0011,-34.82,117.40,4.07,0,3,1,1.95,0,478
479,2019,12,14,0011,-37.52,147.54,3.93,0,2,3,19.76,0,480
480,2019,12,14,0011,-37.52,147.56,3.93,0,2,1,22.58,0,480
