# 2021  3 27 13  0 UTC  2021  3 27 13 30 UTC
# ID,Year,Month,Day,Time(UTC),Lat,Lon,Area(km^2),Volcano,Level,Reliability,FRP(Wm^-2),QF,Hot(ID)
1,2021,3,27,1302,59.64,108.04,2.51,0,2,1,.55,0,1
2,2021,3,27,1302,43.72,124.20,3.58,0,2,3,1.52,0,2
3,2021,3,27,1302,43.70,124.20,3.58,0,2,3,1.52,0,2
4,2021,3,27,1302,43.70,124.22,3.58,0,2,3,1.52,0,2
5,2021,3,27,1302,43.28,125.38,3.61,0,2,3,4.15,0,5
6,2021,3,27,1302,43.20,125.24,3.61,0,2,3,4.81,0,7
7,2021,3,27,1302,43.20,125.26,3.61,0,2,3,5.58,0,7
8,2021,3,27,1302,43.18,125.24,3.61,0,2,3,4.81,0,7
9,2021,3,27,1302,43.18,125.26,3.61,0,2,3,5.58,0,7
10,2021,3,27,1302,43.18,125.28,3.61,0,2,3,5.58,0,7
11,2021,3,27,1302,42.34,140.98,3.66,0,2,1,1.81,0,11
12,2021,3,27,1302,42.34,141.00,3.66,0,2,1,1.81,0,11
13,2021,3,27,1302,42.02,121.64,3.68,0,2,1,1.20,0,13
14,2021,3,27,1302,42.00,121.64,3.68,0,2,1,1.20,0,13
15,2021,3,27,1302,42.00,121.66,3.68,0,2,1,1.20,0,13
16,2021,3,27,1302,41.16,122.98,3.73,0,2,1,2.72,0,16
17,2021,3,27,1302,40.64,109.70,3.76,0,2,1,1.89,0,18
18,2021,3,27,1302,40.64,109.72,3.76,0,2,1,2.25,0,18
19,2021,3,27,1302,40.64,109.74,3.76,0,2,1,2.25,0,18
20,2021,3,27,1302,40.54,141.50,3.77,0,2,1,3.47,0,20
21,2021,3,27,1302,40.50,106.52,3.77,0,2,3,3.77,0,22
22,2021,3,27,1302,40.50,106.54,3.77,0,2,3,3.77,0,22
23,2021,3,27,1302,40.50,106.56,3.77,0,2,3,2.33,0,22
24,2021,3,27,1302,40.50,141.50,3.77,0,2,1,2.39,0,24
25,2021,3,27,1302,40.48,106.54,3.77,0,2,1,3.55,0,22
26,2021,3,27,1302,40.48,106.56,3.77,0,2,1,2.47,0,22
27,2021,3,27,1302,40.48,106.58,3.77,0,2,5,2.47,0,22
28,2021,3,27,1302,40.46,106.56,3.77,0,2,1,3.55,0,22
29,2021,3,27,1302,40.46,106.58,3.77,0,2,1,2.47,0,22
30,2021,3,27,1302,40.46,106.60,3.77,0,2,1,2.47,0,22
31,2021,3,27,1302,38.30,109.70,3.89,0,2,1,1.18,0,31
32,2021,3,27,1302,38.30,109.72,3.89,0,2,1,1.18,0,31
33,2021,3,27,1302,38.28,109.72,3.89,0,2,1,1.18,0,31
34,2021,3,27,1302,33.46,102.74,4.14,0,2,3,.68,0,34
35,2021,3,27,1302,33.12,94.96,4.15,0,2,3,2.76,0,35
36,2021,3,27,1302,27.68,95.94,4.39,0,2,1,2.89,0,36
37,2021,3,27,1302,27.42,84.70,4.40,0,2,3,3.15,0,39
38,2021,3,27,1302,27.42,84.72,4.40,0,2,3,3.15,0,39
39,2021,3,27,1302,27.42,84.74,4.40,0,2,3,3.15,0,39
40,2021,3,27,1302,27.34,97.20,4.40,0,2,3,10.66,0,40
41,2021,3,27,1302,27.34,97.22,4.40,0,2,3,10.66,0,40
42,2021,3,27,1302,27.32,97.22,4.40,0,2,3,8.00,0,40
43,2021,3,27,1302,27.32,100.84,4.40,0,2,1,4.27,0,43
44,2021,3,27,1302,27.30,100.84,4.40,0,2,3,4.27,0,43
45,2021,3,27,1302,27.30,100.86,4.40,0,2,3,4.27,0,43
46,2021,3,27,1302,26.78,83.36,4.42,0,1,3,4.38,0,48
47,2021,3,27,1302,26.78,83.38,4.42,0,1,3,4.40,0,48
48,2021,3,27,1302,26.78,83.40,4.42,0,1,3,4.42,0,48
49,2021,3,27,1302,26.76,83.34,4.43,0,1,1,3.58,0,48
50,2021,3,27,1302,26.76,83.36,4.43,0,1,1,3.61,0,48
51,2021,3,27,1302,26.58,101.64,4.43,0,2,1,4.29,0,51
52,2021,3,27,1302,26.40,90.52,4.44,0,2,3,6.32,0,53
53,2021,3,27,1302,26.40,90.54,4.44,0,2,3,6.32,0,53
54,2021,3,27,1302,26.38,90.54,4.44,0,2,3,3.43,0,53
55,2021,3,27,1302,26.38,90.56,4.44,0,2,3,3.43,0,53
56,2021,3,27,1302,26.34,93.76,4.44,0,2,3,2.33,0,57
57,2021,3,27,1302,26.34,93.78,4.44,0,2,3,2.34,0,57
58,2021,3,27,1302,26.04,92.20,4.45,0,2,3,3.19,0,59
59,2021,3,27,1302,26.04,92.22,4.45,0,2,3,3.19,0,59
60,2021,3,27,1302,26.02,92.06,4.45,0,2,3,3.24,0,61
61,2021,3,27,1302,26.02,92.08,4.45,0,2,3,3.24,0,61
62,2021,3,27,1302,26.00,91.86,4.45,0,2,1,1.95,0,64
63,2021,3,27,1302,25.98,91.86,4.46,0,2,3,1.95,0,64
64,2021,3,27,1302,25.98,91.88,4.46,0,2,3,1.95,0,64
65,2021,3,27,1302,25.94,94.62,4.46,0,2,3,4.40,0,65
66,2021,3,27,1302,25.94,94.64,4.46,0,2,3,4.40,0,65
67,2021,3,27,1302,25.88,90.98,4.46,0,2,5,5.69,0,68
68,2021,3,27,1302,25.88,91.00,4.46,0,2,3,5.69,0,68
69,2021,3,27,1302,25.86,91.00,4.46,0,2,5,5.29,0,68
70,2021,3,27,1302,25.86,91.02,4.46,0,2,3,5.29,0,68
71,2021,3,27,1302,25.84,90.46,4.46,0,2,3,3.00,0,71
72,2021,3,27,1302,25.84,91.20,4.46,0,2,3,5.11,0,72
73,2021,3,27,1302,25.82,90.48,4.46,0,2,3,3.11,0,74
74,2021,3,27,1302,25.82,90.50,4.46,0,2,3,3.11,0,74
75,2021,3,27,1302,25.82,91.22,4.46,0,2,3,5.45,0,76
76,2021,3,27,1302,25.82,91.24,4.46,0,2,3,5.45,0,76
77,2021,3,27,1302,25.82,93.28,4.46,0,2,5,6.75,0,81
78,2021,3,27,1302,25.82,93.30,4.46,0,2,3,3.48,0,81
79,2021,3,27,1302,25.82,93.32,4.46,0,2,3,3.48,0,81
80,2021,3,27,1302,25.80,93.28,4.46,0,2,3,9.12,0,81
81,2021,3,27,1302,25.80,93.30,4.46,0,2,3,9.12,0,81
82,2021,3,27,1302,25.78,93.32,4.46,0,2,3,9.00,0,82
83,2021,3,27,1302,25.72,92.56,4.47,0,2,5,2.98,0,86
84,2021,3,27,1302,25.72,92.58,4.47,0,2,5,2.99,0,86
85,2021,3,27,1302,25.70,92.58,4.47,0,2,3,4.30,0,86
86,2021,3,27,1302,25.70,92.60,4.47,0,2,3,4.30,0,86
87,2021,3,27,1302,25.66,106.16,4.47,0,2,3,2.27,0,87
88,2021,3,27,1302,25.64,92.88,4.47,0,2,3,2.36,0,89
89,2021,3,27,1302,25.64,92.90,4.47,0,2,3,2.36,0,89
90,2021,3,27,1302,25.60,93.16,4.47,0,2,3,4.33,0,91
91,2021,3,27,1302,25.60,93.18,4.47,0,2,3,4.33,0,91
92,2021,3,27,1302,25.52,90.70,4.47,0,2,3,2.02,0,93
93,2021,3,27,1302,25.52,90.72,4.47,0,2,3,2.02,0,93
94,2021,3,27,1302,25.52,100.44,4.47,0,2,3,7.62,0,101
95,2021,3,27,1302,25.52,100.46,4.47,0,2,5,31.68,0,101
96,2021,3,27,1302,25.52,100.48,4.47,0,2,5,31.68,0,101
97,2021,3,27,1302,25.52,100.50,4.47,0,2,1,6.12,0,101
98,2021,3,27,1302,25.52,100.52,4.47,0,2,1,6.12,0,101
99,2021,3,27,1302,25.50,100.44,4.47,0,2,5,12.20,0,101
100,2021,3,27,1302,25.50,100.46,4.47,0,2,5,12.20,0,101
101,2021,3,27,1302,25.50,100.48,4.47,0,2,5,47.59,0,101
102,2021,3,27,1302,25.50,100.50,4.47,0,2,3,8.61,0,101
103,2021,3,27,1302,25.50,100.52,4.47,0,2,3,8.61,0,101
104,2021,3,27,1302,25.44,81.78,4.48,0,1,3,6.81,0,106
105,2021,3,27,1302,25.44,81.80,4.48,0,1,3,6.81,0,106
106,2021,3,27,1302,25.44,81.82,4.48,0,1,3,6.82,0,106
107,2021,3,27,1302,25.44,93.38,4.48,0,2,3,2.68,0,107
108,2021,3,27,1302,25.34,93.94,4.48,0,2,3,5.47,0,108
109,2021,3,27,1302,25.34,93.96,4.48,0,2,3,5.47,0,108
110,2021,3,27,1302,25.20,114.02,4.48,0,1,1,7.38,0,110
111,2021,3,27,1302,25.08,92.70,4.49,0,2,3,5.39,0,111
112,2021,3,27,1302,25.08,92.72,4.49,0,2,3,5.39,0,111
113,2021,3,27,1302,25.06,92.94,4.49,0,2,3,2.61,0,113
114,2021,3,27,1302,24.94,87.86,4.49,0,2,3,2.36,0,116
115,2021,3,27,1302,24.94,87.88,4.49,0,2,3,2.36,0,116
116,2021,3,27,1302,24.94,87.90,4.49,0,2,3,2.36,0,116
117,2021,3,27,1302,24.84,93.44,4.50,0,2,3,3.15,0,117
118,2021,3,27,1302,24.82,93.46,4.50,0,2,1,1.42,0,118
119,2021,3,27,1302,24.72,83.70,4.50,0,2,1,3.03,0,119
120,2021,3,27,1302,24.60,93.50,4.51,0,2,3,4.29,0,120
121,2021,3,27,1302,24.60,93.52,4.51,0,2,3,4.29,0,120
122,2021,3,27,1302,24.58,93.54,4.51,0,2,3,4.27,0,122
123,2021,3,27,1302,24.52,94.06,4.51,0,2,3,4.24,0,123
124,2021,3,27,1302,24.42,93.94,4.51,0,2,3,4.79,0,125
125,2021,3,27,1302,24.42,93.96,4.51,0,2,3,4.79,0,125
126,2021,3,27,1302,24.40,93.74,4.51,0,2,1,3.10,0,126
127,2021,3,27,1302,24.30,92.20,4.52,0,2,3,2.25,0,131
128,2021,3,27,1302,24.30,92.22,4.52,0,2,3,2.25,0,131
129,2021,3,27,1302,24.30,96.22,4.52,0,2,3,3.34,0,129
130,2021,3,27,1302,24.28,92.22,4.52,0,2,5,4.15,0,131
131,2021,3,27,1302,24.28,92.24,4.52,0,2,5,4.15,0,131
132,2021,3,27,1302,24.28,96.24,4.52,0,2,3,3.03,0,132
133,2021,3,27,1302,24.28,96.26,4.52,0,2,3,3.03,0,132
134,2021,3,27,1302,24.18,93.76,4.52,0,2,3,4.04,0,134
135,2021,3,27,1302,24.18,93.78,4.52,0,2,3,4.04,0,134
136,2021,3,27,1302,24.08,97.62,4.53,0,2,5,6.87,0,136
137,2021,3,27,1302,24.06,96.42,4.53,0,2,1,3.86,0,137
138,2021,3,27,1302,24.06,96.44,4.53,0,2,3,3.86,0,137
139,2021,3,27,1302,24.04,92.04,4.53,0,2,1,3.01,0,141
140,2021,3,27,1302,24.04,92.06,4.53,0,2,1,3.01,0,141
141,2021,3,27,1302,24.02,92.06,4.53,0,2,5,4.77,0,141
142,2021,3,27,1302,24.02,104.18,4.53,0,2,3,1.49,0,142
143,2021,3,27,1302,23.98,95.46,4.53,0,2,3,4.52,0,143
144,2021,3,27,1302,23.98,95.48,4.53,0,2,3,4.52,0,143
145,2021,3,27,1302,23.96,93.86,4.53,0,2,3,10.00,0,147
146,2021,3,27,1302,23.96,93.88,4.53,0,2,3,10.00,0,147
147,2021,3,27,1302,23.96,93.90,4.53,0,2,5,10.17,0,147
148,2021,3,27,1302,23.96,98.06,4.53,0,2,1,2.63,0,148
149,2021,3,27,1302,23.96,98.08,4.53,0,2,3,2.55,0,148
150,2021,3,27,1302,23.96,98.10,4.53,0,2,3,2.55,0,148
151,2021,3,27,1302,23.96,104.30,4.53,0,2,5,4.48,0,151
152,2021,3,27,1302,23.96,104.32,4.53,0,2,5,4.48,0,151
153,2021,3,27,1302,23.86,103.96,4.53,0,2,3,2.76,0,153
154,2021,3,27,1302,23.78,86.34,4.54,0,2,1,4.61,0,156
155,2021,3,27,1302,23.78,86.36,4.54,0,2,1,4.61,0,156
156,2021,3,27,1302,23.78,86.38,4.54,0,2,1,4.62,0,156
157,2021,3,27,1302,23.60,93.26,4.54,0,2,3,4.90,0,158
158,2021,3,27,1302,23.60,93.28,4.54,0,2,3,4.90,0,158
159,2021,3,27,1302,23.18,91.72,4.56,0,2,3,5.03,0,162
160,2021,3,27,1302,23.18,91.74,4.56,0,2,3,5.04,0,162
161,2021,3,27,1302,23.16,91.74,4.56,0,2,3,5.04,0,162
162,2021,3,27,1302,23.16,91.76,4.56,0,2,3,5.04,0,162
163,2021,3,27,1302,23.08,91.78,4.56,0,2,3,4.58,0,164
164,2021,3,27,1302,23.08,91.80,4.56,0,2,3,4.58,0,164
165,2021,3,27,1302,23.08,100.58,4.56,0,2,3,1.95,0,165
166,2021,3,27,1302,22.82,86.12,4.57,0,2,1,3.43,0,171
167,2021,3,27,1302,22.82,86.14,4.57,0,2,1,3.43,0,171
168,2021,3,27,1302,22.80,86.14,4.57,0,2,1,3.43,0,171
169,2021,3,27,1302,22.80,86.16,4.57,0,2,1,3.43,0,171
170,2021,3,27,1302,22.80,86.18,4.57,0,2,1,4.50,0,171
171,2021,3,27,1302,22.80,86.20,4.57,0,2,1,4.50,0,171
172,2021,3,27,1302,22.80,99.14,4.57,0,2,5,9.54,0,172
173,2021,3,27,1302,22.80,99.16,4.57,0,2,5,5.47,0,172
174,2021,3,27,1302,22.80,99.18,4.57,0,2,5,5.47,0,172
175,2021,3,27,1302,22.78,86.16,4.57,0,2,1,3.67,0,171
176,2021,3,27,1302,22.78,86.18,4.57,0,2,1,3.67,0,171
177,2021,3,27,1302,22.78,86.20,4.57,0,2,1,2.65,0,171
178,2021,3,27,1302,22.78,86.22,4.57,0,2,1,2.65,0,171
179,2021,3,27,1302,22.34,99.28,4.58,0,2,3,4.91,0,179
180,2021,3,27,1302,22.34,99.30,4.58,0,2,3,4.91,0,179
181,2021,3,27,1302,22.34,99.32,4.58,0,2,1,2.38,0,179
182,2021,3,27,1302,22.30,100.32,4.59,0,2,1,4.30,0,182
183,2021,3,27,1302,22.24,98.28,4.59,0,2,3,3.25,0,183
184,2021,3,27,1302,22.24,98.30,4.59,0,2,3,3.25,0,183
185,2021,3,27,1302,22.22,99.52,4.59,0,2,3,3.90,0,185
186,2021,3,27,1302,22.04,81.40,4.59,0,2,3,2.15,0,190
187,2021,3,27,1302,22.04,81.42,4.59,0,2,3,2.15,0,190
188,2021,3,27,1302,22.04,81.44,4.59,0,2,3,2.16,0,190
189,2021,3,27,1302,22.02,81.44,4.60,0,2,3,2.16,0,190
190,2021,3,27,1302,22.02,81.46,4.60,0,2,3,2.16,0,190
191,2021,3,27,1302,22.02,98.42,4.60,0,2,3,5.79,0,191
192,2021,3,27,1302,22.02,99.70,4.60,0,2,3,3.66,0,192
193,2021,3,27,1302,21.82,99.72,4.60,0,1,3,7.28,0,193
194,2021,3,27,1302,21.82,99.74,4.60,0,1,3,7.28,0,193
195,2021,3,27,1302,21.68,99.40,4.61,0,2,5,8.74,0,195
196,2021,3,27,1302,21.66,99.40,4.61,0,2,3,4.87,0,195
197,2021,3,27,1302,21.48,97.50,4.61,0,2,5,7.54,0,197
198,2021,3,27,1302,21.46,97.52,4.61,0,2,5,7.21,0,198
199,2021,3,27,1302,21.42,98.74,4.61,0,2,3,3.64,0,199
200,2021,3,27,1302,21.42,98.76,4.61,0,2,3,3.64,0,199
201,2021,3,27,1302,21.28,103.72,4.62,0,2,3,2.99,0,202
202,2021,3,27,1302,21.28,103.74,4.62,0,2,1,3.23,0,202
203,2021,3,27,1302,21.18,101.08,4.62,0,2,5,4.48,0,203
204,2021,3,27,1302,21.16,101.08,4.62,0,2,5,4.40,0,203
205,2021,3,27,1302,20.98,101.46,4.63,0,2,5,11.32,0,205
206,2021,3,27,1302,20.98,101.48,4.63,0,2,5,11.30,0,205
207,2021,3,27,1302,20.98,101.50,4.63,0,2,3,4.46,0,205
208,2021,3,27,1302,20.98,101.82,4.63,0,2,1,2.72,0,208
209,2021,3,27,1302,20.92,98.80,4.63,0,2,3,6.62,0,209
210,2021,3,27,1302,20.92,98.82,4.63,0,2,3,6.62,0,209
211,2021,3,27,1302,20.92,101.60,4.63,0,2,1,3.09,0,211
212,2021,3,27,1302,20.92,101.62,4.63,0,2,1,3.09,0,211
213,2021,3,27,1302,20.56,101.34,4.64,0,2,3,5.16,0,213
214,2021,3,27,1302,20.42,101.30,4.65,0,2,5,8.21,0,216
215,2021,3,27,1302,20.42,101.32,4.65,0,2,5,8.21,0,216
216,2021,3,27,1302,20.40,101.32,4.65,0,2,5,10.79,0,216
217,2021,3,27,1302,20.40,101.34,4.65,0,2,3,5.33,0,216
218,2021,3,27,1302,20.40,101.74,4.65,0,2,3,2.43,0,218
219,2021,3,27,1302,20.38,101.32,4.65,0,2,1,3.18,0,216
220,2021,3,27,1302,20.36,102.30,4.65,0,2,5,14.14,0,221
221,2021,3,27,1302,20.34,102.30,4.65,0,2,5,19.25,0,221
222,2021,3,27,1302,20.30,102.14,4.65,0,2,3,3.39,0,222
223,2021,3,27,1302,20.30,102.16,4.65,0,2,1,3.39,0,222
224,2021,3,27,1302,20.26,93.92,4.65,0,2,5,5.50,0,224
225,2021,3,27,1302,20.14,94.08,4.65,0,2,5,7.56,0,225
226,2021,3,27,1302,20.14,94.10,4.65,0,2,5,7.56,0,225
227,2021,3,27,1302,20.14,94.12,4.65,0,2,3,7.04,0,225
228,2021,3,27,1302,19.74,102.76,4.67,0,2,3,6.94,0,228
229,2021,3,27,1302,19.70,93.94,4.67,0,2,5,18.15,0,231
230,2021,3,27,1302,19.70,93.96,4.67,0,2,5,18.15,0,231
231,2021,3,27,1302,19.70,93.98,4.67,0,2,5,23.48,0,231
232,2021,3,27,1302,19.70,94.00,4.67,0,2,5,23.48,0,231
233,2021,3,27,1302,19.68,93.96,4.67,0,2,3,7.53,0,231
234,2021,3,27,1302,19.68,93.98,4.67,0,2,3,7.53,0,231
235,2021,3,27,1302,19.68,94.00,4.67,0,2,5,9.49,0,231
236,2021,3,27,1302,19.54,94.64,4.67,0,2,5,12.58,0,236
237,2021,3,27,1302,19.52,94.66,4.67,0,2,5,12.85,0,237
238,2021,3,27,1302,19.28,96.02,4.68,0,2,3,7.92,0,240
239,2021,3,27,1302,19.28,96.04,4.68,0,2,3,7.91,0,240
240,2021,3,27,1302,19.28,96.06,4.68,0,2,3,8.86,0,240
241,2021,3,27,1302,19.28,96.08,4.68,0,2,3,8.86,0,240
242,2021,3,27,1302,19.26,96.04,4.68,0,2,3,5.63,0,240
243,2021,3,27,1302,19.26,96.06,4.68,0,2,3,5.63,0,240
244,2021,3,27,1302,19.26,96.08,4.68,0,2,3,6.96,0,240
245,2021,3,27,1302,19.20,94.78,4.68,0,2,5,11.12,0,245
246,2021,3,27,1302,19.20,94.80,4.68,0,2,5,11.12,0,245
247,2021,3,27,1302,19.20,94.82,4.68,0,2,5,9.58,0,245
248,2021,3,27,1302,19.20,94.84,4.68,0,2,5,9.58,0,245
249,2021,3,27,1302,19.20,96.04,4.68,0,2,5,12.53,0,253
250,2021,3,27,1302,19.20,96.06,4.68,0,2,5,11.78,0,253
251,2021,3,27,1302,19.20,96.08,4.68,0,2,5,11.78,0,253
252,2021,3,27,1302,19.18,94.84,4.68,0,2,5,9.58,0,245
253,2021,3,27,1302,19.18,96.04,4.68,0,2,5,37.44,0,253
254,2021,3,27,1302,19.18,96.06,4.68,0,2,5,37.44,0,253
255,2021,3,27,1302,19.18,96.08,4.68,0,2,5,30.26,0,253
256,2021,3,27,1302,18.92,97.00,4.69,0,2,3,10.82,0,256
257,2021,3,27,1302,18.92,97.02,4.69,0,2,3,10.82,0,256
258,2021,3,27,1302,18.64,104.28,4.70,0,2,3,5.70,0,258
259,2021,3,27,1302,18.58,95.00,4.70,0,2,3,4.19,0,259
260,2021,3,27,1302,18.04,97.66,4.71,0,2,3,5.27,0,260
261,2021,3,27,1302,18.04,97.68,4.71,0,2,3,5.27,0,260
262,2021,3,27,1302,18.04,97.70,4.71,0,2,1,4.28,0,260
263,2021,3,27,1302,17.78,96.92,4.72,0,2,5,9.56,0,263
264,2021,3,27,1302,17.78,96.94,4.72,0,2,5,9.56,0,263
265,2021,3,27,1302,16.98,104.88,4.74,0,2,3,3.71,0,265
266,2021,3,27,1302,16.34,97.96,4.76,0,2,3,4.14,0,266
267,2021,3,27,1302,14.60,102.34,4.80,0,2,3,3.47,0,268
268,2021,3,27,1302,14.58,102.34,4.80,0,2,5,9.54,0,268
269,2021,3,27,1302,14.58,102.36,4.80,0,2,3,3.73,0,268
270,2021,3,27,1302,14.58,102.38,4.80,0,2,3,3.73,0,268
271,2021,3,27,1302,14.04,99.86,4.81,0,2,3,3.10,0,271
272,2021,3,27,1302,13.64,107.32,4.82,0,2,5,8.56,0,272
273,2021,3,27,1302,13.60,107.40,4.82,0,2,5,36.17,0,273
274,2021,3,27,1302,13.58,107.40,4.82,0,2,5,18.10,0,273
275,2021,3,27,1302,13.34,104.76,4.82,0,2,3,3.61,0,275
276,2021,3,27,1302,13.30,105.10,4.82,0,2,3,5.24,0,276
277,2021,3,27,1302,13.28,106.12,4.82,0,2,3,3.03,0,277
278,2021,3,27,1302,13.26,99.66,4.82,0,2,3,5.20,0,278
279,2021,3,27,1302,13.26,99.68,4.82,0,2,3,2.36,0,278
280,2021,3,27,1302,13.26,99.70,4.82,0,2,3,2.36,0,278
281,2021,3,27,1302,13.26,105.20,4.82,0,2,1,3.48,0,281
282,2021,3,27,1302,13.08,105.88,4.83,0,2,3,9.25,0,283
283,2021,3,27,1302,13.06,105.88,4.83,0,2,5,19.76,0,283
284,2021,3,27,1302,13.06,105.90,4.83,0,2,5,19.75,0,283
285,2021,3,27,1302,12.92,105.50,4.83,0,2,5,5.52,0,285
286,2021,3,27,1302,12.92,105.52,4.83,0,2,5,5.52,0,285
287,2021,3,27,1302,12.80,105.50,4.83,0,2,3,8.66,0,287
288,2021,3,27,1302,12.80,105.52,4.83,0,2,3,8.66,0,287
289,2021,3,27,1302,12.46,99.08,4.84,0,1,3,24.35,0,289
290,2021,3,27,1302,12.44,98.96,4.84,0,2,3,16.55,0,290
291,2021,3,27,1302,12.44,98.98,4.84,0,2,3,16.55,0,290
292,2021,3,27,1302,12.44,99.08,4.84,0,2,3,12.84,0,289
293,2021,3,27,1302,12.44,99.10,4.84,0,2,3,12.84,0,289
294,2021,3,27,1302,12.42,98.98,4.84,0,2,3,9.40,0,290
295,2021,3,27,1302,12.36,105.44,4.84,0,2,3,5.75,0,295
296,2021,3,27,1302,12.32,108.14,4.84,0,2,5,38.80,0,299
297,2021,3,27,1302,12.32,108.16,4.84,0,1,5,43.12,0,299
298,2021,3,27,1302,12.30,108.14,4.84,0,2,5,60.80,0,299
299,2021,3,27,1302,12.30,108.16,4.84,0,2,5,65.64,0,299
300,2021,3,27,1302,11.98,99.26,4.85,0,2,3,3.13,0,300
301,2021,3,27,1302,11.96,107.86,4.85,0,2,3,6.76,0,301
302,2021,3,27,1302,11.90,99.28,4.85,0,2,5,4.78,0,302
303,2021,3,27,1302,11.68,99.00,4.85,0,2,3,8.67,0,305
304,2021,3,27,1302,11.68,99.02,4.85,0,2,3,8.67,0,305
305,2021,3,27,1302,11.68,99.04,4.85,0,2,5,68.10,0,305
306,2021,3,27,1302,11.66,99.00,4.85,0,2,5,7.20,0,305
307,2021,3,27,1302,11.66,99.02,4.85,0,2,5,7.20,0,305
308,2021,3,27,1302,11.66,99.04,4.85,0,2,5,46.61,0,305
309,2021,3,27,1302,11.58,99.02,4.86,0,2,3,6.13,0,309
310,2021,3,27,1302,11.58,99.04,4.86,0,2,3,6.13,0,309
311,2021,3,27,1302,11.36,98.94,4.86,0,2,3,7.82,0,312
312,2021,3,27,1302,11.36,98.96,4.86,0,2,5,15.20,0,312
313,2021,3,27,1302,11.34,98.96,4.86,0,2,5,10.70,0,312
314,2021,3,27,1302,11.34,98.98,4.86,0,2,5,10.70,0,312
315,2021,3,27,1302,11.24,98.96,4.86,0,2,5,10.80,0,315
316,2021,3,27,1302,11.22,98.96,4.86,0,2,3,5.72,0,315
317,2021,3,27,1302,11.22,98.98,4.86,0,2,3,5.71,0,315
318,2021,3,27,1302,10.86,107.82,4.87,0,2,5,10.00,0,318
319,2021,3,27,1302,10.84,107.82,4.87,0,2,3,5.99,0,318
320,2021,3,27,1302,10.54,98.62,4.87,0,2,5,5.53,0,320
321,2021,3,27,1302,10.46,98.74,4.87,0,2,5,4.07,0,321
322,2021,3,27,1302,10.46,98.76,4.87,0,2,5,4.07,0,321
323,2021,3,27,1308,3.64,108.10,4.95,0,1,1,18.14,0,323
324,2021,3,27,1308,3.64,108.12,4.95,0,1,1,9.26,0,323
325,2021,3,27,1308,3.48,114.60,4.95,0,1,3,11.34,0,325
326,2021,3,27,1308,1.08,114.82,4.96,0,1,1,9.47,0,326
327,2021,3,27,1308,-1.46,127.42,4.95,0,2,1,7.54,0,327
328,2021,3,27,1308,-17.74,124.82,4.72,0,1,1,11.24,0,328
329,2021,3,27,1308,-18.20,129.76,4.71,0,1,3,4.72,0,329
330,2021,3,27,1308,-20.10,146.12,4.65,0,2,1,2.67,0,330
331,2021,3,27,1308,-20.16,128.56,4.65,0,1,1,4.81,0,331
332,2021,3,27,1308,-20.22,127.46,4.65,0,1,3,5.83,0,332
333,2021,3,27,1308,-20.36,148.32,4.65,0,1,1,6.66,0,333
334,2021,3,27,1308,-20.38,148.34,4.65,0,1,1,5.74,0,334
335,2021,3,27,1308,-20.58,146.40,4.64,0,2,5,10.03,0,335
336,2021,3,27,1308,-20.58,146.42,4.64,0,2,5,6.50,0,335
337,2021,3,27,1308,-20.60,146.40,4.64,0,2,5,5.18,0,335
338,2021,3,27,1308,-20.60,146.42,4.64,0,2,3,3.26,0,335
339,2021,3,27,1308,-20.72,139.46,4.64,0,2,1,2.43,0,339
340,2021,3,27,1308,-20.74,139.46,4.64,0,2,1,2.06,0,339
341,2021,3,27,1308,-21.22,148.88,4.62,0,1,1,6.61,0,341
342,2021,3,27,1308,-21.80,126.06,4.60,0,2,1,3.21,0,342
343,2021,3,27,1308,-21.96,125.78,4.60,0,1,1,15.00,0,343
344,2021,3,27,1308,-22.10,125.78,4.59,0,1,3,18.38,0,344
345,2021,3,27,1308,-22.18,126.04,4.59,0,1,1,12.42,0,345
346,2021,3,27,1308,-22.32,123.82,4.59,0,1,3,5.32,0,346
347,2021,3,27,1308,-23.88,145.20,4.53,0,2,3,3.92,0,347
348,2021,3,27,1308,-23.90,128.66,4.53,0,1,1,10.96,0,348
349,2021,3,27,1308,-24.84,146.46,4.50,0,2,3,2.36,0,349
350,2021,3,27,1308,-25.22,151.52,4.48,0,2,3,2.27,0,350
351,2021,3,27,1308,-26.14,151.90,4.45,0,2,3,2.63,0,351
352,2021,3,27,1308,-27.34,152.58,4.40,0,1,1,3.98,0,352
353,2021,3,27,1308,-27.40,151.08,4.40,0,2,3,2.80,0,353
354,2021,3,27,1308,-27.40,152.62,4.40,0,2,1,3.46,0,354
355,2021,3,27,1308,-28.20,151.80,4.37,0,2,3,2.95,0,356
356,2021,3,27,1308,-28.22,151.80,4.37,0,2,3,2.95,0,356
357,2021,3,27,1308,-29.06,151.02,4.33,0,2,5,5.57,0,357
358,2021,3,27,1308,-29.74,121.52,4.30,0,2,3,3.33,0,358
359,2021,3,27,1308,-30.14,147.26,4.29,0,1,3,4.01,0,360
360,2021,3,27,1308,-30.16,147.26,4.29,0,1,3,4.01,0,360
361,2021,3,27,1308,-30.48,147.96,4.27,0,2,1,3.23,0,361
362,2021,3,27,1308,-30.88,121.48,4.25,0,2,1,3.44,0,362
363,2021,3,27,1308,-30.92,144.06,4.25,0,1,3,3.10,0,363
364,2021,3,27,1308,-31.88,116.72,4.21,0,2,3,2.34,0,365
365,2021,3,27,1308,-31.88,116.74,4.21,0,2,3,3.03,0,365
366,2021,3,27,1308,-32.08,150.98,4.20,0,2,1,2.49,0,366
367,2021,3,27,1308,-32.28,142.54,4.19,0,1,3,3.64,0,367
368,2021,3,27,1308,-33.18,134.68,4.15,0,1,1,5.91,0,368
369,2021,3,27,1308,-33.52,147.80,4.13,0,2,3,2.05,0,369
370,2021,3,27,1308,-33.98,117.72,4.11,0,2,3,2.25,0,372
371,2021,3,27,1308,-33.98,117.74,4.11,0,2,3,2.25,0,372
372,2021,3,27,1308,-33.98,117.76,4.11,0,2,3,2.29,0,372
373,2021,3,27,1308,-34.00,117.72,4.11,0,2,3,2.25,0,372
374,2021,3,27,1308,-34.28,116.42,4.10,0,2,3,4.50,0,379
375,2021,3,27,1308,-34.28,116.44,4.10,0,2,3,4.50,0,379
376,2021,3,27,1308,-34.30,116.40,4.09,0,2,3,3.27,0,379
377,2021,3,27,1308,-34.30,116.42,4.09,0,2,3,4.50,0,379
378,2021,3,27,1308,-34.32,116.42,4.09,0,2,5,6.07,0,379
379,2021,3,27,1308,-34.32,116.44,4.09,0,2,5,8.82,0,379
380,2021,3,27,1308,-34.34,116.44,4.09,0,2,3,5.05,0,379
381,2021,3,27,1308,-34.44,115.98,4.09,0,2,3,2.39,0,383
382,2021,3,27,1308,-34.44,116.00,4.09,0,2,3,2.39,0,383
383,2021,3,27,1308,-34.46,115.98,4.09,0,2,3,2.66,0,383
384,2021,3,27,1308,-34.46,150.86,4.09,0,2,1,2.95,0,384
385,2021,3,27,1308,-35.60,143.76,4.03,0,1,1,3.48,0,386
386,2021,3,27,1308,-35.60,143.78,4.03,0,1,1,3.48,0,386
387,2021,3,27,1308,-36.22,147.08,4.00,0,1,1,6.94,0,387
388,2021,3,27,1308,-37.28,142.00,3.94,0,2,3,2.24,0,388
389,2021,3,27,1308,-37.92,146.76,3.91,0,1,3,3.98,0,389
390,2021,3,27,1308,-37.92,146.78,3.91,0,1,3,3.98,0,389
