# 2019 12 18  7 20 UTC  2020  3 18 15 33 UTC
# ID,Year,Month,Day,Time(UTC),Lat,Lon,Area(km^2),Volcano,Level,Reliability,FRP(Wm^-2),QF,Hot(ID)
1,2019,12,18,0719,43.02,101.14,3.62,0,2,1,.65,0,1
2,2019,12,18,0724,38.64,116.48,3.87,0,3,3,1.40,0,2
3,2019,12,18,0724,37.80,106.58,3.92,0,3,3,2.14,0,3
4,2019,12,18,0724,37.78,106.60,3.92,0,3,3,2.14,0,4
5,2019,12,18,0724,36.78,111.52,3.97,0,3,3,1.41,0,5
6,2019,12,18,0724,36.78,111.54,3.97,0,3,3,1.41,0,5
7,2019,12,18,0724,36.26,111.40,4.00,0,3,3,.71,0,7
8,2019,12,18,0724,36.16,105.94,4.00,0,3,3,2.17,0,8
9,2019,12,18,0724,36.16,105.96,4.00,0,3,3,2.17,0,8
10,2019,12,18,0724,35.04,136.86,4.06,0,2,1,6.63,0,10
11,2019,12,18,0724,35.04,136.88,4.06,0,2,1,3.26,0,10
12,2019,12,18,0724,35.02,136.86,4.06,0,2,1,3.16,0,10
13,2019,12,18,0724,35.00,136.86,4.06,0,2,1,3.16,0,10
14,2019,12,18,0724,27.06,94.46,4.41,0,3,3,2.83,2,14
15,2019,12,18,0724,27.06,94.48,4.41,0,3,3,2.83,2,14
16,2019,12,18,0724,26.96,94.36,4.42,0,3,3,2.83,2,16
17,2019,12,18,0724,26.92,94.20,4.42,0,3,3,2.58,0,20
18,2019,12,18,0724,26.92,94.22,4.42,0,3,3,2.58,0,20
19,2019,12,18,0724,26.90,94.22,4.42,0,3,3,2.70,0,20
20,2019,12,18,0724,26.90,94.24,4.42,0,3,3,2.70,0,20
21,2019,12,18,0724,26.22,117.96,4.45,0,2,3,15.59,0,21
22,2019,12,18,0724,25.24,96.92,4.48,0,3,3,1.89,0,22
23,2019,12,18,0724,24.78,94.84,4.50,0,3,1,1.68,0,26
24,2019,12,18,0724,24.78,94.86,4.50,0,3,1,1.51,0,26
25,2019,12,18,0724,24.76,94.82,4.50,0,3,3,1.86,0,26
26,2019,12,18,0724,24.76,94.84,4.50,0,3,3,1.86,0,26
27,2019,12,18,0724,24.66,82.90,4.50,0,3,1,1.10,0,28
28,2019,12,18,0724,24.66,82.92,4.50,0,3,1,1.10,0,28
29,2019,12,18,0724,24.52,104.62,4.51,0,2,3,4.07,0,32
30,2019,12,18,0724,24.50,104.62,4.51,0,2,3,4.07,0,32
31,2019,12,18,0724,24.50,105.82,4.51,0,3,3,4.27,0,31
32,2019,12,18,0724,24.48,104.62,4.51,0,2,5,8.84,0,32
33,2019,12,18,0724,24.48,104.64,4.51,0,2,5,8.84,0,32
34,2019,12,18,0724,24.14,88.86,4.52,0,3,3,1.73,0,35
35,2019,12,18,0724,24.14,88.88,4.52,0,3,3,1.73,0,35
36,2019,12,18,0724,23.92,98.64,4.53,0,2,5,11.49,0,38
37,2019,12,18,0724,23.92,98.66,4.53,0,2,5,11.49,0,38
38,2019,12,18,0724,23.90,98.66,4.53,0,1,5,63.99,0,38
39,2019,12,18,0724,23.80,86.34,4.54,0,2,1,2.68,0,43
40,2019,12,18,0724,23.80,86.36,4.54,0,2,1,2.69,0,43
41,2019,12,18,0724,23.78,86.34,4.54,0,2,1,6.07,0,43
42,2019,12,18,0724,23.78,86.36,4.54,0,2,1,6.07,0,43
43,2019,12,18,0724,23.78,86.38,4.54,0,2,1,6.08,0,43
44,2019,12,18,0724,23.78,86.40,4.54,0,2,1,3.13,0,43
45,2019,12,18,0724,23.78,86.42,4.54,0,2,1,3.13,0,43
46,2019,12,18,0724,23.76,86.42,4.54,0,2,1,3.87,0,43
47,2019,12,18,0724,23.76,86.44,4.54,0,2,1,3.88,0,43
48,2019,12,18,0724,23.30,94.04,4.55,0,2,1,7.09,0,48
49,2019,12,18,0724,22.82,93.46,4.57,0,2,3,6.13,0,49
50,2019,12,18,0724,22.82,93.48,4.57,0,2,3,6.13,0,49
51,2019,12,18,0724,22.72,100.88,4.57,0,2,1,3.52,0,53
52,2019,12,18,0724,22.72,100.90,4.57,0,2,1,3.52,0,53
53,2019,12,18,0724,22.70,100.90,4.57,0,2,5,11.93,0,53
54,2019,12,18,0724,22.52,105.02,4.58,0,2,5,22.15,0,54
55,2019,12,18,0724,22.34,82.60,4.58,0,2,1,2.29,0,57
56,2019,12,18,0724,22.34,82.62,4.58,0,2,3,2.30,0,57
57,2019,12,18,0724,22.34,82.64,4.58,0,2,3,2.30,0,57
58,2019,12,18,0724,21.32,102.98,4.62,0,3,3,2.31,0,58
59,2019,12,18,0724,21.24,103.28,4.62,0,1,3,18.09,0,59
60,2019,12,18,0724,21.24,103.30,4.62,0,1,3,18.09,0,59
61,2019,12,18,0724,21.22,103.30,4.62,0,1,3,18.09,0,59
62,2019,12,18,0724,20.64,99.90,4.64,0,2,5,10.55,0,62
63,2019,12,18,0724,20.64,99.92,4.64,0,2,5,10.55,0,62
64,2019,12,18,0724,20.62,99.92,4.64,0,2,3,5.75,0,62
65,2019,12,18,0724,20.56,105.56,4.64,0,2,3,7.05,0,65
66,2019,12,18,0724,20.56,105.58,4.64,0,2,3,7.04,0,65
67,2019,12,18,0724,19.64,103.10,4.67,0,3,1,2.44,0,67
68,2019,12,18,0724,19.44,103.06,4.67,0,3,3,2.73,0,68
69,2019,12,18,0724,19.18,96.30,4.68,0,3,1,1.85,0,69
70,2019,12,18,0724,19.00,96.34,4.69,0,2,3,2.85,0,70
71,2019,12,18,0724,19.00,96.36,4.69,0,2,1,2.85,0,70
72,2019,12,18,0724,18.90,96.36,4.69,0,2,1,1.72,0,72
73,2019,12,18,0724,18.88,96.36,4.69,0,3,1,1.44,0,72
74,2019,12,18,0724,18.82,97.40,4.69,0,2,1,2.82,0,76
75,2019,12,18,0724,18.80,97.40,4.69,0,3,1,3.63,0,76
76,2019,12,18,0724,18.78,97.40,4.69,0,3,1,3.75,0,76
77,2019,12,18,0724,18.78,97.42,4.69,0,3,1,3.75,0,76
78,2019,12,18,0724,18.76,97.42,4.69,0,3,1,3.75,0,76
79,2019,12,18,0724,18.70,80.12,4.69,0,3,1,3.02,0,79
80,2019,12,18,0724,18.42,96.52,4.70,0,2,3,2.52,0,80
81,2019,12,18,0724,18.20,104.20,4.71,0,3,3,2.63,0,82
82,2019,12,18,0724,18.18,104.20,4.71,0,2,3,6.61,0,82
83,2019,12,18,0724,17.98,95.12,4.71,0,2,3,2.43,0,83
84,2019,12,18,0724,17.84,95.18,4.72,0,2,3,2.25,0,84
85,2019,12,18,0724,17.58,95.76,4.73,0,3,3,4.37,0,85
86,2019,12,18,0724,17.58,95.78,4.73,0,3,3,4.37,0,85
87,2019,12,18,0724,17.56,95.78,4.73,0,3,3,4.09,0,85
88,2019,12,18,0724,17.18,121.68,4.74,0,3,3,4.82,0,88
89,2019,12,18,0724,16.70,95.20,4.75,0,3,3,3.06,0,89
90,2019,12,18,0724,16.70,95.22,4.75,0,3,3,3.06,0,89
91,2019,12,18,0724,16.34,103.04,4.76,0,1,3,16.30,0,91
92,2019,12,18,0724,15.78,100.56,4.77,0,2,3,7.79,0,94
93,2019,12,18,0724,15.78,100.58,4.77,0,2,3,7.79,0,94
94,2019,12,18,0724,15.78,100.60,4.77,0,2,3,11.12,0,94
95,2019,12,18,0724,15.00,99.90,4.79,0,2,1,7.47,0,95
96,2019,12,18,0724,15.00,99.92,4.79,0,2,3,7.47,0,95
97,2019,12,18,0724,13.90,102.90,4.81,0,2,3,21.00,0,97
98,2019,12,18,0724,13.90,102.92,4.81,0,2,3,20.99,0,97
99,2019,12,18,0724,13.88,102.84,4.81,0,2,3,10.17,0,99
100,2019,12,18,0724,13.44,106.94,4.82,0,3,3,3.07,0,101
101,2019,12,18,0724,13.44,106.96,4.82,0,2,3,3.11,0,101
102,2019,12,18,0724,13.08,102.54,4.83,0,2,5,14.15,0,102
103,2019,12,18,0724,11.74,105.50,4.85,0,2,5,19.44,0,103
104,2019,12,18,0724,-2.58,121.38,4.95,0,2,1,15.56,0,104
105,2019,12,18,0724,-6.38,108.38,4.93,0,3,1,8.51,0,105
106,2019,12,18,0724,-6.38,108.40,4.93,0,3,1,8.51,0,105
107,2019,12,18,0724,-8.04,140.12,4.91,0,2,3,9.12,0,107
108,2019,12,18,0724,-8.04,140.14,4.91,0,2,3,7.34,0,107
109,2019,12,18,0724,-8.08,139.86,4.91,0,2,3,4.88,0,109
110,2019,12,18,0724,-12.26,135.14,4.84,0,2,5,9.61,0,110
111,2019,12,18,0724,-12.36,135.14,4.84,0,2,5,18.45,0,113
112,2019,12,18,0724,-12.36,135.16,4.84,0,2,3,12.94,0,113
113,2019,12,18,0724,-12.38,135.14,4.84,0,2,5,154.41,0,113
114,2019,12,18,0724,-12.38,135.16,4.84,0,2,5,33.07,0,113
115,2019,12,18,0724,-12.40,135.14,4.84,0,2,5,92.93,0,113
116,2019,12,18,0724,-12.40,135.16,4.84,0,2,5,15.26,0,113
117,2019,12,18,0724,-12.42,135.14,4.84,0,2,3,6.37,0,113
118,2019,12,18,0724,-12.44,131.64,4.84,0,2,1,4.02,0,118
119,2019,12,18,0724,-12.56,135.02,4.84,0,2,3,10.73,0,125
120,2019,12,18,0724,-12.58,135.00,4.84,0,2,3,15.33,0,124
121,2019,12,18,0724,-12.58,135.02,4.84,0,2,5,25.86,0,125
122,2019,12,18,0724,-12.58,135.04,4.84,0,2,5,19.89,0,125
123,2019,12,18,0724,-12.58,135.06,4.84,0,2,3,12.45,0,125
124,2019,12,18,0724,-12.60,135.00,4.84,0,2,5,15.98,0,124
125,2019,12,18,0724,-12.60,135.04,4.84,0,1,3,39.30,0,125
126,2019,12,18,0724,-12.60,135.06,4.84,0,2,5,20.23,0,125
127,2019,12,18,0724,-12.60,135.12,4.84,0,2,3,8.60,0,127
128,2019,12,18,0724,-12.68,136.24,4.84,0,2,5,18.50,0,128
129,2019,12,18,0724,-12.68,136.26,4.84,0,2,5,17.25,0,128
130,2019,12,18,0724,-12.68,136.28,4.84,0,2,3,8.88,0,128
131,2019,12,18,0724,-12.70,136.28,4.84,0,2,3,10.76,0,128
132,2019,12,18,0724,-12.72,135.56,4.83,0,2,5,28.11,0,132
133,2019,12,18,0724,-12.72,135.58,4.83,0,2,5,20.03,0,132
134,2019,12,18,0724,-12.74,135.56,4.83,0,2,5,16.31,0,132
135,2019,12,18,0724,-12.74,135.58,4.83,0,2,5,12.97,0,132
136,2019,12,18,0724,-12.86,131.58,4.83,0,2,3,10.78,0,136
137,2019,12,18,0724,-12.94,130.46,4.83,0,2,5,12.49,0,137
138,2019,12,18,0724,-12.94,130.48,4.83,0,2,3,6.73,0,137
139,2019,12,18,0724,-12.96,130.46,4.83,0,2,5,11.77,0,137
140,2019,12,18,0724,-12.96,131.52,4.83,0,2,5,12.40,0,141
141,2019,12,18,0724,-12.98,131.52,4.83,0,2,5,13.17,0,141
142,2019,12,18,0724,-13.06,143.18,4.83,0,2,5,33.42,0,142
143,2019,12,18,0724,-13.08,143.18,4.83,0,2,3,12.67,0,142
144,2019,12,18,0724,-13.10,143.18,4.83,0,2,3,20.13,0,142
145,2019,12,18,0724,-13.14,130.32,4.83,0,3,3,7.95,0,146
146,2019,12,18,0724,-13.16,130.32,4.83,0,1,5,76.57,0,146
147,2019,12,18,0724,-13.16,130.34,4.83,0,2,5,25.08,0,146
148,2019,12,18,0724,-13.18,135.34,4.83,0,2,3,15.89,0,150
149,2019,12,18,0724,-13.20,133.72,4.83,0,1,5,200.90,0,149
150,2019,12,18,0724,-13.20,135.34,4.83,0,2,5,21.27,0,150
151,2019,12,18,0724,-13.20,135.36,4.83,0,3,1,4.28,0,150
152,2019,12,18,0724,-13.22,133.70,4.83,0,2,5,44.26,0,149
153,2019,12,18,0724,-13.22,133.72,4.83,0,2,5,44.08,0,149
154,2019,12,18,0724,-13.28,143.12,4.82,0,2,3,14.28,0,154
155,2019,12,18,0724,-13.32,143.12,4.82,0,2,3,6.84,0,155
156,2019,12,18,0724,-13.36,133.52,4.82,0,2,3,25.87,0,156
157,2019,12,18,0724,-13.40,135.76,4.82,0,2,3,9.69,0,157
158,2019,12,18,0724,-13.42,135.38,4.82,0,2,3,8.45,0,162
159,2019,12,18,0724,-13.42,135.76,4.82,0,2,3,8.45,0,157
160,2019,12,18,0724,-13.44,135.38,4.82,0,2,3,9.67,0,162
161,2019,12,18,0724,-13.44,135.40,4.82,0,2,3,10.58,0,162
162,2019,12,18,0724,-13.44,135.42,4.82,0,2,5,13.89,0,162
163,2019,12,18,0724,-13.46,135.42,4.82,0,2,3,11.32,0,162
164,2019,12,18,0724,-13.52,142.46,4.82,0,2,5,6.20,0,164
165,2019,12,18,0724,-13.54,130.42,4.82,0,2,3,8.10,0,167
166,2019,12,18,0724,-13.54,142.52,4.82,0,2,3,2.92,0,166
167,2019,12,18,0724,-13.56,130.40,4.82,0,2,5,28.56,0,167
168,2019,12,18,0724,-13.56,130.42,4.82,0,2,5,26.17,0,167
169,2019,12,18,0724,-13.56,130.44,4.82,0,2,5,22.95,0,167
170,2019,12,18,0724,-13.56,141.92,4.82,0,2,3,5.90,0,170
171,2019,12,18,0724,-13.58,130.40,4.82,0,2,3,14.46,0,167
172,2019,12,18,0724,-13.58,130.42,4.82,0,2,3,10.88,0,167
173,2019,12,18,0724,-13.58,130.44,4.82,0,2,3,12.60,0,167
174,2019,12,18,0724,-13.58,142.90,4.82,0,2,5,18.49,0,177
175,2019,12,18,0724,-13.58,142.92,4.82,0,2,3,14.33,0,177
176,2019,12,18,0724,-13.58,142.94,4.82,0,2,3,14.40,0,177
177,2019,12,18,0724,-13.60,142.90,4.82,0,2,5,34.22,0,177
178,2019,12,18,0724,-13.60,142.92,4.82,0,2,5,16.76,0,177
179,2019,12,18,0724,-13.60,143.04,4.82,0,1,5,96.82,0,179
180,2019,12,18,0724,-13.60,143.06,4.82,0,2,5,21.42,0,179
181,2019,12,18,0724,-13.60,143.08,4.82,0,2,3,10.26,0,179
182,2019,12,18,0724,-13.62,143.06,4.82,0,2,3,16.04,0,179
183,2019,12,18,0724,-13.68,143.16,4.82,0,2,3,17.27,0,183
184,2019,12,18,0724,-13.84,135.82,4.81,0,2,3,11.68,0,184
185,2019,12,18,0724,-13.84,135.88,4.81,0,2,5,18.60,0,187
186,2019,12,18,0724,-13.84,135.90,4.81,0,2,3,11.52,0,187
187,2019,12,18,0724,-13.86,135.88,4.81,0,2,3,23.27,0,187
188,2019,12,18,0724,-13.86,135.90,4.81,0,2,3,11.20,0,187
189,2019,12,18,0724,-13.88,135.62,4.81,0,2,3,9.96,0,189
190,2019,12,18,0724,-13.90,135.56,4.81,0,2,3,9.20,0,190
191,2019,12,18,0724,-13.90,135.58,4.81,0,2,3,6.67,0,190
192,2019,12,18,0724,-13.98,143.18,4.81,0,2,3,12.10,0,192
193,2019,12,18,0724,-13.98,143.20,4.81,0,2,3,6.69,0,192
194,2019,12,18,0724,-14.00,143.18,4.81,0,2,3,7.92,0,192
195,2019,12,18,0724,-14.00,143.20,4.81,0,2,3,8.76,0,192
196,2019,12,18,0724,-14.28,142.04,4.80,0,3,3,4.79,0,196
197,2019,12,18,0724,-14.70,143.76,4.79,0,2,3,3.81,0,197
198,2019,12,18,0724,-14.70,143.78,4.79,0,2,1,3.31,0,197
199,2019,12,18,0724,-14.72,144.00,4.79,0,2,5,17.03,0,199
200,2019,12,18,0724,-14.74,144.00,4.79,0,2,5,15.10,0,199
201,2019,12,18,0724,-14.74,144.02,4.79,0,2,5,10.39,0,199
202,2019,12,18,0724,-15.00,144.90,4.79,0,2,5,13.36,0,202
203,2019,12,18,0724,-15.00,144.92,4.79,0,2,3,9.05,0,202
204,2019,12,18,0724,-15.02,144.88,4.79,0,2,3,4.60,0,202
205,2019,12,18,0724,-15.02,144.90,4.79,0,2,5,8.36,0,202
206,2019,12,18,0724,-15.02,144.92,4.79,0,2,5,6.23,0,202
207,2019,12,18,0724,-15.22,144.16,4.78,0,2,5,9.03,0,208
208,2019,12,18,0724,-15.24,144.16,4.78,0,2,5,11.83,0,208
209,2019,12,18,0724,-15.24,144.18,4.78,0,2,5,6.58,0,208
210,2019,12,18,0724,-15.26,143.20,4.78,0,2,5,15.40,0,214
211,2019,12,18,0724,-15.26,144.18,4.78,0,2,5,10.90,0,208
212,2019,12,18,0724,-15.28,124.98,4.78,0,2,3,17.15,0,217
213,2019,12,18,0724,-15.28,143.20,4.78,0,2,1,7.51,0,214
214,2019,12,18,0724,-15.28,143.22,4.78,0,2,5,15.52,0,214
215,2019,12,18,0724,-15.28,144.16,4.78,0,1,3,18.35,0,215
216,2019,12,18,0724,-15.30,124.98,4.78,0,2,5,42.03,0,217
217,2019,12,18,0724,-15.30,125.00,4.78,0,2,5,45.42,0,217
218,2019,12,18,0724,-15.30,130.08,4.78,0,2,3,15.88,0,220
219,2019,12,18,0724,-15.30,143.22,4.78,0,1,3,15.01,0,214
220,2019,12,18,0724,-15.32,130.06,4.78,0,1,5,182.62,0,220
221,2019,12,18,0724,-15.32,130.08,4.78,0,2,5,89.40,0,220
222,2019,12,18,0724,-15.34,144.66,4.78,0,2,3,6.22,0,226
223,2019,12,18,0724,-15.36,144.54,4.78,0,2,5,14.01,0,225
224,2019,12,18,0724,-15.36,144.56,4.78,0,2,5,11.58,0,225
225,2019,12,18,0724,-15.36,144.58,4.78,0,1,5,17.19,0,225
226,2019,12,18,0724,-15.36,144.66,4.78,0,2,5,12.90,0,226
227,2019,12,18,0724,-15.38,144.54,4.78,0,2,5,9.61,0,225
228,2019,12,18,0724,-15.38,144.56,4.78,0,2,5,13.28,0,225
229,2019,12,18,0724,-15.40,144.54,4.78,0,3,3,2.61,0,225
230,2019,12,18,0724,-15.48,144.42,4.78,0,2,5,27.62,0,236
231,2019,12,18,0724,-15.48,144.44,4.78,0,2,5,38.31,0,236
232,2019,12,18,0724,-15.48,144.46,4.78,0,2,5,29.01,0,236
233,2019,12,18,0724,-15.48,144.48,4.78,0,2,5,14.05,0,236
234,2019,12,18,0724,-15.48,144.50,4.78,0,2,3,2.89,0,236
235,2019,12,18,0724,-15.50,144.42,4.78,0,2,5,111.69,0,236
236,2019,12,18,0724,-15.50,144.44,4.78,0,2,5,141.96,0,236
237,2019,12,18,0724,-15.50,144.46,4.78,0,2,5,114.73,0,236
238,2019,12,18,0724,-15.50,144.48,4.78,0,2,5,25.57,0,236
239,2019,12,18,0724,-15.50,144.52,4.78,0,2,5,14.90,0,236
240,2019,12,18,0724,-15.52,129.12,4.78,0,2,3,13.37,0,240
241,2019,12,18,0724,-15.52,144.42,4.78,0,1,5,36.16,0,236
242,2019,12,18,0724,-15.52,144.44,4.78,0,2,5,41.59,0,236
243,2019,12,18,0724,-15.52,144.46,4.78,0,2,5,141.63,0,236
244,2019,12,18,0724,-15.52,144.48,4.78,0,2,5,21.47,0,236
245,2019,12,18,0724,-15.52,144.50,4.78,0,2,5,29.81,0,236
246,2019,12,18,0724,-15.52,144.52,4.78,0,2,5,14.54,0,236
247,2019,12,18,0724,-15.52,144.54,4.78,0,2,3,8.71,0,236
248,2019,12,18,0724,-15.56,129.26,4.77,0,2,3,6.86,0,248
249,2019,12,18,0724,-15.56,144.44,4.77,0,2,5,49.22,0,250
250,2019,12,18,0724,-15.56,144.46,4.77,0,2,5,61.95,0,250
251,2019,12,18,0724,-15.56,144.48,4.77,0,2,5,25.52,0,250
252,2019,12,18,0724,-15.58,144.44,4.77,0,2,5,16.49,0,250
253,2019,12,18,0724,-15.58,144.46,4.77,0,2,5,23.20,0,250
254,2019,12,18,0724,-15.58,144.48,4.77,0,2,5,29.56,0,250
255,2019,12,18,0724,-15.58,144.50,4.77,0,2,5,21.72,0,250
256,2019,12,18,0724,-15.62,143.40,4.77,0,1,5,189.10,0,256
257,2019,12,18,0724,-15.62,143.42,4.77,0,2,5,22.30,0,256
258,2019,12,18,0724,-15.64,143.40,4.77,0,2,5,94.40,0,256
259,2019,12,18,0724,-15.64,143.42,4.77,0,2,5,27.96,0,256
260,2019,12,18,0724,-15.66,143.40,4.77,0,2,3,13.97,0,256
261,2019,12,18,0724,-15.76,128.40,4.77,0,2,5,14.30,0,261
262,2019,12,18,0724,-15.78,143.30,4.77,0,2,3,26.32,0,262
263,2019,12,18,0724,-15.80,143.14,4.77,0,2,1,36.81,0,264
264,2019,12,18,0724,-15.82,143.14,4.77,0,2,5,42.91,0,264
265,2019,12,18,0724,-16.06,143.22,4.76,0,2,5,46.23,0,269
266,2019,12,18,0724,-16.08,128.50,4.76,0,2,5,21.90,0,267
267,2019,12,18,0724,-16.08,128.52,4.76,0,2,5,33.08,0,267
268,2019,12,18,0724,-16.08,143.20,4.76,0,2,5,54.43,0,269
269,2019,12,18,0724,-16.08,143.22,4.76,0,2,5,58.80,0,269
270,2019,12,18,0724,-16.10,128.50,4.76,0,2,3,14.69,0,267
271,2019,12,18,0724,-16.10,128.52,4.76,0,3,5,23.67,0,267
272,2019,12,18,0724,-16.14,129.78,4.76,0,2,3,23.97,0,272
273,2019,12,18,0724,-16.14,129.80,4.76,0,2,1,9.13,0,272
274,2019,12,18,0724,-16.14,143.14,4.76,0,2,3,26.43,0,274
275,2019,12,18,0724,-16.14,143.16,4.76,0,3,1,12.22,0,274
276,2019,12,18,0724,-16.16,129.78,4.76,0,2,3,21.05,0,272
277,2019,12,18,0724,-16.16,142.38,4.76,0,2,3,12.36,0,277
278,2019,12,18,0724,-16.18,129.78,4.76,0,2,3,17.51,0,272
279,2019,12,18,0724,-16.18,142.34,4.76,0,2,5,17.40,0,279
280,2019,12,18,0724,-16.22,143.06,4.76,0,2,5,47.04,0,280
281,2019,12,18,0724,-16.28,143.14,4.76,0,2,3,19.29,0,281
282,2019,12,18,0724,-16.30,143.18,4.76,0,2,3,16.96,0,282
283,2019,12,18,0724,-16.48,144.22,4.75,0,2,3,8.11,0,285
284,2019,12,18,0724,-16.50,144.22,4.75,0,2,5,8.63,0,285
285,2019,12,18,0724,-16.50,144.24,4.75,0,2,3,11.32,0,285
286,2019,12,18,0724,-16.52,137.70,4.75,0,1,3,20.78,0,286
287,2019,12,18,0724,-16.54,137.42,4.75,0,2,3,8.75,0,287
288,2019,12,18,0724,-16.54,137.52,4.75,0,2,3,7.90,0,291
289,2019,12,18,0724,-16.54,137.54,4.75,0,2,3,11.42,0,291
290,2019,12,18,0724,-16.56,137.40,4.75,0,2,3,14.21,0,290
291,2019,12,18,0724,-16.56,137.52,4.75,0,2,5,19.04,0,291
292,2019,12,18,0724,-16.56,137.54,4.75,0,2,3,15.77,0,291
293,2019,12,18,0724,-16.62,137.62,4.75,0,2,5,53.33,0,294
294,2019,12,18,0724,-16.64,137.62,4.75,0,2,5,57.16,0,294
295,2019,12,18,0724,-16.88,137.64,4.74,0,2,3,7.66,0,295
296,2019,12,18,0724,-16.90,137.66,4.74,0,2,1,8.21,0,296
297,2019,12,18,0724,-17.04,137.80,4.74,0,2,3,6.26,0,297
298,2019,12,18,0730,-17.08,137.76,4.74,0,2,3,10.31,0,298
299,2019,12,18,0730,-17.24,142.78,4.73,0,2,3,10.99,0,299
300,2019,12,18,0730,-17.34,144.04,4.73,0,2,3,15.08,0,302
301,2019,12,18,0730,-17.36,144.04,4.73,0,2,5,22.00,0,302
302,2019,12,18,0730,-17.36,144.06,4.73,0,1,3,24.96,0,302
303,2019,12,18,0730,-17.38,143.98,4.73,0,1,3,15.66,0,303
304,2019,12,18,0730,-17.38,144.00,4.73,0,2,5,15.50,0,303
305,2019,12,18,0730,-17.46,144.78,4.73,0,2,3,24.71,0,308
306,2019,12,18,0730,-17.46,144.80,4.73,0,2,5,44.89,0,308
307,2019,12,18,0730,-17.48,144.78,4.73,0,2,3,33.45,0,308
308,2019,12,18,0730,-17.48,144.80,4.73,0,2,5,64.18,0,308
309,2019,12,18,0730,-17.48,144.82,4.73,0,2,3,23.81,0,308
310,2019,12,18,0730,-17.50,144.76,4.73,0,2,3,26.78,0,321
311,2019,12,18,0730,-17.50,144.80,4.73,0,2,3,26.42,0,308
312,2019,12,18,0730,-17.50,144.82,4.73,0,2,3,26.13,0,308
313,2019,12,18,0730,-17.52,125.08,4.73,0,2,5,43.16,0,320
314,2019,12,18,0730,-17.52,125.10,4.73,0,2,5,54.33,0,320
315,2019,12,18,0730,-17.52,144.74,4.73,0,2,3,23.13,0,321
316,2019,12,18,0730,-17.52,144.76,4.73,0,2,5,51.22,0,321
317,2019,12,18,0730,-17.52,144.78,4.73,0,2,1,20.71,0,321
318,2019,12,18,0730,-17.52,145.10,4.73,0,2,1,29.78,0,318
319,2019,12,18,0730,-17.54,125.08,4.73,0,2,5,55.59,0,320
320,2019,12,18,0730,-17.54,125.10,4.73,0,2,5,76.61,0,320
321,2019,12,18,0730,-17.54,144.76,4.73,0,2,5,56.14,0,321
322,2019,12,18,0730,-17.54,144.78,4.73,0,2,3,21.01,0,321
323,2019,12,18,0730,-17.56,125.10,4.73,0,1,3,28.83,0,320
324,2019,12,18,0730,-17.56,144.76,4.73,0,2,3,30.73,0,321
325,2019,12,18,0730,-17.56,144.78,4.73,0,2,3,19.49,0,321
326,2019,12,18,0730,-17.62,143.78,4.72,0,2,5,32.07,0,326
327,2019,12,18,0730,-17.64,144.76,4.72,0,2,3,16.73,0,327
328,2019,12,18,0730,-17.80,142.60,4.72,0,2,5,33.11,0,328
329,2019,12,18,0730,-17.80,142.62,4.72,0,2,3,9.89,0,328
330,2019,12,18,0730,-17.82,142.60,4.72,0,2,5,31.48,0,328
331,2019,12,18,0730,-17.82,142.62,4.72,0,2,3,16.55,0,328
332,2019,12,18,0730,-17.86,145.28,4.72,0,2,1,47.98,0,333
333,2019,12,18,0730,-17.86,145.30,4.72,0,2,5,84.31,0,333
334,2019,12,18,0730,-17.88,142.54,4.72,0,3,3,11.61,0,339
335,2019,12,18,0730,-17.90,142.48,4.72,0,2,5,62.43,0,339
336,2019,12,18,0730,-17.90,142.50,4.72,0,2,5,56.60,0,339
337,2019,12,18,0730,-17.90,142.52,4.72,0,2,5,46.71,0,339
338,2019,12,18,0730,-17.90,142.54,4.72,0,2,5,39.89,0,339
339,2019,12,18,0730,-17.92,142.48,4.72,0,1,5,112.79,0,339
340,2019,12,18,0730,-17.92,142.50,4.72,0,2,5,89.37,0,339
341,2019,12,18,0730,-17.92,142.52,4.72,0,2,5,72.26,0,339
342,2019,12,18,0730,-17.92,142.54,4.72,0,2,5,58.38,0,339
343,2019,12,18,0730,-17.92,142.56,4.72,0,2,5,95.28,0,339
344,2019,12,18,0730,-17.92,142.58,4.72,0,2,5,79.17,0,339
345,2019,12,18,0730,-17.92,144.84,4.72,0,2,1,14.07,0,350
346,2019,12,18,0730,-17.94,142.54,4.72,0,2,5,53.12,0,339
347,2019,12,18,0730,-17.94,142.56,4.72,0,2,5,85.66,0,339
348,2019,12,18,0730,-17.94,142.58,4.72,0,2,5,103.88,0,339
349,2019,12,18,0730,-17.94,144.84,4.72,0,2,5,23.88,0,350
350,2019,12,18,0730,-17.94,144.86,4.72,0,2,5,27.21,0,350
351,2019,12,18,0730,-17.94,144.88,4.72,0,2,3,16.22,0,350
352,2019,12,18,0730,-17.96,144.62,4.72,0,2,3,8.08,0,352
353,2019,12,18,0730,-17.96,144.66,4.72,0,2,3,5.64,0,353
354,2019,12,18,0730,-17.96,144.84,4.72,0,2,3,23.43,0,350
355,2019,12,18,0730,-17.96,144.86,4.72,0,2,3,19.93,0,350
356,2019,12,18,0730,-17.96,145.42,4.72,0,2,3,24.36,0,356
357,2019,12,18,0730,-17.98,142.56,4.71,0,2,3,22.16,0,361
358,2019,12,18,0730,-17.98,145.26,4.71,0,2,3,22.08,0,358
359,2019,12,18,0730,-17.98,145.48,4.71,0,2,3,24.53,0,359
360,2019,12,18,0730,-18.00,142.54,4.71,0,2,3,19.02,0,361
361,2019,12,18,0730,-18.00,142.56,4.71,0,1,5,59.35,0,361
362,2019,12,18,0730,-18.00,144.94,4.71,0,2,3,14.80,0,362
363,2019,12,18,0730,-18.06,143.76,4.71,0,2,3,16.82,0,363
364,2019,12,18,0730,-18.06,143.78,4.71,0,2,3,16.40,0,363
365,2019,12,18,0730,-18.12,143.66,4.71,0,2,3,16.33,0,369
366,2019,12,18,0730,-18.12,143.82,4.71,0,2,5,41.27,0,366
367,2019,12,18,0730,-18.14,141.42,4.71,0,2,5,64.85,0,371
368,2019,12,18,0730,-18.14,141.44,4.71,0,2,5,39.92,0,371
369,2019,12,18,0730,-18.14,143.66,4.71,0,2,5,28.20,0,369
370,2019,12,18,0730,-18.14,143.68,4.71,0,2,1,14.71,0,369
371,2019,12,18,0730,-18.16,141.42,4.71,0,2,5,77.41,0,371
372,2019,12,18,0730,-18.16,141.44,4.71,0,2,5,43.68,0,371
373,2019,12,18,0730,-18.16,143.64,4.71,0,2,3,17.92,0,373
374,2019,12,18,0730,-18.18,143.62,4.71,0,2,5,29.39,0,374
375,2019,12,18,0730,-18.18,143.78,4.71,0,2,5,35.86,0,375
376,2019,12,18,0730,-18.18,143.80,4.71,0,2,3,13.34,0,375
377,2019,12,18,0730,-18.20,143.68,4.71,0,2,3,14.01,0,377
378,2019,12,18,0730,-18.32,143.74,4.71,0,2,3,17.34,0,381
379,2019,12,18,0730,-18.32,143.92,4.71,0,2,3,15.37,0,385
380,2019,12,18,0730,-18.34,143.72,4.70,0,2,5,24.01,0,381
381,2019,12,18,0730,-18.34,143.74,4.70,0,2,5,56.87,0,381
382,2019,12,18,0730,-18.34,143.76,4.70,0,2,5,48.74,0,381
383,2019,12,18,0730,-18.34,143.78,4.70,0,2,5,23.56,0,381
384,2019,12,18,0730,-18.34,143.80,4.70,0,2,1,9.06,0,381
385,2019,12,18,0730,-18.34,143.92,4.70,0,2,5,25.70,0,385
386,2019,12,18,0730,-18.34,143.94,4.70,0,2,3,16.85,0,385
387,2019,12,18,0730,-18.36,143.66,4.70,0,2,5,34.47,0,397
388,2019,12,18,0730,-18.36,143.74,4.70,0,2,3,22.03,0,381
389,2019,12,18,0730,-18.36,143.76,4.70,0,2,5,34.81,0,381
390,2019,12,18,0730,-18.36,143.78,4.70,0,2,5,41.29,0,381
391,2019,12,18,0730,-18.36,143.80,4.70,0,2,5,27.97,0,381
392,2019,12,18,0730,-18.36,143.82,4.70,0,2,3,16.63,0,381
393,2019,12,18,0730,-18.36,143.92,4.70,0,2,5,25.19,0,385
394,2019,12,18,0730,-18.36,143.94,4.70,0,2,3,14.51,0,385
395,2019,12,18,0730,-18.36,143.96,4.70,0,2,5,20.77,0,385
396,2019,12,18,0730,-18.36,143.98,4.70,0,2,1,9.21,0,385
397,2019,12,18,0730,-18.38,143.66,4.70,0,2,5,55.37,0,397
398,2019,12,18,0730,-18.38,143.68,4.70,0,2,3,18.61,0,397
399,2019,12,18,0730,-18.38,143.80,4.70,0,2,3,14.96,0,381
400,2019,12,18,0730,-18.38,143.92,4.70,0,2,5,21.43,0,385
401,2019,12,18,0730,-18.38,143.96,4.70,0,2,3,23.89,0,385
402,2019,12,18,0730,-18.40,143.66,4.70,0,2,3,15.16,0,397
403,2019,12,18,0730,-18.40,143.68,4.70,0,2,5,27.92,0,397
404,2019,12,18,0730,-18.40,143.94,4.70,0,2,3,15.22,0,404
405,2019,12,18,0730,-18.44,143.76,4.70,0,2,3,12.51,0,406
406,2019,12,18,0730,-18.44,143.78,4.70,0,2,3,20.98,0,406
407,2019,12,18,0730,-18.44,143.82,4.70,0,2,3,14.30,0,407
408,2019,12,18,0730,-18.56,124.80,4.70,0,2,1,15.68,0,409
409,2019,12,18,0730,-18.58,124.80,4.70,0,2,5,46.92,0,409
410,2019,12,18,0730,-18.60,124.76,4.70,0,1,3,51.90,0,410
411,2019,12,18,0730,-18.60,143.78,4.70,0,2,3,31.46,0,411
412,2019,12,18,0730,-18.60,143.80,4.70,0,2,3,18.28,0,411
413,2019,12,18,0730,-18.80,144.68,4.69,0,2,5,8.60,0,413
414,2019,12,18,0730,-18.94,143.68,4.69,0,2,3,11.71,0,417
415,2019,12,18,0730,-18.94,143.70,4.69,0,2,3,15.67,0,417
416,2019,12,18,0730,-18.96,143.68,4.69,0,2,3,17.96,0,417
417,2019,12,18,0730,-18.96,143.70,4.69,0,2,5,34.96,0,417
418,2019,12,18,0730,-18.96,143.72,4.69,0,2,3,16.86,0,417
419,2019,12,18,0730,-18.96,143.74,4.69,0,2,5,21.99,0,417
420,2019,12,18,0730,-18.96,143.76,4.69,0,2,5,30.31,0,417
421,2019,12,18,0730,-18.98,143.68,4.69,0,2,3,20.98,0,417
422,2019,12,18,0730,-18.98,143.70,4.69,0,2,5,23.67,0,417
423,2019,12,18,0730,-19.00,143.70,4.69,0,2,5,30.55,0,417
424,2019,12,18,0730,-19.00,143.72,4.69,0,2,3,11.06,0,417
425,2019,12,18,0730,-19.02,145.68,4.69,0,2,5,22.15,0,425
426,2019,12,18,0730,-19.02,145.70,4.69,0,2,5,18.70,0,425
427,2019,12,18,0730,-19.02,145.72,4.69,0,2,3,9.12,0,425
428,2019,12,18,0730,-19.02,145.76,4.69,0,2,5,27.23,0,428
429,2019,12,18,0730,-19.04,145.68,4.69,0,2,3,7.93,0,425
430,2019,12,18,0730,-19.04,145.70,4.69,0,2,3,11.41,0,425
431,2019,12,18,0730,-19.06,145.68,4.68,0,2,3,11.95,0,425
432,2019,12,18,0730,-19.16,141.96,4.68,0,2,5,94.99,0,432
433,2019,12,18,0730,-19.16,141.98,4.68,0,2,5,40.54,0,432
434,2019,12,18,0730,-19.22,121.96,4.68,0,2,3,21.57,0,434
435,2019,12,18,0730,-19.22,146.04,4.68,0,2,3,19.94,0,435
436,2019,12,18,0730,-19.54,147.18,4.67,0,2,3,3.69,0,436
437,2019,12,18,0730,-19.76,121.88,4.66,0,2,5,83.13,0,439
438,2019,12,18,0730,-19.76,121.90,4.66,0,2,5,112.65,0,439
439,2019,12,18,0730,-19.78,121.90,4.66,0,2,5,185.59,0,439
440,2019,12,18,0730,-19.78,121.92,4.66,0,3,5,107.32,0,439
441,2019,12,18,0730,-19.80,121.88,4.66,0,2,5,110.80,0,439
442,2019,12,18,0730,-19.80,121.90,4.66,0,2,5,110.80,0,439
443,2019,12,18,0730,-19.80,121.92,4.66,0,2,5,90.80,0,439
444,2019,12,18,0730,-19.84,121.66,4.66,0,3,3,16.51,0,444
445,2019,12,18,0730,-19.86,121.64,4.66,0,3,3,16.41,0,445
446,2019,12,18,0730,-20.20,144.14,4.65,0,2,5,18.54,0,456
447,2019,12,18,0730,-20.20,144.18,4.65,0,1,3,40.01,0,456
448,2019,12,18,0730,-20.22,144.14,4.65,0,2,5,27.79,0,456
449,2019,12,18,0730,-20.22,144.16,4.65,0,2,5,47.84,0,456
450,2019,12,18,0730,-20.22,144.18,4.65,0,2,5,13.53,0,456
451,2019,12,18,0730,-20.22,144.20,4.65,0,2,5,14.83,0,456
452,2019,12,18,0730,-20.24,144.14,4.65,0,2,5,36.50,0,456
453,2019,12,18,0730,-20.24,144.16,4.65,0,2,5,28.53,0,456
454,2019,12,18,0730,-20.24,144.18,4.65,0,2,1,6.33,0,456
455,2019,12,18,0730,-20.26,144.12,4.65,0,2,5,19.88,0,456
456,2019,12,18,0730,-20.26,144.14,4.65,0,2,5,51.65,0,456
457,2019,12,18,0730,-20.26,144.16,4.65,0,2,5,17.82,0,456
458,2019,12,18,0730,-20.26,144.18,4.65,0,2,5,14.20,0,456
459,2019,12,18,0730,-21.94,148.98,4.60,0,2,3,16.88,0,459
460,2019,12,18,0730,-22.24,117.18,4.59,0,2,3,25.24,0,460
461,2019,12,18,0730,-22.60,150.38,4.58,0,2,3,3.55,0,462
462,2019,12,18,0730,-22.62,150.38,4.58,0,1,5,18.31,0,462
463,2019,12,18,0730,-22.62,150.40,4.58,0,2,5,8.79,0,462
464,2019,12,18,0730,-22.62,150.42,4.58,0,2,3,5.45,0,462
465,2019,12,18,0730,-22.64,150.38,4.57,0,2,5,11.05,0,462
466,2019,12,18,0730,-22.64,150.40,4.57,0,2,3,7.29,0,462
467,2019,12,18,0730,-22.64,150.42,4.57,0,2,5,6.10,0,462
468,2019,12,18,0730,-22.66,150.44,4.57,0,2,3,5.21,0,468
469,2019,12,18,0730,-22.94,149.92,4.56,0,2,5,8.60,0,473
470,2019,12,18,0730,-22.94,149.94,4.56,0,2,3,4.99,0,473
471,2019,12,18,0730,-22.96,149.92,4.56,0,2,5,13.40,0,473
472,2019,12,18,0730,-22.96,149.94,4.56,0,2,5,13.60,0,473
473,2019,12,18,0730,-22.98,149.92,4.56,0,2,5,18.82,0,473
474,2019,12,18,0730,-22.98,149.94,4.56,0,2,5,9.22,0,473
475,2019,12,18,0730,-23.00,117.24,4.56,0,2,1,28.49,0,475
476,2019,12,18,0730,-23.00,149.94,4.56,0,1,3,14.11,0,473
477,2019,12,18,0730,-24.02,146.38,4.53,0,3,3,3.42,0,480
478,2019,12,18,0730,-24.02,146.40,4.53,0,2,5,7.22,0,480
479,2019,12,18,0730,-24.04,146.38,4.53,0,3,5,4.67,0,480
480,2019,12,18,0730,-24.04,146.40,4.53,0,2,5,17.07,0,480
481,2019,12,18,0730,-24.20,150.94,4.52,0,2,5,12.56,0,481
482,2019,12,18,0730,-24.28,150.92,4.52,0,2,1,4.23,0,482
483,2019,12,18,0730,-24.46,151.26,4.51,0,2,3,5.87,0,485
484,2019,12,18,0730,-24.48,151.24,4.51,0,2,1,10.87,0,485
485,2019,12,18,0730,-24.48,151.26,4.51,0,2,5,25.66,0,485
486,2019,12,18,0730,-24.48,151.28,4.51,0,2,5,17.71,0,485
487,2019,12,18,0730,-24.50,151.24,4.51,0,2,3,9.49,0,485
488,2019,12,18,0730,-24.50,151.26,4.51,0,2,5,18.27,0,485
489,2019,12,18,0730,-24.50,151.28,4.51,0,2,5,17.34,0,485
490,2019,12,18,0730,-24.52,151.22,4.51,0,2,3,8.76,0,485
491,2019,12,18,0730,-24.52,151.24,4.51,0,2,5,13.22,0,485
492,2019,12,18,0730,-24.52,151.26,4.51,0,2,5,13.84,0,485
493,2019,12,18,0730,-24.52,151.74,4.51,0,2,3,9.80,0,499
494,2019,12,18,0730,-24.52,151.76,4.51,0,2,3,4.34,0,499
495,2019,12,18,0730,-24.54,151.72,4.51,0,2,5,26.33,0,499
496,2019,12,18,0730,-24.54,151.74,4.51,0,2,5,43.82,0,499
497,2019,12,18,0730,-24.54,151.76,4.51,0,2,3,4.34,0,499
498,2019,12,18,0730,-24.56,151.72,4.51,0,2,5,26.33,0,499
499,2019,12,18,0730,-24.56,151.74,4.51,0,2,5,43.82,0,499
500,2019,12,18,0730,-24.56,151.76,4.51,0,2,5,14.29,0,499
501,2019,12,18,0730,-24.56,151.78,4.51,0,2,3,6.50,0,499
502,2019,12,18,0730,-24.56,151.82,4.51,0,2,3,15.40,0,503
503,2019,12,18,0730,-24.56,151.84,4.51,0,2,5,17.97,0,503
504,2019,12,18,0730,-24.58,151.72,4.51,0,2,5,24.83,0,499
505,2019,12,18,0730,-24.58,151.74,4.51,0,2,5,33.15,0,499
506,2019,12,18,0730,-24.58,151.76,4.51,0,2,5,24.62,0,499
507,2019,12,18,0730,-24.58,151.84,4.51,0,2,3,6.56,0,503
508,2019,12,18,0730,-24.58,151.86,4.51,0,2,3,10.34,0,503
509,2019,12,18,0730,-24.60,151.74,4.51,0,2,1,5.33,0,499
510,2019,12,18,0730,-24.60,151.76,4.51,0,2,1,5.33,0,499
511,2019,12,18,0730,-24.60,151.78,4.51,0,2,3,7.23,0,499
512,2019,12,18,0730,-24.94,149.34,4.49,0,2,5,29.58,0,512
513,2019,12,18,0730,-24.94,149.36,4.49,0,2,5,15.93,0,512
514,2019,12,18,0730,-24.96,149.42,4.49,0,2,3,8.18,0,517
515,2019,12,18,0730,-24.98,149.40,4.49,0,2,5,31.55,0,517
516,2019,12,18,0730,-24.98,149.42,4.49,0,2,5,23.67,0,517
517,2019,12,18,0730,-25.00,149.40,4.49,0,2,5,38.99,0,517
518,2019,12,18,0730,-25.00,149.42,4.49,0,2,5,11.41,0,517
519,2019,12,18,0730,-25.04,152.16,4.49,0,2,3,8.39,0,523
520,2019,12,18,0730,-25.04,152.18,4.49,0,2,3,8.39,0,523
521,2019,12,18,0730,-25.06,152.16,4.49,0,2,5,12.72,0,523
522,2019,12,18,0730,-25.06,152.18,4.49,0,2,5,11.31,0,523
523,2019,12,18,0730,-25.08,152.16,4.49,0,2,5,20.14,0,523
524,2019,12,18,0730,-25.08,152.18,4.49,0,2,5,11.23,0,523
525,2019,12,18,0730,-25.12,151.80,4.49,0,2,5,44.43,0,527
526,2019,12,18,0730,-25.12,151.82,4.49,0,2,3,6.96,0,527
527,2019,12,18,0730,-25.14,151.80,4.49,0,2,5,56.31,0,527
528,2019,12,18,0730,-25.14,151.82,4.49,0,2,5,10.13,0,527
529,2019,12,18,0730,-25.16,151.80,4.49,0,1,5,36.33,0,527
530,2019,12,18,0730,-25.18,147.30,4.49,0,2,5,6.97,0,530
531,2019,12,18,0730,-25.20,147.32,4.48,0,2,5,5.80,0,531
532,2019,12,18,0730,-25.24,149.10,4.48,0,2,5,11.45,0,535
533,2019,12,18,0730,-25.24,149.12,4.48,0,2,5,6.86,0,535
534,2019,12,18,0730,-25.26,128.08,4.48,0,2,3,13.98,0,534
535,2019,12,18,0730,-25.26,149.10,4.48,0,2,5,11.45,0,535
536,2019,12,18,0730,-25.26,149.12,4.48,0,2,5,6.86,0,535
537,2019,12,18,0730,-25.32,128.04,4.48,0,2,5,39.68,0,537
538,2019,12,18,0730,-25.32,128.06,4.48,0,2,5,39.68,0,537
539,2019,12,18,0730,-25.52,150.84,4.47,0,2,5,17.05,0,546
540,2019,12,18,0730,-25.52,150.86,4.47,0,2,5,17.05,0,546
541,2019,12,18,0730,-25.54,150.84,4.47,0,2,3,7.15,0,546
542,2019,12,18,0730,-25.54,150.86,4.47,0,2,5,17.05,0,546
543,2019,12,18,0730,-25.56,150.84,4.47,0,2,3,7.15,0,546
544,2019,12,18,0730,-25.56,150.86,4.47,0,2,5,51.28,0,546
545,2019,12,18,0730,-25.56,150.88,4.47,0,2,5,44.71,0,546
546,2019,12,18,0730,-25.58,150.88,4.47,0,1,5,62.30,0,546
547,2019,12,18,0730,-25.76,151.00,4.46,0,1,3,16.28,0,551
548,2019,12,18,0730,-25.76,151.02,4.46,0,2,5,10.29,0,551
549,2019,12,18,0730,-25.76,151.06,4.46,0,2,3,8.44,0,549
550,2019,12,18,0730,-25.78,151.00,4.46,0,2,5,8.63,0,551
551,2019,12,18,0730,-25.78,151.02,4.46,0,2,5,18.39,0,551
552,2019,12,18,0730,-26.04,146.52,4.45,0,2,5,10.09,0,553
553,2019,12,18,0730,-26.06,146.52,4.45,0,2,5,10.09,0,553
554,2019,12,18,0730,-26.16,146.46,4.45,0,2,5,10.23,0,555
555,2019,12,18,0730,-26.16,146.48,4.45,0,2,5,13.49,0,555
556,2019,12,18,0730,-26.18,146.48,4.45,0,2,3,3.09,0,555
557,2019,12,18,0730,-26.18,146.50,4.45,0,2,3,3.09,0,555
558,2019,12,18,0730,-26.40,152.42,4.44,0,2,5,24.42,0,577
559,2019,12,18,0730,-26.40,152.44,4.44,0,2,5,24.42,0,577
560,2019,12,18,0730,-26.42,152.38,4.44,0,2,5,7.12,0,577
561,2019,12,18,0730,-26.42,152.40,4.44,0,2,3,7.12,0,577
562,2019,12,18,0730,-26.42,152.42,4.44,0,2,5,8.60,0,577
563,2019,12,18,0730,-26.42,152.44,4.44,0,2,5,32.83,0,577
564,2019,12,18,0730,-26.42,152.46,4.44,0,2,5,134.78,0,577
565,2019,12,18,0730,-26.42,152.48,4.44,0,2,5,8.85,0,577
566,2019,12,18,0730,-26.44,152.38,4.44,0,1,3,19.59,0,577
567,2019,12,18,0730,-26.44,152.40,4.44,0,2,5,13.33,0,577
568,2019,12,18,0730,-26.44,152.42,4.44,0,2,3,6.99,0,577
569,2019,12,18,0730,-26.44,152.46,4.44,0,2,5,90.11,0,577
570,2019,12,18,0730,-26.44,152.48,4.44,0,2,3,6.70,0,577
571,2019,12,18,0730,-26.46,152.38,4.44,0,2,3,6.19,0,577
572,2019,12,18,0730,-26.46,152.42,4.44,0,2,3,9.38,0,577
573,2019,12,18,0730,-26.46,152.44,4.44,0,2,5,10.25,0,577
574,2019,12,18,0730,-26.46,153.02,4.44,0,2,3,7.49,0,574
575,2019,12,18,0730,-26.48,152.34,4.44,0,2,3,6.88,0,577
576,2019,12,18,0730,-26.48,152.36,4.44,0,2,5,16.33,0,577
577,2019,12,18,0730,-26.48,152.38,4.44,0,1,5,137.83,0,577
578,2019,12,18,0730,-26.48,152.40,4.44,0,2,5,53.73,0,577
579,2019,12,18,0730,-26.48,152.42,4.44,0,2,5,22.53,0,577
580,2019,12,18,0730,-26.48,152.44,4.44,0,2,3,10.87,0,577
581,2019,12,18,0730,-26.50,152.34,4.44,0,2,3,7.38,0,577
582,2019,12,18,0730,-26.50,152.36,4.44,0,2,5,22.53,0,577
583,2019,12,18,0730,-26.50,152.38,4.44,0,2,5,67.65,0,577
584,2019,12,18,0730,-26.50,152.40,4.44,0,2,5,45.99,0,577
585,2019,12,18,0730,-26.50,152.42,4.44,0,1,5,26.88,0,577
586,2019,12,18,0730,-27.22,149.84,4.41,0,2,5,78.24,0,586
587,2019,12,18,0730,-27.22,149.86,4.41,0,2,5,18.68,0,586
588,2019,12,18,0730,-27.24,149.84,4.41,0,2,5,70.28,0,586
589,2019,12,18,0730,-27.24,149.86,4.41,0,2,5,19.34,0,586
590,2019,12,18,0730,-27.24,149.88,4.41,0,2,5,19.34,0,586
591,2019,12,18,0730,-27.26,149.86,4.41,0,2,3,8.19,0,586
592,2019,12,18,0730,-27.32,152.70,4.40,0,2,3,6.59,0,592
593,2019,12,18,0730,-27.34,150.86,4.40,0,1,5,23.18,0,600
594,2019,12,18,0730,-27.34,150.88,4.40,0,1,5,23.18,0,600
595,2019,12,18,0730,-27.34,150.90,4.40,0,2,3,7.55,0,600
596,2019,12,18,0730,-27.34,152.64,4.40,0,2,1,4.97,0,606
597,2019,12,18,0730,-27.34,152.66,4.40,0,2,5,17.55,0,606
598,2019,12,18,0730,-27.34,152.68,4.40,0,2,5,9.46,0,606
599,2019,12,18,0730,-27.36,150.86,4.40,0,2,5,8.44,0,600
600,2019,12,18,0730,-27.36,150.88,4.40,0,1,5,34.88,0,600
601,2019,12,18,0730,-27.36,152.66,4.40,0,2,5,28.07,0,606
602,2019,12,18,0730,-27.36,152.68,4.40,0,2,5,9.46,0,606
603,2019,12,18,0730,-27.38,150.86,4.40,0,2,3,9.40,0,600
604,2019,12,18,0730,-27.38,150.92,4.40,0,2,3,5.35,0,608
605,2019,12,18,0730,-27.38,150.94,4.40,0,2,3,4.38,0,608
606,2019,12,18,0730,-27.38,152.66,4.40,0,2,5,28.07,0,606
607,2019,12,18,0730,-27.38,152.68,4.40,0,2,5,9.34,0,606
608,2019,12,18,0730,-27.40,150.90,4.40,0,2,5,16.92,0,608
609,2019,12,18,0730,-27.40,150.92,4.40,0,2,3,5.22,0,608
610,2019,12,18,0730,-27.42,150.90,4.40,0,2,5,15.81,0,608
611,2019,12,18,0730,-27.60,128.56,4.39,0,2,3,24.41,0,614
612,2019,12,18,0730,-27.60,128.58,4.39,0,2,5,44.95,0,614
613,2019,12,18,0730,-27.62,128.56,4.39,0,3,3,14.02,0,614
614,2019,12,18,0730,-27.62,128.58,4.39,0,2,5,53.75,0,614
615,2019,12,18,0730,-27.86,128.38,4.38,0,2,3,20.67,0,615
616,2019,12,18,0730,-27.90,128.04,4.38,0,2,5,49.16,0,626
617,2019,12,18,0730,-27.90,128.06,4.38,0,2,5,33.54,0,626
618,2019,12,18,0730,-27.90,128.10,4.38,0,2,5,40.47,0,627
619,2019,12,18,0730,-27.90,128.12,4.38,0,2,3,29.57,0,627
620,2019,12,18,0730,-27.92,128.02,4.38,0,2,5,49.16,0,626
621,2019,12,18,0730,-27.92,128.04,4.38,0,2,5,49.16,0,626
622,2019,12,18,0730,-27.92,128.06,4.38,0,2,5,33.54,0,626
623,2019,12,18,0730,-27.92,128.10,4.38,0,2,5,40.47,0,627
624,2019,12,18,0730,-27.92,128.12,4.38,0,2,3,41.35,0,627
625,2019,12,18,0730,-27.94,128.02,4.38,0,2,5,185.11,0,626
626,2019,12,18,0730,-27.94,128.04,4.38,0,2,5,240.15,0,626
627,2019,12,18,0730,-27.94,128.10,4.38,0,2,5,91.64,0,627
628,2019,12,18,0730,-27.94,128.12,4.38,0,2,3,41.35,0,627
629,2019,12,18,0730,-27.96,128.02,4.38,0,2,5,66.62,0,626
630,2019,12,18,0730,-27.96,128.04,4.38,0,2,5,117.28,0,626
631,2019,12,18,0730,-28.10,129.06,4.37,0,2,5,58.50,0,636
632,2019,12,18,0730,-28.10,129.08,4.37,0,3,3,14.60,0,636
633,2019,12,18,0730,-28.12,129.06,4.37,0,2,5,58.50,0,636
634,2019,12,18,0730,-28.12,129.08,4.37,0,3,3,14.60,0,636
635,2019,12,18,0730,-28.14,129.04,4.37,0,2,5,35.52,0,636
636,2019,12,18,0730,-28.14,129.06,4.37,0,2,5,186.99,0,636
637,2019,12,18,0730,-28.14,129.08,4.37,0,2,5,50.63,0,636
638,2019,12,18,0730,-28.14,153.06,4.37,0,2,5,42.27,0,638
639,2019,12,18,0730,-28.14,153.08,4.37,0,2,3,5.52,0,638
640,2019,12,18,0730,-28.16,129.04,4.37,0,2,3,10.22,0,636
641,2019,12,18,0730,-28.16,129.06,4.37,0,2,5,54.17,0,636
642,2019,12,18,0730,-28.16,153.06,4.37,0,2,5,38.49,0,638
643,2019,12,18,0730,-28.16,153.08,4.37,0,2,3,3.99,0,638
644,2019,12,18,0730,-28.18,153.08,4.37,0,2,3,3.99,0,638
645,2019,12,18,0730,-28.22,152.52,4.37,0,2,1,5.63,0,648
646,2019,12,18,0730,-28.24,152.50,4.37,0,2,5,24.07,0,648
647,2019,12,18,0730,-28.24,152.52,4.37,0,2,5,25.04,0,648
648,2019,12,18,0730,-28.24,152.54,4.37,0,2,5,25.04,0,648
649,2019,12,18,0730,-28.26,152.52,4.37,0,2,3,8.47,0,648
650,2019,12,18,0730,-28.26,152.54,4.37,0,2,5,13.27,0,648
651,2019,12,18,0730,-28.28,152.52,4.36,0,3,3,5.14,0,648
652,2019,12,18,0730,-28.30,152.52,4.36,0,3,3,5.14,0,648
653,2019,12,18,0730,-28.32,152.50,4.36,0,2,3,9.26,0,648
654,2019,12,18,0730,-28.32,152.52,4.36,0,2,5,14.05,0,648
655,2019,12,18,0730,-28.58,152.30,4.35,0,2,3,8.45,0,657
656,2019,12,18,0730,-28.60,152.28,4.35,0,2,3,8.88,0,657
657,2019,12,18,0730,-28.60,152.30,4.35,0,2,5,26.23,0,657
658,2019,12,18,0730,-28.60,152.32,4.35,0,2,5,10.15,0,657
659,2019,12,18,0730,-28.62,152.28,4.35,0,2,3,5.36,0,657
660,2019,12,18,0730,-28.62,152.30,4.35,0,2,3,6.91,0,657
661,2019,12,18,0730,-28.64,152.26,4.35,0,2,1,3.33,0,657
662,2019,12,18,0730,-28.64,152.28,4.35,0,2,3,6.65,0,657
663,2019,12,18,0730,-28.70,152.20,4.35,0,1,5,56.27,0,665
664,2019,12,18,0730,-28.72,152.18,4.35,0,2,5,42.05,0,665
665,2019,12,18,0730,-28.72,152.20,4.35,0,2,5,81.34,0,665
666,2019,12,18,0730,-28.72,152.22,4.35,0,2,3,7.38,0,665
667,2019,12,18,0730,-28.74,152.18,4.35,0,2,5,30.46,0,665
668,2019,12,18,0730,-28.74,152.20,4.35,0,2,5,32.53,0,665
669,2019,12,18,0730,-28.74,152.22,4.35,0,1,3,11.11,0,665
670,2019,12,18,0730,-28.74,152.24,4.35,0,1,3,11.11,0,665
671,2019,12,18,0730,-28.76,152.20,4.35,0,2,5,32.53,0,665
672,2019,12,18,0730,-28.76,152.22,4.35,0,2,5,32.53,0,665
673,2019,12,18,0730,-28.76,152.24,4.35,0,1,3,11.11,0,665
674,2019,12,18,0730,-28.78,152.24,4.34,0,2,3,4.73,0,665
675,2019,12,18,0730,-28.78,152.26,4.34,0,2,3,3.42,0,665
676,2019,12,18,0730,-28.78,152.40,4.34,0,2,3,4.49,0,680
677,2019,12,18,0730,-28.78,152.48,4.34,0,1,5,13.22,0,677
678,2019,12,18,0730,-28.78,152.52,4.34,0,2,3,3.71,0,678
679,2019,12,18,0730,-28.80,152.26,4.34,0,2,3,6.70,0,665
680,2019,12,18,0730,-28.80,152.36,4.34,0,2,3,8.26,0,680
681,2019,12,18,0730,-28.80,152.38,4.34,0,2,5,7.91,0,680
682,2019,12,18,0730,-28.80,152.40,4.34,0,2,3,4.99,0,680
683,2019,12,18,0730,-28.80,152.42,4.34,0,2,3,4.99,0,680
684,2019,12,18,0730,-28.80,152.48,4.34,0,2,3,3.86,0,677
685,2019,12,18,0730,-28.82,152.26,4.34,0,2,5,12.46,0,665
686,2019,12,18,0730,-28.82,152.32,4.34,0,2,5,17.98,0,692
687,2019,12,18,0730,-28.82,152.34,4.34,0,2,5,11.12,0,692
688,2019,12,18,0730,-28.84,124.64,4.34,0,2,5,42.27,0,694
689,2019,12,18,0730,-28.84,124.66,4.34,0,2,5,44.95,0,694
690,2019,12,18,0730,-28.84,124.68,4.34,0,2,5,44.95,0,694
691,2019,12,18,0730,-28.84,152.26,4.34,0,2,5,20.29,0,665
692,2019,12,18,0730,-28.84,152.30,4.34,0,1,5,73.86,0,692
693,2019,12,18,0730,-28.84,152.32,4.34,0,2,5,16.76,0,692
694,2019,12,18,0730,-28.86,124.64,4.34,0,1,3,100.74,0,694
695,2019,12,18,0730,-28.86,124.66,4.34,0,2,5,49.04,0,694
696,2019,12,18,0730,-28.86,152.28,4.34,0,2,5,13.75,0,692
697,2019,12,18,0730,-28.86,152.30,4.34,0,2,5,25.58,0,692
698,2019,12,18,0730,-28.86,152.32,4.34,0,2,5,25.58,0,692
699,2019,12,18,0730,-28.86,152.34,4.34,0,2,5,11.26,0,692
700,2019,12,18,0730,-29.10,152.24,4.33,0,3,3,3.46,0,708
701,2019,12,18,0730,-29.12,150.78,4.33,0,2,3,32.52,0,702
702,2019,12,18,0730,-29.12,150.80,4.33,0,2,5,62.19,0,702
703,2019,12,18,0730,-29.12,150.82,4.33,0,2,5,62.19,0,702
704,2019,12,18,0730,-29.12,150.84,4.33,0,2,5,29.07,0,702
705,2019,12,18,0730,-29.12,152.24,4.33,0,2,3,4.68,0,708
706,2019,12,18,0730,-29.14,150.82,4.33,0,2,5,26.40,0,702
707,2019,12,18,0730,-29.14,150.84,4.33,0,2,3,8.17,0,702
708,2019,12,18,0730,-29.14,152.24,4.33,0,2,3,4.69,0,708
709,2019,12,18,0730,-29.26,128.30,4.32,0,2,3,40.14,0,709
710,2019,12,18,0730,-29.28,128.32,4.32,0,2,3,50.81,0,711
711,2019,12,18,0730,-29.28,128.34,4.32,0,2,5,62.21,0,711
712,2019,12,18,0730,-29.28,152.12,4.32,0,2,5,190.43,0,712
713,2019,12,18,0730,-29.28,152.14,4.32,0,2,5,106.95,0,712
714,2019,12,18,0730,-29.28,152.20,4.32,0,2,3,11.64,0,714
715,2019,12,18,0730,-29.30,152.06,4.32,0,2,5,10.79,0,745
716,2019,12,18,0730,-29.30,152.08,4.32,0,2,5,22.66,0,712
717,2019,12,18,0730,-29.30,152.10,4.32,0,2,5,103.32,0,712
718,2019,12,18,0730,-29.30,152.12,4.32,0,2,5,73.63,0,712
719,2019,12,18,0730,-29.30,152.14,4.32,0,2,5,26.82,0,712
720,2019,12,18,0730,-29.30,152.16,4.32,0,2,5,26.82,0,712
721,2019,12,18,0730,-29.30,152.18,4.32,0,2,3,9.56,0,712
722,2019,12,18,0730,-29.32,152.04,4.32,0,2,5,11.34,0,745
723,2019,12,18,0730,-29.32,152.06,4.32,0,2,5,34.35,0,745
724,2019,12,18,0730,-29.32,152.08,4.32,0,2,5,19.32,0,712
725,2019,12,18,0730,-29.32,152.18,4.32,0,2,5,23.25,0,712
726,2019,12,18,0730,-29.32,152.20,4.32,0,1,3,28.03,0,712
727,2019,12,18,0730,-29.34,152.00,4.32,0,2,5,50.57,0,745
728,2019,12,18,0730,-29.34,152.02,4.32,0,2,5,8.23,0,745
729,2019,12,18,0730,-29.34,152.04,4.32,0,2,5,52.84,0,745
730,2019,12,18,0730,-29.34,152.06,4.32,0,2,5,65.01,0,745
731,2019,12,18,0730,-29.34,152.18,4.32,0,2,5,23.25,0,712
732,2019,12,18,0730,-29.34,152.20,4.32,0,1,3,28.03,0,712
733,2019,12,18,0730,-29.36,152.00,4.32,0,1,5,68.06,0,745
734,2019,12,18,0730,-29.36,152.02,4.32,0,1,3,15.67,0,745
735,2019,12,18,0730,-29.36,152.04,4.32,0,2,5,52.84,0,745
736,2019,12,18,0730,-29.36,152.06,4.32,0,2,5,52.84,0,745
737,2019,12,18,0730,-29.36,152.08,4.32,0,2,5,65.01,0,745
738,2019,12,18,0730,-29.36,152.16,4.32,0,2,5,12.51,0,738
739,2019,12,18,0730,-29.36,152.50,4.32,0,2,3,5.06,0,752
740,2019,12,18,0730,-29.36,152.52,4.32,0,2,5,8.10,0,752
741,2019,12,18,0730,-29.38,152.00,4.32,0,1,5,68.06,0,745
742,2019,12,18,0730,-29.38,152.02,4.32,0,1,3,15.67,0,745
743,2019,12,18,0730,-29.38,152.04,4.32,0,1,3,15.67,0,745
744,2019,12,18,0730,-29.38,152.06,4.32,0,2,5,29.29,0,745
745,2019,12,18,0730,-29.38,152.08,4.32,0,2,5,78.67,0,745
746,2019,12,18,0730,-29.38,152.10,4.32,0,2,5,27.65,0,745
747,2019,12,18,0730,-29.38,152.12,4.32,0,2,5,22.85,0,745
748,2019,12,18,0730,-29.38,152.14,4.32,0,2,5,21.44,0,745
749,2019,12,18,0730,-29.38,152.26,4.32,0,2,5,19.44,0,750
750,2019,12,18,0730,-29.38,152.28,4.32,0,2,5,19.44,0,750
751,2019,12,18,0730,-29.38,152.30,4.32,0,2,3,6.08,0,750
752,2019,12,18,0730,-29.38,152.50,4.32,0,2,5,25.43,0,752
753,2019,12,18,0730,-29.38,152.52,4.32,0,2,5,12.54,0,752
754,2019,12,18,0730,-29.38,152.54,4.32,0,2,5,12.54,0,752
755,2019,12,18,0730,-29.40,152.10,4.32,0,2,5,13.64,0,745
756,2019,12,18,0730,-29.40,152.24,4.32,0,3,3,4.10,0,750
757,2019,12,18,0730,-29.40,152.26,4.32,0,3,3,4.10,0,750
758,2019,12,18,0730,-29.40,152.28,4.32,0,2,5,12.22,0,750
759,2019,12,18,0730,-29.40,152.30,4.32,0,2,5,16.71,0,750
760,2019,12,18,0730,-29.40,152.52,4.32,0,2,5,14.74,0,752
761,2019,12,18,0730,-29.42,152.20,4.32,0,2,5,11.61,0,762
762,2019,12,18,0730,-29.42,152.22,4.32,0,2,5,11.61,0,762
763,2019,12,18,0730,-29.42,152.30,4.32,0,2,5,18.48,0,750
764,2019,12,18,0730,-29.44,152.30,4.32,0,2,3,10.92,0,750
765,2019,12,18,0730,-29.46,151.96,4.32,0,2,5,7.06,0,771
766,2019,12,18,0730,-29.46,151.98,4.32,0,2,5,12.86,0,766
767,2019,12,18,0730,-29.46,152.00,4.32,0,2,3,6.62,0,766
768,2019,12,18,0730,-29.46,152.18,4.32,0,2,5,39.81,0,773
769,2019,12,18,0730,-29.46,152.20,4.32,0,2,5,18.86,0,773
770,2019,12,18,0730,-29.48,151.94,4.31,0,2,3,5.75,0,771
771,2019,12,18,0730,-29.48,151.96,4.31,0,2,5,13.05,0,771
772,2019,12,18,0730,-29.48,152.10,4.31,0,2,5,15.21,0,772
773,2019,12,18,0730,-29.48,152.16,4.31,0,2,5,102.71,0,773
774,2019,12,18,0730,-29.48,152.18,4.31,0,2,5,98.07,0,773
775,2019,12,18,0730,-29.50,152.02,4.31,0,1,5,39.58,0,780
776,2019,12,18,0730,-29.50,152.12,4.31,0,2,5,17.03,0,773
777,2019,12,18,0730,-29.50,152.14,4.31,0,2,5,8.40,0,773
778,2019,12,18,0730,-29.50,152.16,4.31,0,2,5,58.58,0,773
779,2019,12,18,0730,-29.50,152.18,4.31,0,2,5,50.72,0,773
780,2019,12,18,0730,-29.52,151.98,4.31,0,2,5,56.92,0,780
781,2019,12,18,0730,-29.52,152.00,4.31,0,2,5,53.03,0,780
782,2019,12,18,0730,-29.52,152.02,4.31,0,2,5,11.11,0,780
783,2019,12,18,0730,-29.52,152.18,4.31,0,2,5,50.72,0,773
784,2019,12,18,0730,-29.54,151.98,4.31,0,2,5,14.57,0,780
785,2019,12,18,0730,-29.54,152.00,4.31,0,2,5,11.06,0,780
786,2019,12,18,0730,-29.56,151.98,4.31,0,2,5,14.57,0,780
787,2019,12,18,0730,-29.56,152.00,4.31,0,2,5,11.06,0,780
788,2019,12,18,0730,-29.56,152.02,4.31,0,2,5,11.06,0,780
789,2019,12,18,0730,-29.68,118.60,4.31,0,3,3,3.59,0,802
790,2019,12,18,0730,-29.68,118.62,4.31,0,3,3,4.07,0,802
791,2019,12,18,0730,-29.70,118.56,4.31,0,3,1,3.26,0,802
792,2019,12,18,0730,-29.70,118.58,4.31,0,3,3,3.44,0,802
793,2019,12,18,0730,-29.70,118.60,4.31,0,3,3,3.44,0,802
794,2019,12,18,0730,-29.70,118.62,4.31,0,3,3,4.71,0,802
795,2019,12,18,0730,-29.70,118.64,4.31,0,3,3,3.51,0,802
796,2019,12,18,0730,-29.70,118.66,4.31,0,3,3,4.16,0,802
797,2019,12,18,0730,-29.70,118.68,4.31,0,3,3,3.14,0,802
798,2019,12,18,0730,-29.72,118.56,4.30,0,3,3,3.26,0,802
799,2019,12,18,0730,-29.72,118.58,4.30,0,3,3,3.44,0,802
800,2019,12,18,0730,-29.72,118.60,4.30,0,3,3,4.71,0,802
801,2019,12,18,0730,-29.72,118.66,4.30,0,3,3,3.70,0,802
802,2019,12,18,0730,-29.72,118.68,4.30,0,3,3,5.41,0,802
803,2019,12,18,0730,-29.74,118.58,4.30,0,3,3,3.66,0,802
804,2019,12,18,0730,-29.74,118.60,4.30,0,3,3,3.38,0,802
805,2019,12,18,0730,-29.74,118.64,4.30,0,3,3,3.70,0,802
806,2019,12,18,0730,-29.74,118.66,4.30,0,3,3,3.70,0,802
807,2019,12,18,0730,-29.74,118.68,4.30,0,3,3,2.82,0,802
808,2019,12,18,0730,-29.76,118.58,4.30,0,3,3,3.22,0,802
809,2019,12,18,0730,-29.76,118.66,4.30,0,3,3,2.82,0,802
810,2019,12,18,0730,-29.76,118.70,4.30,0,3,1,2.72,0,810
811,2019,12,18,0730,-29.80,118.60,4.30,0,3,3,2.42,0,811
812,2019,12,18,0730,-29.80,118.62,4.30,0,3,3,2.42,0,811
813,2019,12,18,0730,-29.80,118.64,4.30,0,3,1,1.81,0,811
814,2019,12,18,0730,-29.80,118.74,4.30,0,2,5,68.01,0,818
815,2019,12,18,0730,-29.80,118.76,4.30,0,2,5,68.01,0,818
816,2019,12,18,0730,-29.80,118.78,4.30,0,2,5,71.53,0,818
817,2019,12,18,0730,-29.82,118.74,4.30,0,2,5,10.37,0,818
818,2019,12,18,0730,-29.82,118.76,4.30,0,2,5,196.67,0,818
819,2019,12,18,0730,-29.82,118.78,4.30,0,2,5,196.67,0,818
820,2019,12,18,0730,-29.82,118.80,4.30,0,2,5,20.14,0,818
821,2019,12,18,0730,-29.84,118.70,4.30,0,3,3,5.33,0,818
822,2019,12,18,0730,-29.84,118.72,4.30,0,3,3,5.27,0,818
823,2019,12,18,0730,-29.84,118.74,4.30,0,3,3,3.58,0,818
824,2019,12,18,0730,-29.84,118.76,4.30,0,2,5,19.32,0,818
825,2019,12,18,0730,-29.86,118.68,4.30,0,3,3,3.52,0,818
826,2019,12,18,0730,-29.86,118.70,4.30,0,3,3,3.64,0,818
827,2019,12,18,0730,-29.86,118.72,4.30,0,3,3,3.64,0,818
828,2019,12,18,0730,-30.00,150.96,4.29,0,1,5,71.04,0,828
829,2019,12,18,0730,-30.00,150.98,4.29,0,2,5,24.11,0,828
830,2019,12,18,0730,-30.02,118.02,4.29,0,2,5,19.26,0,830
831,2019,12,18,0730,-30.02,150.94,4.29,0,2,5,33.59,0,828
832,2019,12,18,0730,-30.02,150.96,4.29,0,2,5,48.34,0,828
833,2019,12,18,0730,-30.02,150.98,4.29,0,2,5,14.84,0,828
834,2019,12,18,0730,-30.04,118.02,4.29,0,2,3,6.11,0,830
835,2019,12,18,0730,-30.06,118.02,4.29,0,2,3,6.11,0,830
836,2019,12,18,0730,-30.08,118.04,4.29,0,2,3,5.13,0,836
837,2019,12,18,0730,-30.08,150.32,4.29,0,2,5,18.05,0,837
838,2019,12,18,0730,-30.12,150.28,4.29,0,2,5,9.82,0,839
839,2019,12,18,0730,-30.12,150.30,4.29,0,2,5,37.44,0,839
840,2019,12,18,0730,-30.12,150.90,4.29,0,2,5,18.40,0,840
841,2019,12,18,0730,-30.12,151.88,4.29,0,1,3,31.29,0,843
842,2019,12,18,0730,-30.12,151.90,4.29,0,2,5,67.88,0,843
843,2019,12,18,0730,-30.12,151.92,4.29,0,2,5,67.88,0,843
844,2019,12,18,0730,-30.12,151.94,4.29,0,2,5,27.79,0,843
845,2019,12,18,0730,-30.14,150.90,4.29,0,2,5,16.67,0,840
846,2019,12,18,0730,-30.14,151.92,4.29,0,2,5,26.16,0,843
847,2019,12,18,0730,-30.14,151.94,4.29,0,2,5,15.47,0,843
848,2019,12,18,0730,-30.18,150.30,4.28,0,2,5,21.62,0,848
849,2019,12,18,0730,-30.26,150.32,4.28,0,2,3,19.33,0,849
850,2019,12,18,0730,-30.30,151.28,4.28,0,2,5,11.20,0,854
851,2019,12,18,0730,-30.30,151.30,4.28,0,2,5,22.77,0,854
852,2019,12,18,0730,-30.30,151.32,4.28,0,1,5,24.93,0,852
853,2019,12,18,0730,-30.32,151.26,4.28,0,2,1,6.97,0,854
854,2019,12,18,0730,-30.32,151.28,4.28,0,2,5,45.74,0,854
855,2019,12,18,0730,-30.32,151.30,4.28,0,2,5,38.64,0,854
856,2019,12,18,0730,-30.34,151.00,4.28,0,2,3,6.79,0,856
857,2019,12,18,0730,-30.34,151.02,4.28,0,2,3,4.91,0,856
858,2019,12,18,0730,-30.34,151.28,4.28,0,2,3,10.79,0,854
859,2019,12,18,0730,-30.34,151.30,4.28,0,2,5,12.01,0,854
860,2019,12,18,0730,-30.36,151.28,4.28,0,2,3,10.79,0,854
861,2019,12,18,0730,-30.36,151.30,4.28,0,2,5,12.01,0,854
862,2019,12,18,0730,-30.36,151.34,4.28,0,2,5,34.46,0,862
863,2019,12,18,0730,-30.36,151.36,4.28,0,2,5,34.46,0,862
864,2019,12,18,0730,-30.38,151.36,4.28,0,2,5,24.77,0,862
865,2019,12,18,0730,-30.42,123.12,4.27,0,2,5,207.20,0,865
866,2019,12,18,0730,-30.42,123.14,4.27,0,2,5,125.82,0,865
867,2019,12,18,0730,-30.44,123.12,4.27,0,2,5,93.07,0,865
868,2019,12,18,0730,-30.44,123.14,4.27,0,1,5,84.60,0,865
869,2019,12,18,0730,-30.54,150.92,4.27,0,2,5,10.55,0,872
870,2019,12,18,0730,-30.54,150.96,4.27,0,2,5,20.16,0,873
871,2019,12,18,0730,-30.54,150.98,4.27,0,2,5,15.91,0,873
872,2019,12,18,0730,-30.56,150.92,4.27,0,2,5,10.55,0,872
873,2019,12,18,0730,-30.56,150.96,4.27,0,2,5,20.16,0,873
874,2019,12,18,0730,-30.56,150.98,4.27,0,2,5,15.91,0,873
875,2019,12,18,0730,-30.58,151.04,4.27,0,2,5,16.28,0,876
876,2019,12,18,0730,-30.58,151.06,4.27,0,2,5,16.28,0,876
877,2019,12,18,0730,-30.58,151.08,4.27,0,2,5,6.86,0,876
878,2019,12,18,0730,-30.60,151.08,4.27,0,2,5,11.62,0,876
879,2019,12,18,0730,-30.60,152.40,4.27,0,2,3,10.79,0,879
880,2019,12,18,0730,-30.62,151.00,4.27,0,2,5,72.53,0,883
881,2019,12,18,0730,-30.62,151.02,4.27,0,2,5,72.53,0,883
882,2019,12,18,0730,-30.62,151.04,4.27,0,2,5,67.46,0,883
883,2019,12,18,0730,-30.64,151.02,4.26,0,1,5,100.10,0,883
884,2019,12,18,0730,-30.64,151.04,4.26,0,2,5,48.86,0,883
885,2019,12,18,0730,-30.64,151.06,4.26,0,2,3,4.62,0,883
886,2019,12,18,0730,-30.64,151.08,4.26,0,2,3,7.56,0,883
887,2019,12,18,0730,-30.66,151.94,4.26,0,2,5,11.23,0,892
888,2019,12,18,0730,-30.66,151.96,4.26,0,2,3,11.94,0,892
889,2019,12,18,0730,-30.66,152.10,4.26,0,2,5,31.17,0,889
890,2019,12,18,0730,-30.66,152.12,4.26,0,2,5,25.34,0,889
891,2019,12,18,0730,-30.68,151.94,4.26,0,2,5,15.67,0,892
892,2019,12,18,0730,-30.68,151.96,4.26,0,2,5,19.88,0,892
893,2019,12,18,0730,-30.68,152.10,4.26,0,2,5,16.47,0,889
894,2019,12,18,0730,-30.68,152.12,4.26,0,2,5,26.54,0,889
895,2019,12,18,0730,-30.70,152.06,4.26,0,2,5,22.21,0,900
896,2019,12,18,0730,-30.70,152.08,4.26,0,2,5,18.00,0,900
897,2019,12,18,0730,-30.70,152.58,4.26,0,2,3,5.30,0,897
898,2019,12,18,0730,-30.72,152.06,4.26,0,2,5,22.21,0,900
899,2019,12,18,0730,-30.72,152.08,4.26,0,2,5,18.00,0,900
900,2019,12,18,0730,-30.74,152.06,4.26,0,1,3,29.89,0,900
901,2019,12,18,0730,-30.78,119.70,4.26,0,2,5,270.74,0,905
902,2019,12,18,0730,-30.78,119.72,4.26,0,2,5,264.93,0,905
903,2019,12,18,0730,-30.80,119.70,4.26,0,2,5,297.88,0,905
904,2019,12,18,0730,-30.80,119.72,4.26,0,2,5,287.20,0,905
905,2019,12,18,0730,-30.82,119.68,4.26,0,2,5,297.89,0,905
906,2019,12,18,0730,-30.82,119.70,4.26,0,2,5,297.89,0,905
907,2019,12,18,0730,-30.82,119.72,4.26,0,2,5,287.21,0,905
908,2019,12,18,0730,-30.82,119.74,4.26,0,2,3,16.55,0,905
909,2019,12,18,0730,-30.84,119.70,4.26,0,2,5,69.59,0,905
910,2019,12,18,0730,-30.84,119.72,4.26,0,2,3,16.55,0,905
911,2019,12,18,0730,-30.84,119.74,4.26,0,2,3,16.55,0,905
912,2019,12,18,0730,-30.86,119.70,4.25,0,1,3,28.37,0,905
913,2019,12,18,0730,-31.30,151.84,4.24,0,2,5,19.26,0,940
914,2019,12,18,0730,-31.32,151.76,4.23,0,2,3,15.29,0,940
915,2019,12,18,0730,-31.32,151.78,4.23,0,2,5,25.57,0,940
916,2019,12,18,0730,-31.32,151.80,4.23,0,2,3,14.52,0,940
917,2019,12,18,0730,-31.32,151.82,4.23,0,2,5,53.66,0,940
918,2019,12,18,0730,-31.32,151.84,4.23,0,2,5,53.66,0,940
919,2019,12,18,0730,-31.32,151.86,4.23,0,2,5,31.51,0,940
920,2019,12,18,0730,-31.34,151.34,4.23,0,2,1,7.65,0,944
921,2019,12,18,0730,-31.34,151.74,4.23,0,2,5,19.91,0,940
922,2019,12,18,0730,-31.34,151.76,4.23,0,2,5,37.57,0,940
923,2019,12,18,0730,-31.34,151.78,4.23,0,2,5,32.50,0,940
924,2019,12,18,0730,-31.34,151.80,4.23,0,2,5,17.28,0,940
925,2019,12,18,0730,-31.34,151.82,4.23,0,2,5,17.28,0,940
926,2019,12,18,0730,-31.34,151.84,4.23,0,2,5,66.89,0,940
927,2019,12,18,0730,-31.34,151.86,4.23,0,2,5,57.11,0,940
928,2019,12,18,0730,-31.34,151.88,4.23,0,2,5,22.00,0,940
929,2019,12,18,0730,-31.36,151.24,4.23,0,2,1,27.56,0,944
930,2019,12,18,0730,-31.36,151.26,4.23,0,2,1,19.27,0,944
931,2019,12,18,0730,-31.36,151.28,4.23,0,2,1,17.86,0,944
932,2019,12,18,0730,-31.36,151.30,4.23,0,2,1,33.00,0,944
933,2019,12,18,0730,-31.36,151.32,4.23,0,2,1,20.51,0,944
934,2019,12,18,0730,-31.36,151.34,4.23,0,2,1,15.59,0,944
935,2019,12,18,0730,-31.36,151.36,4.23,0,2,1,11.17,0,944
936,2019,12,18,0730,-31.36,151.38,4.23,0,2,1,11.17,0,944
937,2019,12,18,0730,-31.36,151.78,4.23,0,2,5,34.12,0,940
938,2019,12,18,0730,-31.36,151.80,4.23,0,2,5,32.50,0,940
939,2019,12,18,0730,-31.36,151.82,4.23,0,2,5,17.28,0,940
940,2019,12,18,0730,-31.36,151.84,4.23,0,2,5,66.89,0,940
941,2019,12,18,0730,-31.36,151.86,4.23,0,2,5,57.11,0,940
942,2019,12,18,0730,-31.36,151.88,4.23,0,2,5,22.00,0,940
943,2019,12,18,0730,-31.38,151.22,4.23,0,2,1,29.69,0,944
944,2019,12,18,0730,-31.38,151.24,4.23,0,2,1,136.17,0,944
945,2019,12,18,0730,-31.38,151.26,4.23,0,2,5,48.63,0,944
946,2019,12,18,0730,-31.38,151.30,4.23,0,2,1,42.53,0,944
947,2019,12,18,0730,-31.38,151.32,4.23,0,2,1,46.35,0,944
948,2019,12,18,0730,-31.38,151.34,4.23,0,2,1,24.27,0,944
949,2019,12,18,0730,-31.38,151.36,4.23,0,2,1,24.27,0,944
950,2019,12,18,0730,-31.38,151.38,4.23,0,2,1,30.60,0,944
951,2019,12,18,0730,-31.38,151.40,4.23,0,2,1,19.79,0,944
952,2019,12,18,0730,-31.38,151.80,4.23,0,2,5,34.12,0,940
953,2019,12,18,0730,-31.38,151.86,4.23,0,2,5,42.77,0,940
954,2019,12,18,0730,-31.38,151.88,4.23,0,2,3,16.78,0,940
955,2019,12,18,0730,-31.40,150.82,4.23,0,2,3,17.25,0,955
956,2019,12,18,0730,-31.40,151.24,4.23,0,2,1,92.79,0,944
957,2019,12,18,0730,-31.40,151.26,4.23,0,2,5,29.52,0,944
958,2019,12,18,0730,-31.40,151.36,4.23,0,2,1,29.82,0,944
959,2019,12,18,0730,-31.40,151.38,4.23,0,2,1,57.28,0,944
960,2019,12,18,0730,-31.40,151.40,4.23,0,2,1,49.07,0,944
961,2019,12,18,0730,-31.40,151.42,4.23,0,2,3,8.33,0,944
962,2019,12,18,0730,-31.42,151.28,4.23,0,2,1,7.09,0,969
963,2019,12,18,0730,-31.42,151.30,4.23,0,2,3,8.18,0,969
964,2019,12,18,0730,-31.42,151.32,4.23,0,2,3,8.18,0,969
965,2019,12,18,0730,-31.42,151.36,4.23,0,2,1,29.82,0,944
966,2019,12,18,0730,-31.42,151.38,4.23,0,2,1,57.28,0,944
967,2019,12,18,0730,-31.42,151.40,4.23,0,2,1,49.07,0,944
968,2019,12,18,0730,-31.42,151.42,4.23,0,2,3,8.33,0,944
969,2019,12,18,0730,-31.44,151.32,4.23,0,2,3,8.18,0,969
970,2019,12,18,0730,-31.44,151.40,4.23,0,2,5,49.28,0,944
971,2019,12,18,0730,-31.46,152.06,4.23,0,2,3,21.65,0,974
972,2019,12,18,0730,-31.46,152.08,4.23,0,2,3,21.65,0,974
973,2019,12,18,0730,-31.46,152.10,4.23,0,2,3,10.26,0,974
974,2019,12,18,0730,-31.48,152.08,4.23,0,2,3,21.70,0,974
975,2019,12,18,0730,-31.48,152.10,4.23,0,2,3,10.26,0,974
976,2019,12,18,0730,-31.52,146.48,4.23,0,2,3,30.96,0,980
977,2019,12,18,0730,-31.52,146.50,4.23,0,2,3,23.23,0,980
978,2019,12,18,0730,-31.52,151.66,4.23,0,2,5,26.42,0,986
979,2019,12,18,0730,-31.52,151.68,4.23,0,2,3,11.73,0,986
980,2019,12,18,0730,-31.54,146.48,4.22,0,1,3,97.94,0,980
981,2019,12,18,0730,-31.54,146.50,4.22,0,2,5,47.81,0,980
982,2019,12,18,0730,-31.54,151.66,4.22,0,2,5,26.42,0,986
983,2019,12,18,0730,-31.54,151.68,4.22,0,2,3,11.73,0,986
984,2019,12,18,0730,-31.56,151.64,4.22,0,2,5,29.22,0,986
985,2019,12,18,0730,-31.56,151.66,4.22,0,2,5,38.57,0,986
986,2019,12,18,0730,-31.56,151.68,4.22,0,2,5,38.64,0,986
987,2019,12,18,0730,-31.58,151.64,4.22,0,1,3,36.76,0,986
988,2019,12,18,0730,-31.58,151.66,4.22,0,2,5,28.46,0,986
989,2019,12,18,0730,-31.58,151.68,4.22,0,2,5,22.00,0,986
990,2019,12,18,0730,-31.58,152.14,4.22,0,2,3,12.03,0,991
991,2019,12,18,0730,-31.58,152.16,4.22,0,2,3,12.74,0,991
992,2019,12,18,0730,-31.60,152.16,4.22,0,2,3,9.88,0,991
993,2019,12,18,0730,-31.62,152.16,4.22,0,2,3,9.88,0,991
994,2019,12,18,0730,-31.64,150.98,4.22,0,2,5,25.53,0,994
995,2019,12,18,0730,-31.64,151.18,4.22,0,2,3,10.34,0,995
996,2019,12,18,0730,-31.64,152.10,4.22,0,2,3,16.80,0,1001
997,2019,12,18,0730,-31.64,152.12,4.22,0,2,5,17.65,0,1001
998,2019,12,18,0730,-31.66,151.14,4.22,0,2,3,16.27,0,1003
999,2019,12,18,0730,-31.66,151.16,4.22,0,2,5,20.03,0,1003
1000,2019,12,18,0730,-31.66,152.10,4.22,0,2,3,18.98,0,1001
1001,2019,12,18,0730,-31.66,152.12,4.22,0,2,5,45.64,0,1001
1002,2019,12,18,0730,-31.66,152.14,4.22,0,2,5,29.54,0,1001
1003,2019,12,18,0730,-31.68,151.16,4.22,0,2,3,25.14,0,1003
1004,2019,12,18,0730,-32.16,121.38,4.20,0,3,3,11.54,0,1004
1005,2019,12,18,0730,-32.16,121.42,4.20,0,2,5,57.33,0,1012
1006,2019,12,18,0730,-32.16,121.44,4.20,0,2,5,57.26,0,1012
1007,2019,12,18,0730,-32.18,121.40,4.20,0,2,5,348.79,1,1012
1008,2019,12,18,0730,-32.18,121.42,4.20,0,2,5,369.82,0,1012
1009,2019,12,18,0730,-32.18,121.52,4.20,0,2,5,47.67,0,1021
1010,2019,12,18,0730,-32.18,121.54,4.20,0,2,5,60.06,0,1021
1011,2019,12,18,0730,-32.20,121.40,4.19,0,2,5,348.81,1,1012
1012,2019,12,18,0730,-32.20,121.42,4.19,0,2,5,369.84,0,1012
1013,2019,12,18,0730,-32.20,121.48,4.19,0,1,5,104.89,0,1021
1014,2019,12,18,0730,-32.20,121.50,4.19,0,1,5,104.89,0,1021
1015,2019,12,18,0730,-32.20,121.52,4.19,0,2,5,146.80,0,1021
1016,2019,12,18,0730,-32.20,121.54,4.19,0,2,5,92.43,0,1021
1017,2019,12,18,0730,-32.22,121.38,4.19,0,2,5,316.92,0,1012
1018,2019,12,18,0730,-32.22,121.40,4.19,0,2,5,316.91,0,1012
1019,2019,12,18,0730,-32.22,121.42,4.19,0,2,5,252.78,0,1012
1020,2019,12,18,0730,-32.22,121.48,4.19,0,1,5,104.89,0,1021
1021,2019,12,18,0730,-32.22,121.50,4.19,0,2,5,146.81,0,1021
1022,2019,12,18,0730,-32.22,121.52,4.19,0,2,5,146.81,0,1021
1023,2019,12,18,0730,-32.22,121.54,4.19,0,2,5,92.43,0,1021
1024,2019,12,18,0730,-32.24,121.48,4.19,0,2,5,57.25,0,1021
1025,2019,12,18,0730,-32.36,150.14,4.19,0,2,1,14.20,0,1030
1026,2019,12,18,0730,-32.36,150.16,4.19,0,2,3,19.83,0,1030
1027,2019,12,18,0730,-32.38,150.14,4.19,0,2,1,31.39,0,1030
1028,2019,12,18,0730,-32.38,150.16,4.19,0,2,5,34.71,0,1030
1029,2019,12,18,0730,-32.40,150.14,4.18,0,2,1,31.39,0,1030
1030,2019,12,18,0730,-32.40,150.16,4.18,0,2,5,34.71,0,1030
1031,2019,12,18,0730,-32.50,119.80,4.18,0,2,1,4.94,0,1035
1032,2019,12,18,0730,-32.50,119.92,4.18,0,1,5,76.76,0,1053
1033,2019,12,18,0730,-32.50,119.94,4.18,0,2,5,63.04,0,1053
1034,2019,12,18,0730,-32.50,119.96,4.18,0,2,5,63.04,0,1053
1035,2019,12,18,0730,-32.52,119.80,4.18,0,2,1,4.94,0,1035
1036,2019,12,18,0730,-32.52,119.94,4.18,0,2,5,53.16,0,1053
1037,2019,12,18,0730,-32.52,119.96,4.18,0,2,5,70.82,0,1053
1038,2019,12,18,0730,-32.52,119.98,4.18,0,2,5,70.69,0,1053
1039,2019,12,18,0730,-32.54,119.94,4.18,0,2,5,53.16,0,1053
1040,2019,12,18,0730,-32.54,119.96,4.18,0,2,5,35.35,0,1053
1041,2019,12,18,0730,-32.54,119.98,4.18,0,2,5,36.25,0,1053
1042,2019,12,18,0730,-32.56,119.94,4.18,0,1,3,37.42,0,1053
1043,2019,12,18,0730,-32.56,119.96,4.18,0,2,5,35.36,0,1053
1044,2019,12,18,0730,-32.56,119.98,4.18,0,2,5,36.25,0,1053
1045,2019,12,18,0730,-32.58,119.96,4.18,0,2,3,19.42,0,1053
1046,2019,12,18,0730,-32.58,119.98,4.18,0,2,5,79.87,0,1053
1047,2019,12,18,0730,-32.58,120.00,4.18,0,2,5,209.42,0,1053
1048,2019,12,18,0730,-32.58,120.02,4.18,0,2,5,181.24,0,1053
1049,2019,12,18,0730,-32.60,119.82,4.18,0,2,1,6.87,0,1049
1050,2019,12,18,0730,-32.60,119.84,4.18,0,3,3,5.65,0,1049
1051,2019,12,18,0730,-32.60,119.86,4.18,0,3,3,5.65,0,1049
1052,2019,12,18,0730,-32.60,120.00,4.18,0,2,5,314.31,0,1053
1053,2019,12,18,0730,-32.60,120.02,4.18,0,2,5,399.27,0,1053
1054,2019,12,18,0730,-32.60,120.04,4.18,0,2,5,162.87,0,1053
1055,2019,12,18,0730,-32.62,119.98,4.17,0,2,5,25.04,0,1053
1056,2019,12,18,0730,-32.62,120.00,4.17,0,2,5,25.04,0,1053
1057,2019,12,18,0730,-32.62,120.02,4.17,0,3,3,9.58,0,1053
1058,2019,12,18,0730,-32.62,120.04,4.17,0,2,5,46.75,0,1053
1059,2019,12,18,0730,-32.64,150.26,4.17,0,2,1,14.32,0,1063
1060,2019,12,18,0730,-32.66,150.26,4.17,0,2,1,14.32,0,1063
1061,2019,12,18,0730,-32.68,150.26,4.17,0,2,1,23.91,0,1063
1062,2019,12,18,0730,-32.68,150.28,4.17,0,2,1,23.91,0,1063
1063,2019,12,18,0730,-32.68,150.30,4.17,0,2,1,33.05,0,1063
1064,2019,12,18,0730,-32.68,150.32,4.17,0,2,1,20.63,0,1063
1065,2019,12,18,0730,-32.68,150.72,4.17,0,1,1,46.41,0,1065
1066,2019,12,18,0730,-32.70,150.30,4.17,0,2,1,26.26,0,1063
1067,2019,12,18,0730,-32.76,150.18,4.17,0,1,1,84.44,0,1078
1068,2019,12,18,0730,-32.76,150.20,4.17,0,1,1,84.44,0,1078
1069,2019,12,18,0730,-32.76,150.22,4.17,0,2,1,122.42,0,1078
1070,2019,12,18,0730,-32.76,150.24,4.17,0,2,1,33.23,0,1078
1071,2019,12,18,0730,-32.78,150.16,4.17,0,2,1,26.06,0,1078
1072,2019,12,18,0730,-32.78,150.18,4.17,0,2,1,26.06,0,1078
1073,2019,12,18,0730,-32.78,150.20,4.17,0,1,1,84.44,0,1078
1074,2019,12,18,0730,-32.78,150.22,4.17,0,2,1,122.42,0,1078
1075,2019,12,18,0730,-32.78,150.24,4.17,0,2,1,33.23,0,1078
1076,2019,12,18,0730,-32.80,150.18,4.17,0,2,1,26.06,0,1078
1077,2019,12,18,0730,-32.80,150.20,4.17,0,1,1,419.97,0,1078
1078,2019,12,18,0730,-32.80,150.22,4.17,0,2,1,447.75,0,1078
1079,2019,12,18,0730,-32.80,150.24,4.17,0,2,5,316.39,0,1078
1080,2019,12,18,0730,-32.80,150.26,4.17,0,2,5,236.45,0,1078
1081,2019,12,18,0730,-32.82,123.44,4.17,0,2,5,97.13,0,1096
1082,2019,12,18,0730,-32.82,123.46,4.17,0,2,5,53.87,0,1096
1083,2019,12,18,0730,-32.82,150.18,4.17,0,2,1,68.98,0,1078
1084,2019,12,18,0730,-32.82,150.20,4.17,0,2,1,84.81,0,1078
1085,2019,12,18,0730,-32.82,150.24,4.17,0,2,1,437.50,0,1078
1086,2019,12,18,0730,-32.82,150.26,4.17,0,2,5,295.70,0,1078
1087,2019,12,18,0730,-32.84,123.44,4.16,0,2,5,97.14,0,1096
1088,2019,12,18,0730,-32.84,123.46,4.16,0,2,5,179.56,0,1096
1089,2019,12,18,0730,-32.84,123.48,4.16,0,2,5,54.67,0,1096
1090,2019,12,18,0730,-32.84,150.18,4.16,0,2,1,36.02,0,1078
1091,2019,12,18,0730,-32.84,150.20,4.16,0,2,1,28.00,0,1078
1092,2019,12,18,0730,-32.84,150.24,4.16,0,2,1,120.17,0,1078
1093,2019,12,18,0730,-32.84,150.26,4.16,0,2,5,90.42,0,1078
1094,2019,12,18,0730,-32.86,123.42,4.16,0,2,5,144.41,0,1096
1095,2019,12,18,0730,-32.86,123.44,4.16,0,2,5,144.41,0,1096
1096,2019,12,18,0730,-32.86,123.46,4.16,0,2,5,179.56,0,1096
1097,2019,12,18,0730,-32.86,123.48,4.16,0,2,5,54.67,0,1096
1098,2019,12,18,0730,-32.86,150.18,4.16,0,2,1,40.90,0,1078
1099,2019,12,18,0730,-32.86,150.20,4.16,0,1,1,32.58,0,1078
1100,2019,12,18,0730,-32.86,150.30,4.16,0,2,1,18.18,0,1100
1101,2019,12,18,0730,-32.88,123.44,4.16,0,2,5,122.68,0,1096
1102,2019,12,18,0730,-32.88,123.46,4.16,0,2,5,122.68,0,1096
1103,2019,12,18,0730,-32.88,123.48,4.16,0,2,5,66.05,0,1096
1104,2019,12,18,0730,-32.88,123.50,4.16,0,2,5,16.13,0,1096
1105,2019,12,18,0730,-32.88,123.52,4.16,0,2,3,21.71,0,1096
1106,2019,12,18,0730,-32.88,150.16,4.16,0,2,1,48.04,0,1078
1107,2019,12,18,0730,-32.88,150.18,4.16,0,2,1,49.98,0,1078
1108,2019,12,18,0730,-32.90,123.40,4.16,0,2,5,54.12,0,1096
1109,2019,12,18,0730,-32.90,123.42,4.16,0,2,5,14.81,0,1096
1110,2019,12,18,0730,-32.90,123.44,4.16,0,2,1,5.70,0,1096
1111,2019,12,18,0730,-32.90,123.46,4.16,0,2,3,11.12,0,1096
1112,2019,12,18,0730,-32.90,123.48,4.16,0,2,3,11.12,0,1096
1113,2019,12,18,0730,-32.90,123.50,4.16,0,2,3,5.91,0,1096
1114,2019,12,18,0730,-32.90,123.52,4.16,0,2,3,11.64,0,1096
1115,2019,12,18,0730,-32.90,123.54,4.16,0,2,5,22.45,0,1096
1116,2019,12,18,0730,-32.90,150.14,4.16,0,2,1,10.62,0,1078
1117,2019,12,18,0730,-32.90,150.16,4.16,0,2,1,64.73,0,1078
1118,2019,12,18,0730,-32.90,150.18,4.16,0,2,1,51.62,0,1078
1119,2019,12,18,0730,-32.92,120.68,4.16,0,2,5,67.09,0,1119
1120,2019,12,18,0730,-32.92,120.70,4.16,0,2,3,26.44,0,1119
1121,2019,12,18,0730,-32.92,123.40,4.16,0,2,5,82.68,0,1096
1122,2019,12,18,0730,-32.92,123.42,4.16,0,2,5,44.44,0,1096
1123,2019,12,18,0730,-32.92,123.54,4.16,0,2,3,6.10,0,1096
1124,2019,12,18,0730,-32.92,123.60,4.16,0,2,1,8.16,0,1130
1125,2019,12,18,0730,-32.92,150.14,4.16,0,2,1,10.63,0,1078
1126,2019,12,18,0730,-32.92,150.16,4.16,0,2,1,64.73,0,1078
1127,2019,12,18,0730,-32.92,150.18,4.16,0,2,1,51.62,0,1078
1128,2019,12,18,0730,-32.94,120.68,4.16,0,2,3,43.89,0,1119
1129,2019,12,18,0730,-32.94,123.58,4.16,0,2,5,16.85,0,1130
1130,2019,12,18,0730,-32.94,123.60,4.16,0,2,5,36.61,0,1130
1131,2019,12,18,0730,-32.94,150.16,4.16,0,2,1,170.72,0,1078
1132,2019,12,18,0730,-32.94,150.18,4.16,0,2,1,163.82,0,1078
1133,2019,12,18,0730,-32.94,150.20,4.16,0,2,1,163.82,0,1078
1134,2019,12,18,0730,-32.94,150.22,4.16,0,2,1,39.06,0,1078
1135,2019,12,18,0730,-32.94,150.74,4.16,0,2,3,23.30,0,1135
1136,2019,12,18,0730,-32.94,150.76,4.16,0,2,3,23.30,0,1135
1137,2019,12,18,0730,-32.96,120.66,4.16,0,2,3,43.89,0,1119
1138,2019,12,18,0730,-32.96,120.68,4.16,0,2,3,43.89,0,1119
1139,2019,12,18,0730,-32.96,150.16,4.16,0,2,1,257.83,0,1078
1140,2019,12,18,0730,-32.96,150.18,4.16,0,2,1,257.83,0,1078
1141,2019,12,18,0730,-32.96,150.20,4.16,0,2,1,194.91,0,1078
1142,2019,12,18,0730,-32.96,150.22,4.16,0,2,1,38.72,0,1078
1143,2019,12,18,0730,-32.96,150.74,4.16,0,2,3,13.99,0,1135
1144,2019,12,18,0730,-32.96,150.76,4.16,0,2,3,21.01,0,1135
1145,2019,12,18,0730,-32.98,123.64,4.16,0,2,3,5.07,0,1148
1146,2019,12,18,0730,-32.98,150.74,4.16,0,2,3,13.99,0,1135
1147,2019,12,18,0730,-32.98,150.76,4.16,0,2,3,21.01,0,1135
1148,2019,12,18,0730,-33.00,123.64,4.16,0,2,3,5.07,0,1148
1149,2019,12,18,0730,-33.06,149.86,4.15,0,2,3,26.76,0,1155
1150,2019,12,18,0730,-33.08,149.86,4.15,0,2,3,26.76,0,1155
1151,2019,12,18,0730,-33.08,149.88,4.15,0,2,3,26.76,0,1155
1152,2019,12,18,0730,-33.10,123.64,4.15,0,2,3,8.43,0,1153
1153,2019,12,18,0730,-33.10,123.66,4.15,0,2,5,14.60,0,1153
1154,2019,12,18,0730,-33.10,149.82,4.15,0,2,1,15.94,0,1155
1155,2019,12,18,0730,-33.10,149.84,4.15,0,1,5,101.01,0,1155
1156,2019,12,18,0730,-33.10,149.86,4.15,0,1,5,101.01,0,1155
1157,2019,12,18,0730,-33.10,149.88,4.15,0,2,5,34.90,0,1155
1158,2019,12,18,0730,-33.12,123.68,4.15,0,2,3,8.31,0,1160
1159,2019,12,18,0730,-33.14,123.46,4.15,0,2,5,17.08,0,1159
1160,2019,12,18,0730,-33.14,123.68,4.15,0,2,3,8.31,0,1160
1161,2019,12,18,0730,-33.16,123.36,4.15,0,2,5,38.97,0,1161
1162,2019,12,18,0730,-33.16,123.38,4.15,0,1,3,22.73,0,1161
1163,2019,12,18,0730,-33.16,123.46,4.15,0,2,5,13.82,0,1159
1164,2019,12,18,0730,-33.16,123.66,4.15,0,2,3,6.38,0,1160
1165,2019,12,18,0730,-33.16,123.68,4.15,0,2,3,6.38,0,1160
1166,2019,12,18,0730,-33.20,150.20,4.15,0,1,1,64.30,0,1166
1167,2019,12,18,0730,-33.20,150.22,4.15,0,2,1,37.70,0,1166
1168,2019,12,18,0730,-33.22,150.20,4.15,0,2,1,26.64,0,1166
1169,2019,12,18,0730,-33.22,150.22,4.15,0,2,1,24.08,0,1166
1170,2019,12,18,0730,-33.28,150.06,4.14,0,2,5,74.13,0,1174
1171,2019,12,18,0730,-33.28,150.08,4.14,0,2,5,94.83,0,1174
1172,2019,12,18,0730,-33.30,150.06,4.14,0,2,5,74.13,0,1174
1173,2019,12,18,0730,-33.30,150.08,4.14,0,2,5,94.83,0,1174
1174,2019,12,18,0730,-33.32,150.06,4.14,0,2,5,534.79,0,1174
1175,2019,12,18,0730,-33.32,150.08,4.14,0,2,5,208.55,0,1174
1176,2019,12,18,0730,-33.34,150.06,4.14,0,2,5,361.48,1,1174
1177,2019,12,18,0730,-33.34,150.08,4.14,0,2,5,84.43,0,1174
1178,2019,12,18,0730,-33.36,150.06,4.14,0,2,1,238.23,0,1174
1179,2019,12,18,0730,-33.36,150.08,4.14,0,2,5,27.25,0,1174
1180,2019,12,18,0730,-33.38,150.08,4.14,0,3,3,5.85,0,1174
1181,2019,12,18,0730,-33.38,150.10,4.14,0,2,5,20.68,0,1174
1182,2019,12,18,0730,-33.38,150.12,4.14,0,2,5,20.68,0,1174
1183,2019,12,18,0730,-33.40,150.08,4.14,0,2,5,44.85,0,1174
1184,2019,12,18,0730,-33.40,150.10,4.14,0,2,5,44.85,0,1174
1185,2019,12,18,0730,-33.40,150.12,4.14,0,2,1,136.45,0,1174
1186,2019,12,18,0730,-33.40,150.14,4.14,0,2,5,101.51,0,1174
1187,2019,12,18,0730,-33.40,150.16,4.14,0,1,3,29.95,0,1174
1188,2019,12,18,0730,-33.40,150.18,4.14,0,2,1,40.42,0,1174
1189,2019,12,18,0730,-33.40,150.20,4.14,0,2,5,61.29,0,1174
1190,2019,12,18,0730,-33.40,150.22,4.14,0,2,5,17.56,0,1174
1191,2019,12,18,0730,-33.42,150.08,4.14,0,2,5,44.85,0,1174
1192,2019,12,18,0730,-33.42,150.10,4.14,0,2,5,44.85,0,1174
1193,2019,12,18,0730,-33.42,150.12,4.14,0,2,1,136.45,0,1174
1194,2019,12,18,0730,-33.42,150.14,4.14,0,2,5,101.52,0,1174
1195,2019,12,18,0730,-33.42,150.16,4.14,0,1,3,29.95,0,1174
1196,2019,12,18,0730,-33.42,150.18,4.14,0,2,1,40.43,0,1174
1197,2019,12,18,0730,-33.42,150.20,4.14,0,2,5,61.29,0,1174
1198,2019,12,18,0730,-33.42,150.22,4.14,0,2,5,17.56,0,1174
1199,2019,12,18,0730,-33.44,150.10,4.14,0,2,1,12.50,0,1174
1200,2019,12,18,0730,-33.44,150.12,4.14,0,2,1,141.52,0,1174
1201,2019,12,18,0730,-33.44,150.14,4.14,0,2,1,119.16,0,1174
1202,2019,12,18,0730,-33.44,150.18,4.14,0,2,1,162.45,0,1174
1203,2019,12,18,0730,-33.44,150.20,4.14,0,2,1,209.97,0,1174
1204,2019,12,18,0730,-33.44,150.22,4.14,0,2,5,31.45,0,1174
1205,2019,12,18,0730,-33.44,150.24,4.14,0,2,5,31.45,0,1174
1206,2019,12,18,0730,-33.44,150.28,4.14,0,2,5,14.98,0,1212
1207,2019,12,18,0730,-33.44,150.50,4.14,0,2,1,18.59,0,1208
1208,2019,12,18,0730,-33.44,150.52,4.14,0,2,1,25.18,0,1208
1209,2019,12,18,0730,-33.46,150.18,4.14,0,2,1,195.18,0,1174
1210,2019,12,18,0730,-33.46,150.20,4.14,0,2,5,190.47,0,1174
1211,2019,12,18,0730,-33.46,150.22,4.14,0,2,5,190.47,0,1174
1212,2019,12,18,0730,-33.46,150.26,4.14,0,2,3,18.54,0,1212
1213,2019,12,18,0730,-33.46,150.28,4.14,0,2,3,10.04,0,1212
1214,2019,12,18,0730,-33.46,150.52,4.14,0,2,1,22.91,0,1208
1215,2019,12,18,0730,-33.48,150.32,4.13,0,2,3,12.10,0,1220
1216,2019,12,18,0730,-33.50,150.28,4.13,0,2,3,11.03,0,1220
1217,2019,12,18,0730,-33.50,150.30,4.13,0,2,3,15.60,0,1220
1218,2019,12,18,0730,-33.50,150.32,4.13,0,2,3,9.33,0,1220
1219,2019,12,18,0730,-33.52,150.28,4.13,0,2,3,11.03,0,1220
1220,2019,12,18,0730,-33.52,150.30,4.13,0,2,3,15.60,0,1220
1221,2019,12,18,0730,-33.52,150.32,4.13,0,2,3,9.33,0,1220
1222,2019,12,18,0730,-33.52,150.34,4.13,0,2,3,9.33,0,1220
1223,2019,12,18,0730,-33.56,150.32,4.13,0,2,3,11.13,0,1233
1224,2019,12,18,0730,-33.56,150.34,4.13,0,2,5,15.48,0,1233
1225,2019,12,18,0730,-33.56,150.42,4.13,0,2,5,23.24,0,1225
1226,2019,12,18,0730,-33.56,150.44,4.13,0,2,3,7.34,0,1225
1227,2019,12,18,0730,-33.56,150.46,4.13,0,2,3,9.74,0,1225
1228,2019,12,18,0730,-33.56,150.48,4.13,0,2,3,9.74,0,1225
1229,2019,12,18,0730,-33.58,150.34,4.13,0,2,3,14.85,0,1233
1230,2019,12,18,0730,-33.58,150.36,4.13,0,2,5,16.89,0,1233
1231,2019,12,18,0730,-33.58,150.38,4.13,0,2,3,14.20,0,1233
1232,2019,12,18,0730,-33.58,150.40,4.13,0,2,3,5.94,0,1233
1233,2019,12,18,0730,-33.60,150.36,4.13,0,2,5,17.65,0,1233
1234,2019,12,18,0730,-33.60,150.38,4.13,0,2,3,10.36,0,1233
1235,2019,12,18,0730,-33.80,150.22,4.12,0,2,5,15.04,0,1245
1236,2019,12,18,0730,-33.80,150.24,4.12,0,2,5,15.04,0,1245
1237,2019,12,18,0730,-33.80,150.26,4.12,0,2,3,9.18,0,1245
1238,2019,12,18,0730,-33.82,150.18,4.12,0,2,3,9.73,0,1245
1239,2019,12,18,0730,-33.82,150.20,4.12,0,2,5,39.91,0,1245
1240,2019,12,18,0730,-33.82,150.22,4.12,0,2,5,39.91,0,1245
1241,2019,12,18,0730,-33.82,150.24,4.12,0,2,5,59.47,0,1245
1242,2019,12,18,0730,-33.82,150.26,4.12,0,2,5,19.66,0,1245
1243,2019,12,18,0730,-33.84,150.18,4.12,0,2,5,19.79,0,1245
1244,2019,12,18,0730,-33.84,150.20,4.12,0,2,5,19.79,0,1245
1245,2019,12,18,0730,-33.84,150.22,4.12,0,2,5,63.29,0,1245
1246,2019,12,18,0730,-33.84,150.24,4.12,0,2,5,59.98,0,1245
1247,2019,12,18,0730,-33.84,150.26,4.12,0,2,5,22.77,0,1245
1248,2019,12,18,0730,-33.84,150.30,4.12,0,2,3,10.45,0,1245
1249,2019,12,18,0730,-33.86,149.72,4.12,0,2,3,9.65,0,1249
1250,2019,12,18,0730,-33.86,150.16,4.12,0,2,3,7.05,0,1245
1251,2019,12,18,0730,-33.86,150.18,4.12,0,2,3,7.05,0,1245
1252,2019,12,18,0730,-33.86,150.22,4.12,0,1,5,28.62,0,1245
1253,2019,12,18,0730,-33.86,150.24,4.12,0,2,5,27.60,0,1245
1254,2019,12,18,0730,-33.86,150.26,4.12,0,2,3,13.87,0,1245
1255,2019,12,18,0730,-33.86,150.28,4.12,0,2,5,35.03,0,1245
1256,2019,12,18,0730,-33.86,150.30,4.12,0,2,5,28.21,0,1245
1257,2019,12,18,0730,-33.86,150.32,4.12,0,2,3,5.82,0,1245
1258,2019,12,18,0730,-33.88,150.10,4.12,0,2,3,11.52,0,1268
1259,2019,12,18,0730,-33.88,150.12,4.12,0,2,3,9.70,0,1268
1260,2019,12,18,0730,-33.88,150.18,4.12,0,2,3,7.05,0,1245
1261,2019,12,18,0730,-33.88,150.22,4.12,0,1,5,28.62,0,1245
1262,2019,12,18,0730,-33.88,150.24,4.12,0,2,5,27.60,0,1245
1263,2019,12,18,0730,-33.88,150.26,4.12,0,2,5,13.87,0,1245
1264,2019,12,18,0730,-33.88,150.28,4.12,0,2,5,35.03,0,1245
1265,2019,12,18,0730,-33.88,150.30,4.12,0,2,5,28.22,0,1245
1266,2019,12,18,0730,-33.88,150.32,4.12,0,2,3,5.82,0,1245
1267,2019,12,18,0730,-33.88,150.34,4.12,0,2,3,5.82,0,1245
1268,2019,12,18,0730,-33.90,150.10,4.11,0,2,3,11.52,0,1268
1269,2019,12,18,0730,-33.90,150.12,4.11,0,2,3,9.70,0,1268
1270,2019,12,18,0730,-33.90,150.14,4.11,0,2,3,9.70,0,1268
1271,2019,12,18,0730,-33.90,150.18,4.11,0,2,3,4.47,0,1245
1272,2019,12,18,0730,-33.90,150.26,4.11,0,2,3,7.00,0,1245
1273,2019,12,18,0730,-33.90,150.28,4.11,0,2,5,19.30,0,1245
1274,2019,12,18,0730,-33.90,150.30,4.11,0,2,5,16.39,0,1245
1275,2019,12,18,0730,-33.90,150.32,4.11,0,2,5,16.39,0,1245
1276,2019,12,18,0730,-33.90,150.34,4.11,0,2,1,5.36,0,1245
1277,2019,12,18,0730,-33.94,150.50,4.11,0,2,5,28.98,0,1277
1278,2019,12,18,0730,-33.94,150.52,4.11,0,2,3,6.70,0,1277
1279,2019,12,18,0730,-33.96,150.30,4.11,0,2,3,8.51,0,1279
1280,2019,12,18,0730,-33.96,150.44,4.11,0,2,5,18.26,0,1283
1281,2019,12,18,0730,-33.96,150.46,4.11,0,2,5,13.79,0,1283
1282,2019,12,18,0730,-33.96,150.50,4.11,0,2,3,4.68,0,1277
1283,2019,12,18,0730,-33.98,150.44,4.11,0,2,5,18.26,0,1283
1284,2019,12,18,0730,-33.98,150.46,4.11,0,2,5,13.79,0,1283
1285,2019,12,18,0730,-33.98,150.50,4.11,0,2,3,4.68,0,1277
1286,2019,12,18,0730,-34.08,150.08,4.11,0,2,1,8.66,0,1301
1287,2019,12,18,0730,-34.08,150.10,4.11,0,2,1,3.36,0,1301
1288,2019,12,18,0730,-34.08,150.40,4.11,0,2,1,7.42,0,1295
1289,2019,12,18,0730,-34.10,149.98,4.10,0,2,5,16.03,0,1305
1290,2019,12,18,0730,-34.10,150.00,4.10,0,2,5,16.55,0,1305
1291,2019,12,18,0730,-34.10,150.02,4.10,0,2,3,6.66,0,1305
1292,2019,12,18,0730,-34.10,150.08,4.10,0,2,1,22.23,0,1301
1293,2019,12,18,0730,-34.10,150.10,4.10,0,2,1,9.14,0,1301
1294,2019,12,18,0730,-34.10,150.12,4.10,0,2,1,9.14,0,1301
1295,2019,12,18,0730,-34.10,150.40,4.10,0,2,1,7.42,0,1295
1296,2019,12,18,0730,-34.12,149.96,4.10,0,2,3,8.43,0,1305
1297,2019,12,18,0730,-34.12,149.98,4.10,0,2,1,25.97,0,1305
1298,2019,12,18,0730,-34.12,150.00,4.10,0,2,5,22.01,0,1305
1299,2019,12,18,0730,-34.12,150.04,4.10,0,2,5,21.42,0,1301
1300,2019,12,18,0730,-34.12,150.06,4.10,0,2,5,20.62,0,1301
1301,2019,12,18,0730,-34.12,150.08,4.10,0,2,1,22.23,0,1301
1302,2019,12,18,0730,-34.12,150.10,4.10,0,2,1,22.23,0,1301
1303,2019,12,18,0730,-34.12,150.12,4.10,0,2,1,9.14,0,1301
1304,2019,12,18,0730,-34.14,149.96,4.10,0,2,3,8.43,0,1305
1305,2019,12,18,0730,-34.14,149.98,4.10,0,2,1,25.97,0,1305
1306,2019,12,18,0730,-34.14,150.00,4.10,0,2,5,22.01,0,1305
1307,2019,12,18,0730,-34.14,150.04,4.10,0,2,5,21.42,0,1301
1308,2019,12,18,0730,-34.14,150.06,4.10,0,2,5,20.62,0,1301
1309,2019,12,18,0730,-34.14,150.08,4.10,0,2,5,20.62,0,1301
1310,2019,12,18,0730,-34.14,150.10,4.10,0,2,3,15.68,0,1301
1311,2019,12,18,0730,-34.14,150.38,4.10,0,2,1,9.78,0,1331
1312,2019,12,18,0730,-34.14,150.40,4.10,0,2,1,12.62,0,1331
1313,2019,12,18,0730,-34.14,150.42,4.10,0,2,1,12.62,0,1331
1314,2019,12,18,0730,-34.14,150.44,4.10,0,2,1,14.87,0,1331
1315,2019,12,18,0730,-34.14,150.46,4.10,0,2,1,7.98,0,1331
1316,2019,12,18,0730,-34.16,150.04,4.10,0,2,5,17.45,0,1301
1317,2019,12,18,0730,-34.16,150.38,4.10,0,2,1,14.66,0,1331
1318,2019,12,18,0730,-34.16,150.40,4.10,0,2,1,14.66,0,1331
1319,2019,12,18,0730,-34.16,150.42,4.10,0,2,1,9.48,0,1331
1320,2019,12,18,0730,-34.16,150.44,4.10,0,1,1,38.28,0,1331
1321,2019,12,18,0730,-34.16,150.46,4.10,0,2,1,15.34,0,1331
1322,2019,12,18,0730,-34.18,150.36,4.10,0,2,1,13.95,0,1331
1323,2019,12,18,0730,-34.18,150.38,4.10,0,2,1,13.95,0,1331
1324,2019,12,18,0730,-34.18,150.40,4.10,0,2,1,15.49,0,1331
1325,2019,12,18,0730,-34.18,150.46,4.10,0,2,1,48.78,0,1331
1326,2019,12,18,0730,-34.20,150.18,4.10,0,2,5,14.52,0,1347
1327,2019,12,18,0730,-34.20,150.20,4.10,0,2,5,14.52,0,1347
1328,2019,12,18,0730,-34.20,150.34,4.10,0,2,1,23.48,0,1331
1329,2019,12,18,0730,-34.20,150.36,4.10,0,2,1,23.48,0,1331
1330,2019,12,18,0730,-34.20,150.38,4.10,0,2,1,22.38,0,1331
1331,2019,12,18,0730,-34.20,150.46,4.10,0,2,1,48.78,0,1331
1332,2019,12,18,0730,-34.22,150.06,4.10,0,2,1,29.09,0,1355
1333,2019,12,18,0730,-34.22,150.08,4.10,0,2,5,20.96,0,1355
1334,2019,12,18,0730,-34.22,150.10,4.10,0,2,3,16.64,0,1355
1335,2019,12,18,0730,-34.22,150.12,4.10,0,1,5,35.53,0,1355
1336,2019,12,18,0730,-34.22,150.14,4.10,0,2,5,23.31,0,1355
1337,2019,12,18,0730,-34.22,150.20,4.10,0,2,5,16.86,0,1347
1338,2019,12,18,0730,-34.22,150.36,4.10,0,2,1,23.49,0,1331
1339,2019,12,18,0730,-34.22,150.38,4.10,0,2,1,22.38,0,1331
1340,2019,12,18,0730,-34.22,150.46,4.10,0,2,1,20.01,0,1331
1341,2019,12,18,0730,-34.24,150.06,4.10,0,2,1,29.09,0,1355
1342,2019,12,18,0730,-34.24,150.08,4.10,0,2,5,20.96,0,1355
1343,2019,12,18,0730,-34.24,150.10,4.10,0,2,3,16.64,0,1355
1344,2019,12,18,0730,-34.24,150.12,4.10,0,1,5,35.53,0,1355
1345,2019,12,18,0730,-34.24,150.14,4.10,0,2,5,23.31,0,1355
1346,2019,12,18,0730,-34.24,150.16,4.10,0,2,5,23.31,0,1355
1347,2019,12,18,0730,-34.24,150.20,4.10,0,2,5,16.86,0,1347
1348,2019,12,18,0730,-34.24,150.46,4.10,0,2,1,7.94,0,1331
1349,2019,12,18,0730,-34.24,150.48,4.10,0,2,1,7.95,0,1331
1350,2019,12,18,0730,-34.24,150.50,4.10,0,2,1,4.53,0,1331
1351,2019,12,18,0730,-34.26,150.06,4.10,0,2,1,43.84,0,1355
1352,2019,12,18,0730,-34.26,150.08,4.10,0,2,1,32.56,0,1355
1353,2019,12,18,0730,-34.26,150.10,4.10,0,2,1,46.57,0,1355
1354,2019,12,18,0730,-34.26,150.12,4.10,0,2,5,65.32,0,1355
1355,2019,12,18,0730,-34.26,150.14,4.10,0,2,5,65.32,0,1355
1356,2019,12,18,0730,-34.26,150.16,4.10,0,2,5,35.38,0,1355
1357,2019,12,18,0730,-34.26,150.48,4.10,0,2,1,10.23,0,1331
1358,2019,12,18,0730,-34.26,150.50,4.10,0,2,1,18.70,0,1331
1359,2019,12,18,0730,-34.28,150.10,4.10,0,2,1,14.53,0,1355
1360,2019,12,18,0730,-34.28,150.12,4.10,0,2,1,14.53,0,1355
1361,2019,12,18,0730,-34.28,150.14,4.10,0,2,1,46.13,0,1355
1362,2019,12,18,0730,-34.28,150.16,4.10,0,2,1,4.95,0,1355
1363,2019,12,18,0730,-34.28,150.50,4.10,0,2,1,17.55,0,1331
1364,2019,12,18,0730,-34.36,150.44,4.09,0,2,1,15.82,0,1364
1365,2019,12,18,0730,-35.28,150.22,4.05,0,3,1,13.05,0,1373
1366,2019,12,18,0730,-35.28,150.24,4.05,0,2,5,43.21,0,1373
1367,2019,12,18,0730,-35.30,150.22,4.05,0,3,1,9.92,0,1373
1368,2019,12,18,0730,-35.30,150.24,4.05,0,2,5,43.21,0,1373
1369,2019,12,18,0730,-35.32,150.22,4.04,0,3,1,9.92,0,1373
1370,2019,12,18,0730,-35.32,150.24,4.04,0,2,5,27.16,0,1373
1371,2019,12,18,0730,-35.32,150.26,4.04,0,2,5,26.48,0,1373
1372,2019,12,18,0730,-35.32,150.28,4.04,0,2,5,26.48,0,1373
1373,2019,12,18,0730,-35.34,150.28,4.04,0,2,5,48.60,0,1373
1374,2019,12,18,0730,-35.34,150.30,4.04,0,2,3,10.19,0,1373
1375,2019,12,18,0730,-35.34,150.32,4.04,0,2,5,23.51,0,1373
1376,2019,12,18,0730,-35.36,150.30,4.04,0,2,3,24.98,0,1373
1377,2019,12,18,0730,-35.36,150.32,4.04,0,2,3,22.94,0,1373
1378,2019,12,18,0730,-35.52,149.98,4.03,0,2,1,20.44,0,1380
1379,2019,12,18,0730,-35.54,149.98,4.03,0,2,1,20.45,0,1380
1380,2019,12,18,0730,-35.56,149.98,4.03,0,1,1,87.22,0,1380
1381,2019,12,18,0730,-35.60,150.10,4.03,0,2,1,9.79,0,1382
1382,2019,12,18,0730,-35.62,150.10,4.03,0,2,1,9.79,0,1382
1383,2019,12,18,0730,-35.66,139.86,4.03,0,2,3,10.91,0,1383
1384,2019,12,18,0730,-35.68,139.86,4.03,0,2,3,8.11,0,1383
1385,2019,12,18,0730,-35.70,139.86,4.03,0,2,3,8.11,0,1383
1386,2019,12,18,0730,-37.36,148.02,3.94,0,2,3,39.56,0,1395
1387,2019,12,18,0730,-37.36,148.04,3.94,0,2,3,22.33,0,1395
1388,2019,12,18,0730,-37.38,148.02,3.94,0,2,3,39.64,0,1395
1389,2019,12,18,0730,-37.38,148.04,3.94,0,2,3,22.33,0,1395
1390,2019,12,18,0730,-37.40,148.02,3.94,0,2,5,55.83,0,1395
1391,2019,12,18,0730,-37.40,148.04,3.94,0,2,5,170.12,0,1395
1392,2019,12,18,0730,-37.40,148.06,3.94,0,2,5,74.46,0,1395
1393,2019,12,18,0730,-37.40,148.08,3.94,0,2,5,74.46,0,1395
1394,2019,12,18,0730,-37.42,148.02,3.94,0,2,5,78.73,0,1395
1395,2019,12,18,0730,-37.42,148.04,3.94,0,2,5,202.18,0,1395
1396,2019,12,18,0730,-37.42,148.06,3.94,0,2,5,88.86,0,1395
1397,2019,12,18,0730,-37.42,148.08,3.94,0,2,5,88.86,0,1395
1398,2019,12,18,0730,-37.44,148.02,3.94,0,2,3,38.85,0,1395
1399,2019,12,18,0730,-37.44,148.04,3.94,0,2,3,46.28,0,1395
1400,2019,12,18,0730,-37.44,148.06,3.94,0,2,3,46.28,0,1395
1401,2019,12,18,0730,-37.46,148.02,3.93,0,2,3,38.85,0,1395
1402,2019,12,18,0730,-37.46,148.04,3.93,0,2,3,38.85,0,1395
1403,2019,12,18,0730,-37.46,148.06,3.93,0,2,3,46.28,0,1395
1404,2019,12,18,0730,-42.08,147.94,3.68,0,1,3,62.56,0,1405
1405,2019,12,18,0730,-42.10,147.94,3.68,0,1,3,62.57,0,1405
