# 2020  9 11  3 50 UTC  2020  9 11  4 30 UTC
# ID,Year,Month,Day,Time(UTC),Lat,Lon,Area(km^2),Volcano,Level,Reliability,FRP(Wm^-2),QF,Hot(ID)
1,2020,9,11,0351,60.00,142.46,2.48,0,3,1,1.79,0,3
2,2020,9,11,0351,60.00,142.48,2.48,0,3,3,1.79,0,3
3,2020,9,11,0351,60.00,142.50,2.48,0,3,1,2.93,0,3
4,2020,9,11,0351,60.00,142.52,2.48,0,3,1,2.93,0,3
5,2020,9,11,0351,59.60,133.08,2.51,0,3,1,3.45,0,6
6,2020,9,11,0351,59.58,133.08,2.51,0,3,1,3.46,0,6
7,2020,9,11,0351,55.38,122.58,2.82,0,3,3,2.79,0,10
8,2020,9,11,0351,55.38,122.60,2.82,0,3,3,2.79,0,10
9,2020,9,11,0351,55.36,122.60,2.82,0,3,3,2.79,0,10
10,2020,9,11,0351,55.36,122.62,2.82,0,3,3,2.79,0,10
11,2020,9,11,0351,55.16,120.48,2.83,0,3,1,2.40,0,14
12,2020,9,11,0351,55.16,120.50,2.83,0,3,1,2.40,0,14
13,2020,9,11,0351,55.14,120.50,2.83,0,3,1,2.40,0,14
14,2020,9,11,0351,55.14,120.52,2.83,0,3,1,2.40,0,14
15,2020,9,11,0351,53.10,129.38,2.98,0,3,3,2.36,0,15
16,2020,9,11,0351,53.10,129.40,2.98,0,3,3,2.36,0,15
17,2020,9,11,0351,53.08,129.40,2.98,0,3,3,2.36,0,15
18,2020,9,11,0351,53.04,121.94,2.98,0,3,1,2.03,0,22
19,2020,9,11,0351,53.04,121.96,2.98,0,3,1,2.03,0,22
20,2020,9,11,0351,53.04,121.98,2.98,0,3,3,1.38,0,22
21,2020,9,11,0351,53.04,122.00,2.98,0,3,3,1.38,0,22
22,2020,9,11,0351,53.02,121.96,2.98,0,3,1,2.03,0,22
23,2020,9,11,0351,53.02,121.98,2.98,0,3,3,1.38,0,22
24,2020,9,11,0351,53.02,122.00,2.98,0,3,3,1.38,0,22
25,2020,9,11,0351,53.02,122.46,2.98,0,3,1,1.86,2,31
26,2020,9,11,0351,53.02,122.48,2.98,0,3,1,1.86,2,31
27,2020,9,11,0351,53.00,121.94,2.98,0,2,3,1.91,0,22
28,2020,9,11,0351,53.00,121.96,2.98,0,3,3,1.31,0,22
29,2020,9,11,0351,53.00,121.98,2.98,0,3,1,1.31,0,22
30,2020,9,11,0351,53.00,122.48,2.98,0,3,1,1.86,2,31
31,2020,9,11,0351,53.00,122.50,2.98,0,3,1,1.86,2,31
32,2020,9,11,0351,52.98,121.94,2.98,0,2,3,1.91,0,22
33,2020,9,11,0351,52.98,121.96,2.98,0,2,3,1.91,0,22
34,2020,9,11,0351,52.98,121.98,2.98,0,3,1,1.31,0,22
35,2020,9,11,0351,52.70,136.02,3.00,0,3,1,1.56,0,37
36,2020,9,11,0351,52.68,136.02,3.01,0,3,1,1.56,0,37
37,2020,9,11,0351,52.68,136.04,3.01,0,3,1,1.56,0,37
38,2020,9,11,0351,52.64,136.92,3.01,0,3,1,1.43,2,38
39,2020,9,11,0351,52.16,122.60,3.04,0,2,1,2.00,0,41
40,2020,9,11,0351,52.16,122.62,3.04,0,2,1,2.00,0,41
41,2020,9,11,0351,52.14,122.62,3.04,0,2,1,2.00,0,41
42,2020,9,11,0351,52.08,122.04,3.05,0,3,3,1.11,0,43
43,2020,9,11,0351,52.08,122.06,3.05,0,3,3,1.11,0,43
44,2020,9,11,0351,51.78,122.64,3.07,0,2,3,2.76,0,54
45,2020,9,11,0351,51.78,122.66,3.07,0,2,3,2.76,0,54
46,2020,9,11,0351,51.76,122.66,3.07,0,2,3,2.76,0,54
47,2020,9,11,0351,51.76,122.68,3.07,0,2,3,2.76,0,54
48,2020,9,11,0351,51.74,122.64,3.07,0,2,3,2.55,0,54
49,2020,9,11,0351,51.74,122.66,3.07,0,2,1,3.43,0,54
50,2020,9,11,0351,51.74,122.68,3.07,0,2,1,3.43,0,54
51,2020,9,11,0351,51.74,126.62,3.07,0,3,3,1.22,0,55
52,2020,9,11,0351,51.72,122.64,3.07,0,2,3,2.55,0,54
53,2020,9,11,0351,51.72,122.66,3.07,0,2,3,2.55,0,54
54,2020,9,11,0351,51.72,122.68,3.07,0,2,1,3.43,0,54
55,2020,9,11,0351,51.72,126.62,3.07,0,3,3,1.22,0,55
56,2020,9,11,0351,51.72,126.64,3.07,0,3,3,1.22,0,55
57,2020,9,11,0351,51.72,138.46,3.07,0,3,3,1.83,0,61
58,2020,9,11,0351,51.70,138.46,3.07,0,3,3,1.84,0,61
59,2020,9,11,0351,51.68,126.64,3.07,0,3,1,1.08,0,59
60,2020,9,11,0351,51.68,138.46,3.07,0,3,3,1.93,0,61
61,2020,9,11,0351,51.66,138.46,3.07,0,3,3,1.93,0,61
62,2020,9,11,0351,51.54,122.32,3.08,0,3,3,2.10,0,64
63,2020,9,11,0351,51.54,122.34,3.08,0,3,1,2.10,0,64
64,2020,9,11,0351,51.52,122.34,3.08,0,3,1,2.10,0,64
65,2020,9,11,0351,51.52,122.36,3.08,0,3,1,2.10,0,64
66,2020,9,11,0351,51.50,132.34,3.09,0,3,1,3.05,2,66
67,2020,9,11,0351,51.50,132.36,3.09,0,3,1,3.05,2,66
68,2020,9,11,0351,51.38,128.14,3.09,0,3,3,1.83,0,69
69,2020,9,11,0351,51.36,128.14,3.10,0,3,3,1.83,0,69
70,2020,9,11,0351,51.36,128.16,3.10,0,3,3,1.83,0,69
71,2020,9,11,0351,51.30,120.72,3.10,0,3,1,2.32,0,71
72,2020,9,11,0351,50.80,121.52,3.13,0,3,1,2.26,0,72
73,2020,9,11,0351,50.80,121.54,3.13,0,3,1,2.26,0,72
74,2020,9,11,0351,50.78,121.54,3.13,0,3,1,2.26,0,72
75,2020,9,11,0351,50.68,122.46,3.14,0,3,3,1.48,0,78
76,2020,9,11,0351,50.68,122.48,3.14,0,3,3,1.48,0,78
77,2020,9,11,0351,50.66,122.46,3.14,0,3,3,1.48,0,78
78,2020,9,11,0351,50.66,122.48,3.14,0,3,3,1.48,0,78
79,2020,9,11,0351,50.66,123.02,3.14,0,3,3,1.47,0,81
80,2020,9,11,0351,50.64,123.02,3.14,0,3,3,1.47,0,81
81,2020,9,11,0351,50.64,123.04,3.14,0,3,3,1.47,0,81
82,2020,9,11,0351,50.62,123.20,3.14,0,3,3,1.53,2,82
83,2020,9,11,0351,50.62,123.70,3.14,0,3,3,2.63,2,83
84,2020,9,11,0351,50.62,123.72,3.14,0,3,3,2.63,2,83
85,2020,9,11,0351,50.60,123.20,3.15,0,3,3,1.53,2,82
86,2020,9,11,0351,50.60,123.22,3.15,0,3,1,1.53,2,82
87,2020,9,11,0351,50.60,123.72,3.15,0,3,3,2.63,2,83
88,2020,9,11,0351,50.58,123.72,3.15,0,3,1,2.14,0,83
89,2020,9,11,0351,50.58,123.74,3.15,0,3,1,2.14,0,83
90,2020,9,11,0351,50.56,123.74,3.15,0,3,1,2.14,0,83
91,2020,9,11,0351,50.46,124.08,3.16,0,3,3,1.50,0,93
92,2020,9,11,0351,50.46,124.10,3.16,0,3,1,1.50,0,93
93,2020,9,11,0351,50.44,124.10,3.16,0,3,1,1.50,0,93
94,2020,9,11,0351,50.42,125.00,3.16,0,3,3,.73,0,95
95,2020,9,11,0351,50.40,125.00,3.16,0,3,3,.73,0,95
96,2020,9,11,0351,50.38,136.16,3.16,0,3,3,1.49,2,96
97,2020,9,11,0351,50.32,127.50,3.16,0,3,3,2.44,0,102
98,2020,9,11,0351,50.32,127.52,3.16,0,3,3,3.16,0,102
99,2020,9,11,0351,50.32,127.54,3.16,0,3,3,3.16,0,102
100,2020,9,11,0351,50.30,127.50,3.17,0,3,3,2.44,0,102
101,2020,9,11,0351,50.30,127.52,3.17,0,3,3,2.44,0,102
102,2020,9,11,0351,50.30,127.54,3.17,0,3,3,3.16,0,102
103,2020,9,11,0351,50.28,127.48,3.17,0,3,3,1.87,0,102
104,2020,9,11,0351,50.28,127.50,3.17,0,3,3,2.64,0,102
105,2020,9,11,0351,50.28,127.52,3.17,0,3,3,2.64,0,102
106,2020,9,11,0351,50.28,127.54,3.17,0,3,3,2.33,0,102
107,2020,9,11,0351,50.26,124.48,3.17,0,3,3,1.18,0,114
108,2020,9,11,0351,50.26,124.50,3.17,0,3,3,1.18,0,114
109,2020,9,11,0351,50.26,127.48,3.17,0,3,3,1.87,0,102
110,2020,9,11,0351,50.26,127.50,3.17,0,3,3,1.87,0,102
111,2020,9,11,0351,50.26,127.52,3.17,0,3,3,2.64,0,102
112,2020,9,11,0351,50.26,127.54,3.17,0,3,3,2.33,0,102
113,2020,9,11,0351,50.26,127.56,3.17,0,3,3,2.33,0,102
114,2020,9,11,0351,50.24,124.50,3.17,0,3,3,1.18,0,114
115,2020,9,11,0351,50.24,127.48,3.17,0,3,1,2.39,0,102
116,2020,9,11,0351,50.24,127.50,3.17,0,3,1,2.39,0,102
117,2020,9,11,0351,50.22,127.50,3.17,0,3,1,2.39,0,102
118,2020,9,11,0351,50.18,118.08,3.17,0,3,1,2.26,0,120
119,2020,9,11,0351,50.16,118.08,3.18,0,3,1,2.26,0,120
120,2020,9,11,0351,50.16,118.10,3.18,0,3,1,2.26,0,120
121,2020,9,11,0351,49.94,127.98,3.19,0,3,3,2.19,2,122
122,2020,9,11,0351,49.92,127.98,3.19,0,3,3,2.19,2,122
123,2020,9,11,0351,49.92,128.00,3.19,0,3,3,2.19,2,122
124,2020,9,11,0351,49.78,125.90,3.20,0,2,3,2.41,0,126
125,2020,9,11,0351,49.78,125.92,3.20,0,2,3,2.41,0,126
126,2020,9,11,0351,49.76,125.92,3.20,0,2,3,2.41,0,126
127,2020,9,11,0351,49.72,124.62,3.20,0,3,3,1.78,2,127
128,2020,9,11,0351,49.72,124.64,3.20,0,3,3,1.78,2,127
129,2020,9,11,0351,49.70,124.64,3.21,0,3,3,1.78,2,127
130,2020,9,11,0351,49.48,119.88,3.22,0,3,1,2.19,0,131
131,2020,9,11,0351,49.48,119.90,3.22,0,3,3,2.54,0,131
132,2020,9,11,0351,49.48,119.92,3.22,0,3,3,2.54,0,131
133,2020,9,11,0351,49.48,125.98,3.22,0,3,3,2.82,0,133
134,2020,9,11,0351,49.48,126.00,3.22,0,3,3,2.82,0,133
135,2020,9,11,0351,49.46,119.90,3.22,0,3,1,2.19,0,131
136,2020,9,11,0351,49.46,119.92,3.22,0,3,3,2.54,0,131
137,2020,9,11,0351,49.04,131.04,3.25,0,3,3,1.49,0,138
138,2020,9,11,0351,49.02,131.04,3.25,0,3,3,1.49,0,138
139,2020,9,11,0351,49.02,131.06,3.25,0,3,3,1.49,0,138
140,2020,9,11,0351,48.82,132.90,3.26,0,3,1,1.21,0,153
141,2020,9,11,0351,48.82,132.92,3.26,0,3,1,1.21,0,153
142,2020,9,11,0351,48.80,132.92,3.26,0,3,1,1.21,0,153
143,2020,9,11,0351,48.78,132.88,3.27,0,3,1,1.21,0,153
144,2020,9,11,0351,48.78,132.90,3.27,0,3,1,1.21,0,153
145,2020,9,11,0351,48.78,132.92,3.27,0,2,3,3.18,0,153
146,2020,9,11,0351,48.78,132.94,3.27,0,3,3,1.38,0,153
147,2020,9,11,0351,48.78,132.96,3.27,0,3,3,1.38,0,153
148,2020,9,11,0351,48.76,126.10,3.27,1,2,3,3.93,0,158
149,2020,9,11,0351,48.76,126.12,3.27,1,2,3,3.93,0,158
150,2020,9,11,0351,48.76,126.14,3.27,0,2,1,5.79,0,158
151,2020,9,11,0351,48.76,132.88,3.27,0,3,3,1.21,0,153
152,2020,9,11,0351,48.76,132.90,3.27,0,3,1,1.21,0,153
153,2020,9,11,0351,48.76,132.92,3.27,0,2,3,3.18,0,153
154,2020,9,11,0351,48.76,132.94,3.27,0,3,3,1.38,0,153
155,2020,9,11,0351,48.76,132.96,3.27,0,3,3,1.38,0,153
156,2020,9,11,0351,48.74,126.10,3.27,1,2,3,3.93,0,158
157,2020,9,11,0351,48.74,126.12,3.27,1,2,3,3.93,0,158
158,2020,9,11,0351,48.74,126.14,3.27,0,2,1,5.79,0,158
159,2020,9,11,0351,48.72,126.08,3.27,1,2,5,3.62,0,158
160,2020,9,11,0351,48.72,126.10,3.27,1,2,5,3.62,0,158
161,2020,9,11,0351,48.72,126.12,3.27,1,3,1,4.38,0,158
162,2020,9,11,0351,48.72,126.14,3.27,0,3,3,3.00,0,158
163,2020,9,11,0351,48.72,126.16,3.27,0,3,3,3.01,0,158
164,2020,9,11,0351,48.70,126.10,3.27,0,2,5,3.62,0,158
165,2020,9,11,0351,48.70,126.12,3.27,0,3,1,4.38,0,158
166,2020,9,11,0351,48.70,126.14,3.27,0,3,1,4.38,0,158
167,2020,9,11,0351,48.70,126.16,3.27,0,3,3,3.01,0,158
168,2020,9,11,0351,48.68,126.12,3.27,0,3,3,2.44,0,158
169,2020,9,11,0351,48.68,126.14,3.27,0,3,3,2.44,0,158
170,2020,9,11,0351,48.60,129.42,3.28,0,3,3,1.67,2,170
171,2020,9,11,0351,48.60,129.44,3.28,0,3,3,1.67,2,170
172,2020,9,11,0351,48.58,129.44,3.28,0,3,3,1.67,2,170
173,2020,9,11,0351,48.04,126.22,3.31,0,2,3,1.82,0,175
174,2020,9,11,0351,48.02,126.22,3.32,0,2,3,1.82,0,175
175,2020,9,11,0351,48.02,126.24,3.32,0,2,3,1.82,0,175
176,2020,9,11,0351,47.88,128.80,3.32,0,3,3,1.52,0,178
177,2020,9,11,0351,47.88,128.82,3.32,0,3,1,1.47,2,178
178,2020,9,11,0351,47.86,128.80,3.33,0,3,3,1.52,0,178
179,2020,9,11,0351,47.86,128.82,3.33,0,3,3,1.47,2,178
180,2020,9,11,0351,47.86,128.84,3.33,0,3,1,1.47,2,178
181,2020,9,11,0351,47.74,128.80,3.33,0,3,3,1.35,0,181
182,2020,9,11,0351,47.48,118.24,3.35,0,3,3,4.64,0,184
183,2020,9,11,0351,47.48,118.26,3.35,0,3,3,4.64,0,184
184,2020,9,11,0351,47.46,118.26,3.35,0,3,3,4.64,0,184
185,2020,9,11,0351,44.46,125.16,3.54,0,2,1,1.61,0,187
186,2020,9,11,0351,44.44,125.16,3.54,0,2,3,1.61,0,187
187,2020,9,11,0351,44.44,125.18,3.54,0,2,3,1.61,0,187
188,2020,9,11,0351,37.44,138.86,3.94,0,2,1,5.31,0,188
189,2020,9,11,0351,37.38,138.56,3.94,0,2,1,6.41,0,189
190,2020,9,11,0351,37.36,138.56,3.94,0,2,1,6.41,0,189
191,2020,9,11,0351,35.58,114.52,4.03,0,3,1,3.05,0,191
192,2020,9,11,0351,35.58,114.54,4.03,0,3,1,3.05,0,191
193,2020,9,11,0351,35.56,114.50,4.03,0,3,1,2.75,0,191
194,2020,9,11,0351,35.56,114.52,4.03,0,3,1,2.75,0,191
195,2020,9,11,0351,35.56,114.54,4.03,0,3,1,3.05,0,191
196,2020,9,11,0351,35.54,114.52,4.03,0,3,1,2.75,0,191
197,2020,9,11,0351,35.54,114.54,4.03,0,3,1,2.62,0,191
198,2020,9,11,0351,35.30,115.08,4.05,0,3,1,2.63,0,198
199,2020,9,11,0351,35.30,115.10,4.05,0,3,1,2.63,0,198
200,2020,9,11,0351,34.46,115.62,4.09,0,3,3,1.43,0,202
201,2020,9,11,0351,34.46,115.64,4.09,0,3,1,1.72,0,202
202,2020,9,11,0351,34.44,115.62,4.09,0,3,1,2.05,0,202
203,2020,9,11,0351,34.44,115.64,4.09,0,3,1,1.72,0,202
204,2020,9,11,0351,34.44,115.66,4.09,0,3,1,1.72,0,202
205,2020,9,11,0351,34.42,115.64,4.09,0,3,1,2.05,0,202
206,2020,9,11,0351,34.42,115.66,4.09,0,3,1,1.72,0,202
207,2020,9,11,0351,34.42,116.32,4.09,0,3,1,2.08,0,207
208,2020,9,11,0351,34.42,116.34,4.09,0,3,3,2.08,0,207
209,2020,9,11,0351,34.42,119.84,4.09,0,3,1,3.96,0,209
210,2020,9,11,0351,34.40,119.84,4.09,0,3,1,3.96,0,209
211,2020,9,11,0351,34.24,116.14,4.10,0,3,1,2.32,0,211
212,2020,9,11,0351,34.22,116.14,4.10,0,3,1,2.32,0,211
213,2020,9,11,0351,33.92,118.22,4.11,0,3,1,1.76,0,213
214,2020,9,11,0351,33.88,115.46,4.12,0,3,1,2.11,0,214
215,2020,9,11,0351,33.88,115.48,4.12,0,3,1,2.11,0,214
216,2020,9,11,0351,33.86,115.76,4.12,0,3,1,2.15,0,218
217,2020,9,11,0351,33.84,115.74,4.12,0,3,1,1.43,0,218
218,2020,9,11,0351,33.84,115.76,4.12,0,2,1,2.64,0,218
219,2020,9,11,0351,33.84,115.78,4.12,0,2,1,2.64,0,218
220,2020,9,11,0351,33.66,114.96,4.13,0,3,3,1.77,0,223
221,2020,9,11,0351,33.64,114.96,4.13,0,3,3,1.70,0,223
222,2020,9,11,0351,33.64,114.98,4.13,0,3,3,2.36,2,223
223,2020,9,11,0351,33.64,115.00,4.13,0,3,3,2.36,2,223
224,2020,9,11,0351,33.62,114.98,4.13,0,3,3,1.70,0,223
225,2020,9,11,0351,33.62,115.00,4.13,0,3,3,2.36,2,223
226,2020,9,11,0351,33.60,115.02,4.13,0,3,1,3.26,2,226
227,2020,9,11,0351,33.60,115.04,4.13,0,3,1,3.26,2,226
228,2020,9,11,0351,33.58,114.02,4.13,0,2,1,1.96,0,235
229,2020,9,11,0351,33.58,114.04,4.13,0,2,3,1.71,0,235
230,2020,9,11,0351,33.58,114.06,4.13,0,2,1,1.71,0,235
231,2020,9,11,0351,33.58,118.98,4.13,0,2,1,2.52,0,231
232,2020,9,11,0351,33.56,114.00,4.13,0,3,1,1.45,0,235
233,2020,9,11,0351,33.56,114.02,4.13,0,3,1,1.45,0,235
234,2020,9,11,0351,33.56,114.04,4.13,0,3,1,1.64,0,235
235,2020,9,11,0351,33.56,114.06,4.13,0,3,1,2.04,0,235
236,2020,9,11,0351,33.56,118.98,4.13,0,2,1,2.52,0,231
237,2020,9,11,0351,33.50,116.16,4.13,0,3,3,2.00,0,239
238,2020,9,11,0351,33.50,116.18,4.13,0,3,3,2.00,0,239
239,2020,9,11,0351,33.50,116.20,4.13,0,3,1,2.37,0,239
240,2020,9,11,0351,33.28,116.54,4.14,0,3,1,2.00,0,240
241,2020,9,11,0351,32.88,115.82,4.16,0,3,1,1.68,0,241
242,2020,9,11,0351,32.88,115.84,4.16,0,3,1,1.68,0,241
243,2020,9,11,0351,32.86,115.84,4.16,0,3,1,1.68,0,241
244,2020,9,11,0351,32.34,118.34,4.19,0,1,3,12.93,0,244
245,2020,9,11,0351,32.34,118.36,4.19,0,3,3,2.85,0,244
246,2020,9,11,0351,32.34,118.38,4.19,0,3,3,2.85,0,244
247,2020,9,11,0351,32.32,118.38,4.19,0,3,3,2.85,0,244
248,2020,9,11,0351,31.04,114.60,4.25,0,3,1,2.23,2,248
249,2020,9,11,0351,30.82,110.96,4.26,0,3,1,2.84,0,249
250,2020,9,11,0351,21.68,110.88,4.61,0,3,1,2.55,0,250
251,2020,9,11,0351,18.24,121.40,4.71,0,3,3,3.16,0,251
252,2020,9,11,0356,15.50,120.60,4.78,0,2,3,5.92,0,254
253,2020,9,11,0356,15.48,120.58,4.78,0,3,3,4.24,0,254
254,2020,9,11,0356,15.48,120.60,4.78,0,2,3,7.64,0,254
255,2020,9,11,0356,14.36,107.98,4.80,0,3,1,3.09,0,255
256,2020,9,11,0356,14.24,99.68,4.80,0,3,1,4.53,0,259
257,2020,9,11,0356,14.24,99.70,4.80,0,3,3,4.53,0,259
258,2020,9,11,0356,14.24,99.72,4.80,0,3,1,4.02,0,259
259,2020,9,11,0356,14.22,99.70,4.80,0,3,3,4.88,0,259
260,2020,9,11,0356,10.60,104.14,4.87,0,3,1,3.23,0,261
261,2020,9,11,0356,10.60,104.16,4.87,0,3,1,3.23,0,261
262,2020,9,11,0356,8.48,124.64,4.90,0,3,1,5.87,0,262
263,2020,9,11,0356,8.22,124.24,4.91,0,3,1,4.99,0,263
264,2020,9,11,0356,7.82,123.42,4.91,0,3,3,4.26,0,264
265,2020,9,11,0356,.32,102.34,4.96,0,3,1,4.41,0,265
266,2020,9,11,0356,-3.60,141.70,4.95,0,2,3,11.19,0,266
267,2020,9,11,0356,-3.64,141.36,4.95,0,3,3,2.46,0,267
268,2020,9,11,0356,-3.66,141.68,4.95,0,2,3,7.30,0,268
269,2020,9,11,0356,-3.90,141.16,4.95,0,3,3,3.73,0,270
270,2020,9,11,0356,-3.90,141.18,4.95,0,3,3,3.75,0,270
271,2020,9,11,0356,-4.22,152.18,4.94,0,3,1,4.89,0,271
272,2020,9,11,0356,-4.34,144.00,4.94,0,3,3,4.57,0,272
273,2020,9,11,0356,-5.64,146.34,4.93,0,3,3,6.75,0,273
274,2020,9,11,0356,-6.54,146.64,4.92,0,2,5,16.19,0,274
275,2020,9,11,0356,-7.48,138.98,4.91,0,2,3,29.67,0,275
276,2020,9,11,0356,-7.66,138.12,4.91,0,3,3,6.13,0,276
277,2020,9,11,0356,-7.74,126.20,4.91,0,2,3,20.70,0,277
278,2020,9,11,0356,-7.76,126.20,4.91,0,2,3,13.73,0,277
279,2020,9,11,0356,-7.90,129.62,4.91,0,3,1,7.96,0,279
280,2020,9,11,0356,-7.94,137.92,4.91,0,2,3,10.41,0,281
281,2020,9,11,0356,-7.96,137.92,4.91,0,2,3,12.18,0,281
282,2020,9,11,0356,-8.06,139.18,4.91,0,2,5,16.31,0,282
283,2020,9,11,0356,-8.08,139.12,4.91,0,2,3,6.78,0,283
284,2020,9,11,0356,-8.26,125.00,4.91,0,2,1,16.03,0,284
285,2020,9,11,0356,-8.52,146.36,4.90,0,2,3,15.38,0,285
286,2020,9,11,0356,-8.52,146.38,4.90,0,2,3,13.57,0,285
287,2020,9,11,0356,-8.54,146.36,4.90,0,2,3,12.92,0,285
288,2020,9,11,0356,-8.54,146.40,4.90,0,2,3,24.47,0,288
289,2020,9,11,0356,-8.54,146.42,4.90,0,2,3,21.74,0,288
290,2020,9,11,0356,-8.62,121.68,4.90,0,3,3,11.79,0,290
291,2020,9,11,0356,-9.12,125.16,4.89,0,2,5,51.99,0,291
292,2020,9,11,0356,-9.14,125.16,4.89,0,2,1,21.76,0,291
293,2020,9,11,0356,-9.26,124.32,4.89,0,2,3,14.70,0,293
294,2020,9,11,0356,-9.74,119.78,4.89,0,2,3,20.30,0,294
295,2020,9,11,0356,-10.00,147.86,4.88,0,3,3,3.42,0,295
296,2020,9,11,0356,-11.62,132.80,4.86,0,2,3,29.20,0,296
297,2020,9,11,0356,-12.18,132.80,4.85,0,2,5,57.40,0,298
298,2020,9,11,0356,-12.20,132.80,4.84,0,2,5,151.22,0,298
299,2020,9,11,0356,-12.24,132.90,4.84,0,3,3,19.91,0,299
300,2020,9,11,0356,-12.26,132.90,4.84,0,2,1,11.96,0,299
301,2020,9,11,0356,-12.38,132.16,4.84,0,2,3,10.80,0,301
302,2020,9,11,0356,-13.06,142.96,4.83,0,2,3,38.60,0,302
303,2020,9,11,0356,-13.30,141.72,4.82,0,2,3,14.37,0,303
304,2020,9,11,0356,-13.52,131.84,4.82,0,2,5,54.07,0,304
305,2020,9,11,0356,-13.54,131.86,4.82,0,2,3,31.47,0,305
306,2020,9,11,0356,-13.66,132.04,4.82,0,2,3,12.67,0,306
307,2020,9,11,0356,-14.28,131.18,4.80,0,2,3,40.92,0,308
308,2020,9,11,0356,-14.30,131.18,4.80,0,2,5,41.17,0,308
309,2020,9,11,0356,-14.54,134.32,4.80,0,3,3,7.10,0,310
310,2020,9,11,0356,-14.54,134.34,4.80,0,2,3,13.36,0,310
311,2020,9,11,0356,-14.54,134.56,4.80,0,3,3,6.88,0,311
312,2020,9,11,0356,-14.54,143.34,4.80,0,3,3,4.04,0,312
313,2020,9,11,0356,-14.56,143.36,4.80,0,3,1,3.12,0,313
314,2020,9,11,0356,-14.60,132.74,4.80,0,3,1,3.56,0,314
315,2020,9,11,0356,-14.64,133.10,4.80,0,2,1,5.75,0,315
316,2020,9,11,0356,-14.66,131.90,4.80,0,3,3,3.47,0,316
317,2020,9,11,0356,-14.66,133.10,4.80,0,2,1,5.22,0,315
318,2020,9,11,0356,-14.72,134.58,4.79,0,2,5,48.99,0,318
319,2020,9,11,0356,-14.72,134.60,4.79,0,2,5,28.43,0,318
320,2020,9,11,0356,-14.74,134.60,4.79,0,2,3,13.91,0,318
321,2020,9,11,0356,-14.74,134.62,4.79,0,2,5,28.11,0,318
322,2020,9,11,0356,-14.74,134.64,4.79,0,2,3,10.84,0,318
323,2020,9,11,0356,-15.44,144.34,4.78,0,3,3,5.61,0,323
324,2020,9,11,0356,-15.44,144.36,4.78,0,3,3,4.50,0,323
325,2020,9,11,0356,-15.60,145.16,4.77,0,2,5,35.21,0,325
326,2020,9,11,0356,-15.96,142.34,4.77,0,3,1,3.24,0,326
327,2020,9,11,0356,-16.00,142.36,4.76,0,2,3,4.47,0,327
328,2020,9,11,0356,-16.02,142.54,4.76,0,3,1,3.61,0,328
329,2020,9,11,0356,-16.06,142.62,4.76,0,3,1,3.44,0,329
330,2020,9,11,0356,-16.30,142.80,4.76,0,2,3,4.62,0,330
331,2020,9,11,0356,-16.50,141.84,4.75,0,3,1,3.18,0,331
332,2020,9,11,0356,-16.66,141.24,4.75,0,3,3,5.88,0,332
333,2020,9,11,0356,-16.66,143.38,4.75,0,3,3,4.41,0,333
334,2020,9,11,0356,-16.68,141.24,4.75,0,3,1,5.82,0,332
335,2020,9,11,0356,-16.76,127.40,4.75,0,2,3,4.57,0,335
336,2020,9,11,0356,-16.86,144.22,4.74,0,3,3,3.37,0,336
337,2020,9,11,0356,-16.94,136.80,4.74,0,2,1,6.10,0,337
338,2020,9,11,0356,-17.06,142.40,4.74,0,2,3,3.24,0,338
339,2020,9,11,0356,-17.40,139.02,4.73,0,2,3,5.65,0,339
340,2020,9,11,0356,-17.42,139.02,4.73,0,3,3,5.29,0,339
341,2020,9,11,0356,-17.42,139.04,4.73,0,2,3,5.22,0,339
342,2020,9,11,0356,-17.44,139.04,4.73,0,3,3,4.71,0,339
343,2020,9,11,0356,-17.62,142.40,4.72,0,3,1,2.69,0,343
344,2020,9,11,0356,-18.28,144.60,4.71,0,2,3,5.27,0,344
345,2020,9,11,0356,-18.40,124.60,4.70,0,2,3,5.99,0,345
346,2020,9,11,0356,-18.50,121.94,4.70,0,2,3,7.43,0,346
347,2020,9,11,0356,-18.50,121.96,4.70,0,3,3,7.04,0,346
348,2020,9,11,0356,-18.50,121.98,4.70,0,3,3,7.09,0,346
349,2020,9,11,0356,-18.64,145.90,4.70,0,2,5,27.52,0,349
350,2020,9,11,0356,-20.98,118.56,4.63,0,2,5,21.43,0,352
351,2020,9,11,0356,-20.98,118.58,4.63,0,2,5,21.43,0,352
352,2020,9,11,0356,-21.00,118.56,4.63,0,2,5,61.93,0,352
353,2020,9,11,0356,-21.00,118.58,4.63,0,2,5,30.86,0,352
354,2020,9,11,0356,-21.02,118.56,4.63,0,2,3,15.64,0,352
355,2020,9,11,0356,-22.52,148.94,4.58,0,2,5,34.34,0,355
356,2020,9,11,0356,-27.88,114.18,4.38,0,3,1,3.98,2,356
357,2020,9,11,0356,-31.42,146.84,4.23,0,3,5,7.79,0,358
358,2020,9,11,0356,-31.44,146.84,4.23,0,3,5,7.79,0,358
359,2020,9,11,0356,-31.76,147.74,4.21,0,3,1,3.68,2,359
360,2020,9,11,0356,-31.78,147.74,4.21,0,3,3,3.25,0,359
361,2020,9,11,0356,-31.80,147.74,4.21,0,3,3,3.25,0,359
362,2020,9,11,0356,-32.00,149.06,4.20,0,3,3,3.80,2,362
363,2020,9,11,0356,-32.02,149.04,4.20,0,3,3,3.09,0,362
364,2020,9,11,0356,-32.02,149.06,4.20,0,3,3,3.16,0,362
365,2020,9,11,0356,-32.24,148.60,4.19,0,3,3,2.09,0,371
366,2020,9,11,0356,-32.24,148.62,4.19,0,3,3,2.62,0,371
367,2020,9,11,0356,-32.26,148.60,4.19,0,3,3,2.77,0,371
368,2020,9,11,0356,-32.26,148.62,4.19,0,3,3,2.94,0,371
369,2020,9,11,0356,-32.28,148.00,4.19,0,3,1,4.41,2,369
370,2020,9,11,0356,-32.28,148.60,4.19,0,3,3,2.77,0,371
371,2020,9,11,0356,-32.28,148.62,4.19,0,3,3,2.94,0,371
372,2020,9,11,0356,-32.30,148.14,4.19,0,3,3,4.49,2,373
373,2020,9,11,0356,-32.32,148.14,4.19,0,3,3,4.49,2,373
374,2020,9,11,0356,-32.52,148.06,4.18,0,3,3,2.92,0,375
375,2020,9,11,0356,-32.52,148.08,4.18,0,3,3,2.92,0,375
376,2020,9,11,0356,-32.58,148.94,4.18,0,3,3,2.23,2,376
377,2020,9,11,0356,-32.62,146.68,4.17,0,3,3,5.91,0,377
378,2020,9,11,0356,-32.74,146.90,4.17,0,3,3,4.08,0,378
379,2020,9,11,0356,-33.26,149.08,4.14,0,3,3,2.36,0,382
380,2020,9,11,0356,-33.28,149.08,4.14,0,3,3,2.36,0,382
381,2020,9,11,0356,-33.28,149.10,4.14,0,3,3,2.35,0,382
382,2020,9,11,0356,-33.30,149.08,4.14,0,3,3,3.19,0,382
383,2020,9,11,0356,-33.30,149.10,4.14,0,3,3,3.03,0,382
384,2020,9,11,0356,-33.30,149.12,4.14,0,3,3,3.03,0,382
385,2020,9,11,0356,-33.84,148.68,4.12,0,3,3,2.23,0,385
386,2020,9,11,0356,-33.96,147.10,4.11,0,3,1,1.79,0,386
387,2020,9,11,0356,-34.32,148.30,4.09,0,3,3,2.02,0,387
388,2020,9,11,0356,-34.46,150.86,4.09,0,3,1,3.96,0,388
389,2020,9,11,0356,-34.76,149.72,4.07,0,3,3,1.94,0,389
390,2020,9,11,0356,-35.12,147.34,4.05,0,3,3,2.03,0,392
391,2020,9,11,0356,-35.14,147.32,4.05,0,3,3,2.29,0,392
392,2020,9,11,0356,-35.14,147.34,4.05,0,3,3,3.33,0,392
393,2020,9,11,0356,-35.14,147.36,4.05,0,3,3,2.11,0,392
394,2020,9,11,0356,-35.14,147.38,4.05,0,3,3,2.11,0,392
395,2020,9,11,0356,-35.16,147.34,4.05,0,3,3,2.01,0,392
396,2020,9,11,0356,-35.16,147.36,4.05,0,3,3,2.01,0,392
397,2020,9,11,0356,-36.06,146.92,4.01,0,3,1,3.05,0,397
398,2020,9,11,0356,-36.08,146.90,4.01,0,3,3,1.97,0,397
399,2020,9,11,0356,-36.08,146.92,4.01,0,3,3,2.35,0,397
400,2020,9,11,0356,-36.08,146.94,4.01,0,3,3,2.35,0,397
401,2020,9,11,0356,-36.12,146.84,4.00,0,3,3,2.21,0,405
402,2020,9,11,0356,-36.12,146.86,4.00,0,3,3,2.82,0,405
403,2020,9,11,0356,-36.12,147.46,4.00,0,2,5,23.58,0,403
404,2020,9,11,0356,-36.14,146.84,4.00,0,3,3,2.21,0,405
405,2020,9,11,0356,-36.14,146.86,4.00,0,3,3,2.82,0,405
406,2020,9,11,0356,-36.14,147.46,4.00,0,2,3,14.61,0,403
407,2020,9,11,0356,-37.68,146.72,3.92,0,3,1,1.60,0,408
408,2020,9,11,0356,-37.70,146.72,3.92,0,3,1,1.60,0,408
