# 2019  8 10  2 20 UTC  2020  3 21 16 17 UTC
# ID,Year,Month,Day,Time(UTC),Lat,Lon,Area(km^2),Volcano,Level,Reliability,FRP(Wm^-2),QF,Hot(ID)
1,2019,8,10,0221,59.92,119.60,2.48,0,3,1,1.18,0,1
2,2019,8,10,0221,59.90,119.62,2.49,0,3,1,1.23,0,4
3,2019,8,10,0221,59.90,119.64,2.49,0,3,1,1.23,0,4
4,2019,8,10,0221,59.88,119.64,2.49,0,3,1,1.23,0,4
5,2019,8,10,0221,58.68,123.04,2.58,0,3,3,2.46,0,7
6,2019,8,10,0221,58.68,123.06,2.58,0,3,3,2.46,0,7
7,2019,8,10,0221,58.66,123.04,2.58,0,3,3,2.47,0,7
8,2019,8,10,0221,58.66,123.06,2.58,0,3,3,2.47,0,7
9,2019,8,10,0221,58.12,126.12,2.62,0,2,1,1.13,0,9
10,2019,8,10,0221,57.34,124.98,2.67,0,2,3,8.91,0,12
11,2019,8,10,0221,57.32,124.98,2.68,0,2,3,8.93,0,12
12,2019,8,10,0221,57.32,125.00,2.68,0,2,3,8.93,0,12
13,2019,8,10,0221,56.98,124.76,2.70,0,3,1,1.71,0,13
14,2019,8,10,0221,56.72,124.60,2.72,0,3,1,3.16,0,17
15,2019,8,10,0221,56.72,124.62,2.72,0,3,1,3.16,0,17
16,2019,8,10,0221,56.70,124.60,2.72,0,3,1,3.17,0,17
17,2019,8,10,0221,56.70,124.62,2.72,0,3,1,3.17,0,17
18,2019,8,10,0221,56.70,126.92,2.72,0,3,3,2.92,0,20
19,2019,8,10,0221,56.70,126.94,2.72,0,3,3,2.92,0,20
20,2019,8,10,0221,56.68,126.94,2.72,0,3,3,2.92,0,20
21,2019,8,10,0221,56.68,126.96,2.72,0,3,3,2.92,0,20
22,2019,8,10,0221,56.66,106.26,2.72,0,2,5,23.18,0,23
23,2019,8,10,0221,56.66,106.28,2.72,0,2,5,23.18,0,23
24,2019,8,10,0221,56.66,106.30,2.72,0,2,5,14.75,0,23
25,2019,8,10,0221,56.64,106.28,2.73,0,2,5,22.93,0,23
26,2019,8,10,0221,56.64,106.30,2.73,0,2,5,22.93,0,23
27,2019,8,10,0221,56.64,106.32,2.73,0,2,3,14.77,0,23
28,2019,8,10,0221,56.64,106.34,2.73,0,2,3,14.77,0,23
29,2019,8,10,0221,56.64,106.36,2.73,0,2,3,14.77,0,23
30,2019,8,10,0221,56.62,106.30,2.73,0,2,5,22.93,0,23
31,2019,8,10,0221,56.62,106.32,2.73,0,2,5,22.93,0,23
32,2019,8,10,0221,56.62,106.34,2.73,0,2,3,14.77,0,23
33,2019,8,10,0221,56.62,106.36,2.73,0,2,3,14.77,0,23
34,2019,8,10,0221,56.62,106.38,2.73,0,2,3,14.79,0,23
35,2019,8,10,0221,56.60,106.32,2.73,0,2,3,20.65,0,23
36,2019,8,10,0221,56.60,106.34,2.73,0,2,3,20.71,0,23
37,2019,8,10,0221,56.60,106.36,2.73,0,2,3,20.71,0,23
38,2019,8,10,0221,56.60,109.54,2.73,0,2,3,24.63,0,47
39,2019,8,10,0221,56.60,109.56,2.73,0,2,3,24.63,0,47
40,2019,8,10,0221,56.60,109.58,2.73,0,2,3,30.12,0,47
41,2019,8,10,0221,56.60,109.60,2.73,0,2,3,30.12,0,47
42,2019,8,10,0221,56.58,106.36,2.73,0,2,3,20.71,0,23
43,2019,8,10,0221,56.58,106.38,2.73,0,2,3,20.71,0,23
44,2019,8,10,0221,56.58,109.56,2.73,0,2,3,24.64,0,47
45,2019,8,10,0221,56.58,109.58,2.73,0,2,3,24.64,0,47
46,2019,8,10,0221,56.58,109.60,2.73,0,2,3,30.12,0,47
47,2019,8,10,0221,56.58,109.62,2.73,0,2,3,30.12,0,47
48,2019,8,10,0221,56.52,105.42,2.73,0,2,3,9.48,0,53
49,2019,8,10,0221,56.52,105.44,2.73,0,2,3,9.49,0,53
50,2019,8,10,0221,56.52,105.46,2.73,0,2,3,9.49,0,53
51,2019,8,10,0221,56.50,105.44,2.74,0,2,3,9.49,0,53
52,2019,8,10,0221,56.50,105.46,2.74,0,2,3,9.49,0,53
53,2019,8,10,0221,56.50,105.48,2.74,0,2,3,9.50,0,53
54,2019,8,10,0221,56.48,105.50,2.74,0,2,3,10.90,0,54
55,2019,8,10,0221,56.20,131.24,2.76,0,3,3,1.17,0,55
56,2019,8,10,0221,54.44,101.82,2.88,0,3,1,2.10,0,58
57,2019,8,10,0221,54.44,101.84,2.88,0,3,1,2.10,0,58
58,2019,8,10,0221,54.44,101.86,2.88,0,3,1,2.10,0,58
59,2019,8,10,0221,53.36,133.12,2.96,0,3,1,1.78,0,60
60,2019,8,10,0221,53.34,133.12,2.96,0,3,3,1.78,0,60
61,2019,8,10,0221,53.34,133.14,2.96,0,3,1,1.78,0,60
62,2019,8,10,0221,52.70,136.02,3.00,0,3,1,1.74,0,63
63,2019,8,10,0221,52.68,136.02,3.01,0,3,1,1.74,0,63
64,2019,8,10,0221,52.68,136.04,3.01,0,3,1,1.74,0,63
65,2019,8,10,0221,51.84,138.22,3.06,0,3,1,1.26,0,67
66,2019,8,10,0221,51.84,138.24,3.06,0,3,1,1.26,0,67
67,2019,8,10,0221,51.82,138.24,3.06,0,3,3,1.26,0,67
68,2019,8,10,0221,51.72,138.52,3.07,0,3,3,1.73,0,69
69,2019,8,10,0221,51.70,138.52,3.07,0,3,3,1.73,0,69
70,2019,8,10,0221,51.34,138.36,3.10,0,3,3,1.15,0,71
71,2019,8,10,0221,51.32,138.36,3.10,0,3,3,1.15,0,71
72,2019,8,10,0221,49.64,102.68,3.21,0,3,3,2.15,0,75
73,2019,8,10,0221,49.64,102.70,3.21,0,3,3,2.15,0,75
74,2019,8,10,0221,49.62,102.70,3.21,0,3,3,2.15,0,75
75,2019,8,10,0221,49.62,102.72,3.21,0,3,3,2.15,0,75
76,2019,8,10,0221,41.18,114.70,3.73,0,3,1,1.48,0,78
77,2019,8,10,0221,41.16,114.70,3.73,0,3,3,1.93,0,78
78,2019,8,10,0221,41.16,114.72,3.73,0,3,3,1.93,0,78
79,2019,8,10,0221,38.42,112.72,3.88,0,3,1,2.12,0,79
80,2019,8,10,0221,37.50,139.92,3.93,0,2,1,10.02,0,80
81,2019,8,10,0221,37.48,139.92,3.93,0,2,1,10.02,0,80
82,2019,8,10,0221,37.42,140.34,3.94,0,2,3,17.19,0,82
83,2019,8,10,0221,37.38,138.58,3.94,0,3,1,5.42,0,83
84,2019,8,10,0221,37.36,138.56,3.94,0,3,1,5.08,0,83
85,2019,8,10,0221,37.36,138.58,3.94,0,3,1,5.42,0,83
86,2019,8,10,0221,36.16,137.24,4.00,0,3,1,5.61,0,86
87,2019,8,10,0221,36.16,137.26,4.00,0,3,1,5.45,0,86
88,2019,8,10,0221,36.14,137.24,4.00,0,3,1,5.61,0,86
89,2019,8,10,0221,36.14,137.26,4.00,0,3,1,5.45,0,86
90,2019,8,10,0221,35.68,112.86,4.03,0,3,1,2.09,0,92
91,2019,8,10,0221,35.68,112.88,4.03,0,3,1,2.09,0,92
92,2019,8,10,0221,35.66,112.88,4.03,0,3,3,2.73,0,92
93,2019,8,10,0221,35.64,112.86,4.03,0,3,3,2.20,0,92
94,2019,8,10,0221,35.64,112.88,4.03,0,3,3,2.13,0,92
95,2019,8,10,0221,35.64,136.04,4.03,0,3,1,6.46,0,95
96,2019,8,10,0221,35.64,136.06,4.03,0,3,1,6.46,0,95
97,2019,8,10,0221,35.64,136.08,4.03,0,3,1,6.06,0,95
98,2019,8,10,0221,35.56,134.82,4.03,0,3,1,5.30,0,98
99,2019,8,10,0221,35.54,134.82,4.03,0,3,1,5.30,0,98
100,2019,8,10,0221,35.52,134.82,4.03,0,3,1,5.22,0,98
101,2019,8,10,0221,35.30,135.12,4.05,0,3,1,5.28,0,101
102,2019,8,10,0221,35.30,135.14,4.05,0,3,3,4.33,0,101
103,2019,8,10,0221,34.46,98.54,4.09,0,3,3,4.97,2,104
104,2019,8,10,0221,34.46,98.56,4.09,0,3,3,4.97,2,104
105,2019,8,10,0221,34.34,99.76,4.09,0,2,3,2.69,0,107
106,2019,8,10,0221,34.32,99.76,4.09,0,2,3,2.69,0,107
107,2019,8,10,0221,34.32,99.78,4.09,0,2,3,2.69,0,107
108,2019,8,10,0221,34.18,131.46,4.10,0,2,3,5.01,0,111
109,2019,8,10,0221,34.16,101.30,4.10,0,2,1,1.06,0,109
110,2019,8,10,0221,34.16,131.44,4.10,0,3,1,4.92,0,111
111,2019,8,10,0221,34.16,131.46,4.10,0,3,3,5.06,0,111
112,2019,8,10,0221,34.14,101.32,4.10,0,2,1,1.15,0,112
113,2019,8,10,0221,34.06,103.88,4.11,0,3,3,2.23,0,113
114,2019,8,10,0221,34.04,103.90,4.11,0,3,3,2.57,0,116
115,2019,8,10,0221,34.04,103.92,4.11,0,3,3,2.57,0,116
116,2019,8,10,0221,34.02,103.92,4.11,0,3,3,3.38,0,116
117,2019,8,10,0221,34.02,103.94,4.11,0,3,3,2.94,0,116
118,2019,8,10,0221,34.02,103.96,4.11,0,3,3,2.94,0,116
119,2019,8,10,0221,34.00,103.96,4.11,0,3,3,2.78,0,116
120,2019,8,10,0221,33.98,103.72,4.11,0,3,1,1.88,0,122
121,2019,8,10,0221,33.96,103.70,4.11,0,3,1,2.08,0,122
122,2019,8,10,0221,33.96,103.72,4.11,0,3,1,2.08,0,122
123,2019,8,10,0221,33.88,109.92,4.12,0,3,3,1.56,2,123
124,2019,8,10,0221,33.84,104.20,4.12,0,2,3,3.51,0,126
125,2019,8,10,0221,33.84,104.22,4.12,0,2,3,3.51,0,126
126,2019,8,10,0221,33.82,104.22,4.12,0,2,3,3.51,0,126
127,2019,8,10,0221,33.18,106.66,4.15,0,3,3,1.94,0,130
128,2019,8,10,0221,33.18,106.68,4.15,0,3,3,1.60,0,130
129,2019,8,10,0221,33.16,106.66,4.15,0,3,3,1.94,0,130
130,2019,8,10,0221,33.16,106.68,4.15,0,3,3,1.94,0,130
131,2019,8,10,0221,33.16,106.70,4.15,0,3,1,1.60,0,130
132,2019,8,10,0221,33.14,106.64,4.15,0,3,3,1.68,0,130
133,2019,8,10,0221,33.14,106.66,4.15,0,3,3,1.68,0,130
134,2019,8,10,0221,33.12,107.00,4.15,0,3,3,1.29,0,137
135,2019,8,10,0221,33.10,106.98,4.15,0,3,3,1.37,0,137
136,2019,8,10,0221,33.10,107.00,4.15,0,3,3,1.37,0,137
137,2019,8,10,0221,33.10,107.02,4.15,0,3,3,2.46,0,137
138,2019,8,10,0221,33.08,107.00,4.15,0,2,1,1.52,0,137
139,2019,8,10,0221,33.08,107.02,4.15,0,3,3,1.77,0,137
140,2019,8,10,0221,33.06,101.08,4.15,0,3,3,2.04,2,140
141,2019,8,10,0221,32.62,110.84,4.17,0,3,1,2.08,0,142
142,2019,8,10,0221,32.60,110.84,4.18,0,3,1,2.46,0,142
143,2019,8,10,0221,32.60,110.86,4.18,0,3,1,2.36,0,142
144,2019,8,10,0221,32.60,110.88,4.18,0,3,1,2.36,0,142
145,2019,8,10,0221,32.46,105.78,4.18,0,3,3,1.41,0,151
146,2019,8,10,0221,32.46,105.80,4.18,0,3,1,2.00,0,151
147,2019,8,10,0221,32.46,105.82,4.18,0,3,1,2.00,0,151
148,2019,8,10,0221,32.46,105.84,4.18,0,3,1,2.42,0,151
149,2019,8,10,0221,32.46,105.86,4.18,0,3,3,1.29,0,151
150,2019,8,10,0221,32.46,105.88,4.18,0,3,3,1.29,0,151
151,2019,8,10,0221,32.44,105.84,4.18,0,3,1,2.42,0,151
152,2019,8,10,0221,32.44,105.86,4.18,0,3,1,2.42,0,151
153,2019,8,10,0221,32.44,105.88,4.18,0,3,1,1.29,0,151
154,2019,8,10,0221,32.04,88.92,4.20,0,3,1,2.11,0,154
155,2019,8,10,0221,31.78,104.72,4.21,0,3,3,2.38,0,158
156,2019,8,10,0221,31.78,104.74,4.21,0,3,3,2.38,0,158
157,2019,8,10,0221,31.78,104.76,4.21,0,3,3,1.92,0,158
158,2019,8,10,0221,31.76,104.74,4.21,0,3,3,2.39,0,158
159,2019,8,10,0221,31.48,104.64,4.23,0,3,1,1.38,0,161
160,2019,8,10,0221,31.48,104.66,4.23,0,3,1,1.38,0,161
161,2019,8,10,0221,31.48,104.68,4.23,0,3,3,1.60,0,161
162,2019,8,10,0221,31.48,104.70,4.23,0,3,3,1.35,0,161
163,2019,8,10,0221,31.48,104.72,4.23,0,3,3,1.35,0,161
164,2019,8,10,0221,31.42,105.82,4.23,0,2,1,1.84,0,164
165,2019,8,10,0221,31.26,107.42,4.24,0,3,3,1.38,0,168
166,2019,8,10,0221,31.26,107.44,4.24,0,3,3,1.38,0,168
167,2019,8,10,0221,31.24,107.44,4.24,0,3,3,1.38,0,168
168,2019,8,10,0221,31.22,107.44,4.24,0,3,1,1.82,0,168
169,2019,8,10,0221,31.22,107.46,4.24,0,3,1,1.82,0,168
170,2019,8,10,0221,31.22,107.48,4.24,0,3,3,1.65,0,168
171,2019,8,10,0221,30.84,106.08,4.26,0,3,1,1.52,0,171
172,2019,8,10,0221,30.82,106.10,4.26,0,3,1,.98,0,172
173,2019,8,10,0221,30.80,106.10,4.26,0,3,1,.98,0,172
174,2019,8,10,0221,30.54,105.54,4.27,0,3,3,1.97,0,177
175,2019,8,10,0221,30.52,105.54,4.27,0,3,3,1.96,0,177
176,2019,8,10,0221,30.52,105.56,4.27,0,3,3,1.96,0,177
177,2019,8,10,0221,30.50,105.56,4.27,0,3,1,2.42,0,177
178,2019,8,10,0221,30.50,105.58,4.27,0,3,3,1.89,0,177
179,2019,8,10,0221,30.48,105.56,4.27,0,3,1,2.20,0,177
180,2019,8,10,0221,30.48,105.58,4.27,0,3,1,2.20,0,177
181,2019,8,10,0221,30.48,105.60,4.27,0,3,1,2.05,0,177
182,2019,8,10,0221,30.46,105.58,4.27,0,3,1,2.20,0,177
183,2019,8,10,0221,30.46,105.60,4.27,0,3,1,2.04,0,177
184,2019,8,10,0221,29.84,106.96,4.30,0,2,1,2.34,0,186
185,2019,8,10,0221,29.84,106.98,4.30,0,2,1,2.34,0,186
186,2019,8,10,0221,29.84,107.00,4.30,0,3,3,2.90,0,186
187,2019,8,10,0221,29.84,112.90,4.30,0,3,1,2.68,0,187
188,2019,8,10,0221,29.84,112.92,4.30,0,3,1,2.68,0,187
189,2019,8,10,0221,29.34,104.80,4.32,0,3,1,1.81,0,189
190,2019,8,10,0221,26.58,109.66,4.43,0,3,1,2.21,0,190
191,2019,8,10,0221,26.58,109.68,4.43,0,3,1,2.21,0,190
192,2019,8,10,0221,26.56,109.68,4.43,0,3,1,2.21,0,190
193,2019,8,10,0221,25.48,81.08,4.47,0,3,1,1.58,0,197
194,2019,8,10,0221,25.48,81.10,4.47,0,3,3,1.58,0,197
195,2019,8,10,0221,25.48,81.12,4.47,0,3,3,1.58,0,197
196,2019,8,10,0221,25.48,81.14,4.47,0,3,3,1.62,0,197
197,2019,8,10,0221,25.48,81.16,4.47,0,3,3,1.63,0,197
198,2019,8,10,0221,24.78,108.88,4.50,0,3,3,1.86,0,198
199,2019,8,10,0221,24.50,108.64,4.51,0,3,3,2.07,0,199
200,2019,8,10,0221,24.42,109.56,4.51,0,3,1,1.87,0,200
201,2019,8,10,0221,24.40,109.36,4.51,0,3,1,3.15,0,205
202,2019,8,10,0221,24.40,109.38,4.51,0,3,3,3.09,0,205
203,2019,8,10,0221,24.40,109.40,4.51,0,3,3,3.09,0,205
204,2019,8,10,0221,24.40,109.58,4.51,0,3,1,2.10,0,204
205,2019,8,10,0221,24.38,109.40,4.51,0,3,1,3.24,0,205
206,2019,8,10,0221,24.34,109.36,4.52,0,3,1,2.77,0,213
207,2019,8,10,0221,24.32,109.34,4.52,0,3,1,2.00,0,213
208,2019,8,10,0221,24.32,109.36,4.52,0,3,1,2.97,0,213
209,2019,8,10,0221,24.30,109.34,4.52,0,3,1,2.44,0,213
210,2019,8,10,0221,24.30,109.36,4.52,0,3,1,2.44,0,213
211,2019,8,10,0221,24.30,109.38,4.52,0,3,1,2.04,0,213
212,2019,8,10,0221,24.28,109.32,4.52,0,3,1,1.70,0,212
213,2019,8,10,0221,24.28,109.36,4.52,0,3,1,2.99,0,213
214,2019,8,10,0221,23.98,111.72,4.53,0,3,3,1.83,0,216
215,2019,8,10,0221,23.98,111.74,4.53,0,3,3,1.92,0,216
216,2019,8,10,0221,23.96,111.72,4.53,0,3,3,2.04,2,216
217,2019,8,10,0221,23.96,111.74,4.53,0,3,3,1.27,0,216
218,2019,8,10,0221,23.78,86.34,4.54,0,2,1,2.99,0,220
219,2019,8,10,0221,23.78,86.36,4.54,0,2,1,2.99,0,220
220,2019,8,10,0221,23.78,86.38,4.54,0,2,1,2.99,0,220
221,2019,8,10,0221,23.76,109.22,4.54,0,3,1,1.73,0,221
222,2019,8,10,0221,23.74,109.22,4.54,0,3,1,1.73,0,221
223,2019,8,10,0221,23.72,109.20,4.54,0,3,1,1.26,0,223
224,2019,8,10,0221,23.50,111.24,4.55,0,3,1,2.44,0,224
225,2019,8,10,0221,23.50,111.26,4.55,0,3,3,1.69,0,224
226,2019,8,10,0221,23.08,112.42,4.56,0,3,1,3.82,0,226
227,2019,8,10,0221,22.88,108.30,4.57,0,3,3,2.36,2,227
228,2019,8,10,0221,22.86,108.30,4.57,0,3,3,1.84,0,227
229,2019,8,10,0221,22.86,108.32,4.57,0,3,3,1.84,0,227
230,2019,8,10,0221,22.84,108.32,4.57,0,3,1,1.53,0,227
231,2019,8,10,0221,22.78,111.56,4.57,0,3,1,2.01,0,231
232,2019,8,10,0221,22.64,110.14,4.57,0,3,1,2.07,0,232
233,2019,8,10,0221,22.64,110.16,4.57,0,3,1,1.69,0,232
234,2019,8,10,0221,22.62,110.14,4.58,0,3,1,1.99,0,232
235,2019,8,10,0221,21.94,108.62,4.60,0,3,1,1.53,0,235
236,2019,8,10,0221,21.90,112.02,4.60,0,3,3,2.70,0,236
237,2019,8,10,0221,21.86,106.74,4.60,0,3,1,2.99,0,237
238,2019,8,10,0221,21.86,106.76,4.60,0,3,1,2.99,0,237
239,2019,8,10,0221,21.60,105.78,4.61,0,2,1,1.70,0,243
240,2019,8,10,0221,21.60,105.80,4.61,0,3,1,2.80,0,243
241,2019,8,10,0221,21.60,105.82,4.61,0,3,1,2.80,0,243
242,2019,8,10,0221,21.60,105.84,4.61,0,3,3,2.10,0,243
243,2019,8,10,0221,21.58,105.82,4.61,0,3,1,3.01,0,243
244,2019,8,10,0221,21.58,105.84,4.61,0,3,3,1.95,0,243
245,2019,8,10,0221,21.56,105.84,4.61,0,3,3,1.91,0,243
246,2019,8,10,0221,21.56,105.86,4.61,0,3,3,1.91,0,243
247,2019,8,10,0221,21.34,105.36,4.62,0,3,1,2.36,0,247
248,2019,8,10,0221,21.34,105.38,4.62,0,3,1,2.36,0,247
249,2019,8,10,0221,21.04,107.26,4.63,0,3,1,2.42,0,250
250,2019,8,10,0221,21.04,107.28,4.63,0,3,1,2.86,0,250
251,2019,8,10,0221,21.04,107.30,4.63,0,3,1,2.86,0,250
252,2019,8,10,0221,21.04,107.32,4.63,0,3,1,2.20,0,250
253,2019,8,10,0221,21.02,105.84,4.63,0,3,3,2.49,0,259
254,2019,8,10,0221,21.02,107.24,4.63,0,3,1,1.84,0,250
255,2019,8,10,0221,21.02,107.26,4.63,0,3,1,2.27,0,250
256,2019,8,10,0221,21.02,107.28,4.63,0,3,3,2.27,0,250
257,2019,8,10,0221,21.02,107.30,4.63,0,3,1,2.42,0,250
258,2019,8,10,0221,21.02,107.32,4.63,0,3,1,2.51,0,250
259,2019,8,10,0221,21.00,105.84,4.63,0,3,1,2.86,0,259
260,2019,8,10,0221,21.00,105.86,4.63,0,3,1,2.86,0,259
261,2019,8,10,0221,20.94,106.32,4.63,0,3,1,2.44,0,261
262,2019,8,10,0221,20.26,105.98,4.65,0,3,1,2.65,0,262
263,2019,8,10,0221,20.00,110.26,4.66,0,3,3,2.03,0,263
264,2019,8,10,0221,20.00,110.28,4.66,0,3,3,2.03,0,263
265,2019,8,10,0221,20.00,110.30,4.66,0,3,3,1.98,0,263
266,2019,8,10,0221,19.84,105.76,4.66,0,3,3,2.35,0,266
267,2019,8,10,0221,19.54,109.56,4.67,0,3,3,1.88,0,267
268,2019,8,10,0221,19.00,110.46,4.69,0,3,3,2.40,0,268
269,2019,8,10,0221,19.00,110.48,4.69,0,3,1,2.40,0,268
270,2019,8,10,0226,16.54,81.24,4.75,0,3,1,3.05,0,270
271,2019,8,10,0226,16.54,81.26,4.75,0,3,1,3.02,0,270
272,2019,8,10,0226,15.84,108.38,4.77,0,3,1,5.65,2,275
273,2019,8,10,0226,15.82,108.38,4.77,0,3,3,6.52,0,275
274,2019,8,10,0226,15.82,108.40,4.77,0,3,3,6.52,0,275
275,2019,8,10,0226,15.80,108.40,4.77,0,3,3,6.73,2,275
276,2019,8,10,0226,14.44,108.88,4.80,0,2,3,9.48,0,276
277,2019,8,10,0226,9.70,125.92,4.89,0,3,1,6.71,0,277
278,2019,8,10,0226,9.70,125.94,4.89,0,3,1,6.64,0,277
279,2019,8,10,0226,7.82,123.42,4.91,0,3,3,2.69,0,279
280,2019,8,10,0226,7.46,125.80,4.91,0,3,1,4.20,0,280
281,2019,8,10,0226,6.68,124.68,4.92,0,3,3,4.17,0,281
282,2019,8,10,0226,4.74,114.60,4.94,0,3,3,1.99,0,282
283,2019,8,10,0226,4.00,114.56,4.94,0,3,3,2.21,0,284
284,2019,8,10,0226,3.98,114.56,4.94,0,3,1,3.68,2,284
285,2019,8,10,0226,3.90,114.22,4.95,0,3,3,3.98,0,285
286,2019,8,10,0226,3.88,114.22,4.95,0,3,1,3.89,0,285
287,2019,8,10,0226,3.82,117.52,4.95,0,2,1,3.05,0,287
288,2019,8,10,0226,3.40,113.58,4.95,0,3,3,2.90,0,288
289,2019,8,10,0226,3.40,113.60,4.95,0,3,3,2.90,0,288
290,2019,8,10,0226,3.30,117.60,4.95,0,2,1,4.49,0,290
291,2019,8,10,0226,3.10,113.46,4.95,0,3,3,5.83,2,291
292,2019,8,10,0226,3.10,113.48,4.95,0,3,3,5.83,2,291
293,2019,8,10,0226,2.78,125.40,4.95,0,3,1,5.14,0,293
294,2019,8,10,0226,2.70,117.76,4.95,0,2,3,3.52,0,294
295,2019,8,10,0226,2.68,114.62,4.95,0,3,3,3.81,0,295
296,2019,8,10,0226,2.68,114.64,4.95,0,3,3,3.04,0,295
297,2019,8,10,0226,2.64,112.50,4.95,0,3,3,3.34,0,297
298,2019,8,10,0226,2.58,114.26,4.95,0,3,1,1.86,0,298
299,2019,8,10,0226,2.44,112.06,4.95,0,2,5,19.75,0,299
300,2019,8,10,0226,2.44,117.94,4.95,0,3,3,3.76,0,300
301,2019,8,10,0226,2.42,112.06,4.95,0,2,3,5.24,0,299
302,2019,8,10,0226,2.42,112.08,4.95,0,2,3,5.24,0,299
303,2019,8,10,0226,2.40,111.62,4.95,0,3,3,5.60,0,303
304,2019,8,10,0226,2.40,111.64,4.95,0,3,1,5.01,0,303
305,2019,8,10,0226,2.38,111.62,4.95,0,3,1,5.32,0,303
306,2019,8,10,0226,2.16,111.90,4.95,0,3,3,3.71,0,306
307,2019,8,10,0226,1.98,117.24,4.95,0,2,3,5.15,0,307
308,2019,8,10,0226,1.48,109.10,4.95,0,2,3,8.57,0,310
309,2019,8,10,0226,1.48,109.12,4.95,0,2,3,8.57,0,310
310,2019,8,10,0226,1.48,109.14,4.95,0,2,1,13.80,0,310
311,2019,8,10,0226,1.34,109.60,4.96,0,3,1,2.07,0,311
312,2019,8,10,0226,1.04,120.82,4.96,0,3,1,3.22,0,312
313,2019,8,10,0226,.74,109.12,4.96,0,2,3,2.72,0,313
314,2019,8,10,0226,.40,109.10,4.96,0,2,1,38.75,0,317
315,2019,8,10,0226,.40,109.12,4.96,0,2,5,57.34,0,317
316,2019,8,10,0226,.38,109.10,4.96,0,2,1,47.91,0,317
317,2019,8,10,0226,.38,109.12,4.96,0,2,5,63.81,0,317
318,2019,8,10,0226,.28,111.54,4.96,0,3,1,1.89,0,319
319,2019,8,10,0226,.28,111.56,4.96,0,3,1,2.15,0,319
320,2019,8,10,0226,.28,111.58,4.96,0,3,1,2.15,0,319
321,2019,8,10,0226,-.08,101.52,4.96,0,2,3,5.00,0,321
322,2019,8,10,0226,-.10,101.52,4.96,0,3,3,3.89,0,321
323,2019,8,10,0226,-.10,109.86,4.96,0,3,3,3.14,0,324
324,2019,8,10,0226,-.12,109.86,4.96,0,3,1,3.19,0,324
325,2019,8,10,0226,-.24,114.72,4.96,0,3,3,2.77,0,325
326,2019,8,10,0226,-.30,109.30,4.96,0,2,1,44.68,0,326
327,2019,8,10,0226,-.30,109.32,4.96,0,3,1,3.81,0,326
328,2019,8,10,0226,-.32,109.30,4.96,0,2,5,43.59,0,326
329,2019,8,10,0226,-.34,102.62,4.96,0,2,1,36.45,0,329
330,2019,8,10,0226,-.34,102.64,4.96,0,2,1,36.45,0,329
331,2019,8,10,0226,-.50,109.74,4.96,0,3,1,4.64,0,331
332,2019,8,10,0226,-.58,109.92,4.96,0,3,3,3.83,0,333
333,2019,8,10,0226,-.60,109.92,4.96,0,3,1,5.15,0,333
334,2019,8,10,0226,-.76,111.50,4.96,0,2,5,6.49,0,334
335,2019,8,10,0226,-.76,111.52,4.96,0,2,3,4.22,0,334
336,2019,8,10,0226,-1.06,109.66,4.96,0,2,3,9.67,0,336
337,2019,8,10,0226,-1.06,109.68,4.96,0,2,3,9.67,0,336
338,2019,8,10,0226,-1.48,114.20,4.95,0,3,3,1.94,0,338
339,2019,8,10,0226,-1.72,120.80,4.95,0,3,3,5.45,0,339
340,2019,8,10,0226,-1.76,110.12,4.95,0,2,1,13.51,0,340
341,2019,8,10,0226,-1.78,110.12,4.95,0,2,1,7.81,0,340
342,2019,8,10,0226,-1.82,110.18,4.95,0,2,3,10.11,0,343
343,2019,8,10,0226,-1.84,110.18,4.95,0,2,1,10.92,0,343
344,2019,8,10,0226,-2.20,113.82,4.95,0,2,1,14.95,0,344
345,2019,8,10,0226,-2.22,113.82,4.95,0,2,1,12.53,0,344
346,2019,8,10,0226,-2.24,113.84,4.95,0,2,1,11.52,0,346
347,2019,8,10,0226,-2.44,114.52,4.95,0,3,1,3.11,0,347
348,2019,8,10,0226,-2.58,121.38,4.95,0,3,1,5.02,0,348
349,2019,8,10,0226,-2.84,129.64,4.95,0,3,1,3.96,0,349
350,2019,8,10,0226,-2.94,105.48,4.95,0,3,3,5.94,0,350
351,2019,8,10,0226,-2.96,114.08,4.95,0,3,1,3.90,0,351
352,2019,8,10,0226,-3.10,105.42,4.95,0,3,3,4.60,0,352
353,2019,8,10,0226,-3.30,112.72,4.95,0,2,5,10.73,0,353
354,2019,8,10,0226,-3.30,114.58,4.95,0,3,1,4.53,0,356
355,2019,8,10,0226,-3.32,105.22,4.95,0,3,3,3.85,2,355
356,2019,8,10,0226,-3.32,114.58,4.95,0,3,1,5.40,0,356
357,2019,8,10,0226,-3.46,104.88,4.95,0,3,1,3.54,0,357
358,2019,8,10,0226,-3.50,105.04,4.95,0,3,3,3.73,0,358
359,2019,8,10,0226,-3.86,105.80,4.95,0,3,1,4.22,2,359
360,2019,8,10,0226,-7.30,111.86,4.92,0,3,1,3.91,0,360
361,2019,8,10,0226,-8.44,124.20,4.90,0,3,1,8.85,0,361
362,2019,8,10,0226,-9.02,117.16,4.90,0,3,1,6.08,0,362
363,2019,8,10,0226,-9.72,119.30,4.89,0,2,5,22.91,0,363
364,2019,8,10,0226,-12.56,131.98,4.84,0,2,3,19.58,0,364
365,2019,8,10,0226,-12.88,134.34,4.83,0,2,3,6.98,0,365
366,2019,8,10,0226,-12.92,134.48,4.83,0,2,3,7.24,0,366
367,2019,8,10,0226,-13.20,134.62,4.83,0,1,1,27.71,0,367
368,2019,8,10,0226,-13.78,131.06,4.81,0,2,3,12.80,0,369
369,2019,8,10,0226,-13.80,131.06,4.81,0,2,1,21.36,0,369
370,2019,8,10,0226,-13.88,135.66,4.81,0,2,3,4.26,0,370
371,2019,8,10,0226,-13.90,135.48,4.81,0,3,1,3.72,0,371
372,2019,8,10,0226,-14.12,143.42,4.81,0,2,3,33.15,0,372
373,2019,8,10,0226,-14.14,143.42,4.81,0,2,5,32.41,0,372
374,2019,8,10,0226,-14.18,142.84,4.81,0,2,1,4.47,0,374
375,2019,8,10,0226,-14.46,142.16,4.80,0,2,1,6.97,0,375
376,2019,8,10,0226,-14.56,131.46,4.80,0,2,3,18.34,0,376
377,2019,8,10,0226,-14.56,143.16,4.80,0,2,1,4.87,0,377
378,2019,8,10,0226,-14.58,131.46,4.80,0,2,3,17.80,0,376
379,2019,8,10,0226,-14.60,131.46,4.80,0,2,3,14.77,0,376
380,2019,8,10,0226,-14.60,133.18,4.80,0,2,5,65.50,0,380
381,2019,8,10,0226,-14.62,126.90,4.80,0,3,1,4.15,0,381
382,2019,8,10,0226,-14.62,133.18,4.80,0,1,5,59.18,0,380
383,2019,8,10,0226,-14.62,133.20,4.80,0,2,5,26.07,0,380
384,2019,8,10,0226,-14.66,142.94,4.80,0,3,1,3.97,0,384
385,2019,8,10,0226,-14.80,134.96,4.79,0,1,1,12.97,0,385
386,2019,8,10,0226,-14.84,132.24,4.79,0,2,1,3.79,0,387
387,2019,8,10,0226,-14.86,132.24,4.79,0,2,1,7.78,0,387
388,2019,8,10,0226,-14.88,144.56,4.79,0,2,1,3.16,0,388
389,2019,8,10,0226,-14.90,144.14,4.79,0,2,1,12.68,0,389
390,2019,8,10,0226,-14.92,143.88,4.79,0,2,1,5.06,0,390
391,2019,8,10,0226,-14.92,144.14,4.79,0,2,1,10.34,0,389
392,2019,8,10,0226,-15.08,127.88,4.79,0,3,1,5.44,0,392
393,2019,8,10,0226,-15.22,144.58,4.78,0,2,3,5.34,0,393
394,2019,8,10,0226,-15.22,144.60,4.78,0,2,3,5.03,0,393
395,2019,8,10,0226,-15.36,144.30,4.78,0,2,1,8.68,0,395
396,2019,8,10,0226,-15.38,144.30,4.78,0,2,1,5.90,0,395
397,2019,8,10,0226,-15.42,131.04,4.78,0,2,5,23.50,0,397
398,2019,8,10,0226,-15.42,131.08,4.78,0,2,3,7.63,0,398
399,2019,8,10,0226,-15.54,130.70,4.78,0,2,3,13.85,0,399
400,2019,8,10,0226,-15.56,130.68,4.77,0,2,3,17.16,0,400
401,2019,8,10,0226,-15.62,135.66,4.77,0,2,3,4.73,0,401
402,2019,8,10,0226,-15.70,143.14,4.77,0,2,5,14.83,0,402
403,2019,8,10,0226,-15.74,129.12,4.77,0,2,1,3.51,0,403
404,2019,8,10,0226,-15.86,128.70,4.77,0,3,1,4.81,0,404
405,2019,8,10,0226,-16.20,126.10,4.76,0,2,3,10.66,0,406
406,2019,8,10,0226,-16.20,126.12,4.76,0,1,5,52.92,0,406
407,2019,8,10,0226,-16.22,126.12,4.76,0,2,3,11.55,0,406
408,2019,8,10,0226,-16.26,137.00,4.76,0,2,5,50.83,0,411
409,2019,8,10,0226,-16.26,137.02,4.76,0,2,5,27.67,0,411
410,2019,8,10,0226,-16.28,136.98,4.76,0,2,1,11.81,0,411
411,2019,8,10,0226,-16.28,137.00,4.76,0,2,5,80.06,0,411
412,2019,8,10,0226,-16.28,137.02,4.76,0,2,5,46.88,0,411
413,2019,8,10,0226,-16.30,136.94,4.76,0,2,3,28.84,0,413
414,2019,8,10,0226,-16.30,136.98,4.76,0,2,3,17.28,0,411
415,2019,8,10,0226,-16.30,137.00,4.76,0,2,5,30.76,0,411
416,2019,8,10,0226,-16.30,137.04,4.76,0,2,3,13.03,0,416
417,2019,8,10,0226,-16.32,136.96,4.76,0,2,3,14.67,0,417
418,2019,8,10,0226,-16.38,136.86,4.76,0,2,3,20.49,0,418
419,2019,8,10,0226,-16.48,141.66,4.75,0,2,5,12.20,0,419
420,2019,8,10,0226,-16.52,141.88,4.75,0,2,3,9.10,0,423
421,2019,8,10,0226,-16.52,141.90,4.75,0,2,3,12.10,0,423
422,2019,8,10,0226,-16.54,141.88,4.75,0,2,3,11.32,0,423
423,2019,8,10,0226,-16.54,141.90,4.75,0,2,5,16.21,0,423
424,2019,8,10,0226,-16.56,142.12,4.75,0,2,5,50.36,0,427
425,2019,8,10,0226,-16.56,142.14,4.75,0,2,5,29.65,0,427
426,2019,8,10,0226,-16.56,142.16,4.75,0,2,5,34.12,0,427
427,2019,8,10,0226,-16.56,142.18,4.75,0,2,5,58.56,0,427
428,2019,8,10,0226,-16.56,142.20,4.75,0,2,3,11.02,0,427
429,2019,8,10,0226,-16.58,142.12,4.75,0,2,3,23.65,0,427
430,2019,8,10,0226,-16.58,142.16,4.75,0,2,3,18.17,0,427
431,2019,8,10,0226,-16.58,142.18,4.75,0,2,5,38.15,0,427
432,2019,8,10,0226,-16.68,136.72,4.75,0,2,1,4.36,0,432
433,2019,8,10,0226,-16.70,144.78,4.75,0,2,3,5.56,0,437
434,2019,8,10,0226,-16.70,145.22,4.75,0,2,3,11.76,0,435
435,2019,8,10,0226,-16.70,145.24,4.75,0,2,3,21.23,0,435
436,2019,8,10,0226,-16.72,127.42,4.75,0,2,1,3.27,0,436
437,2019,8,10,0226,-16.72,144.78,4.75,0,2,1,6.02,0,437
438,2019,8,10,0226,-16.74,142.06,4.75,0,2,5,18.15,0,438
439,2019,8,10,0226,-16.74,144.80,4.75,0,2,3,5.84,0,441
440,2019,8,10,0226,-16.76,122.86,4.75,0,2,3,17.30,0,440
441,2019,8,10,0226,-16.76,144.80,4.75,0,2,1,6.51,0,441
442,2019,8,10,0226,-16.90,123.08,4.74,0,2,3,25.50,0,446
443,2019,8,10,0226,-16.92,123.08,4.74,0,2,3,21.17,0,446
444,2019,8,10,0226,-16.92,144.18,4.74,0,3,1,3.41,0,445
445,2019,8,10,0226,-16.92,144.20,4.74,0,3,1,3.77,0,445
446,2019,8,10,0226,-16.94,123.06,4.74,0,2,5,77.93,0,446
447,2019,8,10,0226,-16.94,123.08,4.74,0,2,5,37.52,0,446
448,2019,8,10,0226,-16.94,124.90,4.74,0,2,1,3.68,0,448
449,2019,8,10,0226,-16.94,144.14,4.74,0,3,1,3.33,0,449
450,2019,8,10,0226,-16.96,144.14,4.74,0,3,1,3.14,0,449
451,2019,8,10,0226,-17.04,143.50,4.74,0,2,1,5.97,0,451
452,2019,8,10,0226,-17.78,123.92,4.72,0,3,1,3.55,0,452
453,2019,8,10,0226,-19.58,146.32,4.67,0,1,3,42.22,0,453
454,2019,8,10,0226,-19.58,146.54,4.67,0,2,1,10.14,0,454
455,2019,8,10,0226,-19.60,146.32,4.67,0,2,5,13.90,0,453
456,2019,8,10,0226,-19.60,146.56,4.67,0,2,5,11.70,0,456
457,2019,8,10,0226,-19.62,146.34,4.67,0,2,1,8.12,0,457
458,2019,8,10,0226,-19.62,146.56,4.67,0,2,3,7.73,0,456
459,2019,8,10,0226,-20.28,145.50,4.65,0,1,3,25.67,0,459
460,2019,8,10,0226,-20.28,145.52,4.65,0,2,5,11.97,0,459
461,2019,8,10,0226,-20.30,145.50,4.65,0,2,3,6.23,0,459
462,2019,8,10,0226,-20.30,145.52,4.65,0,2,5,18.63,0,459
463,2019,8,10,0226,-22.48,129.82,4.58,0,3,1,1.90,0,463
464,2019,8,10,0226,-22.68,150.42,4.57,0,2,3,11.57,0,465
465,2019,8,10,0226,-22.68,150.44,4.57,0,2,5,25.02,0,465
466,2019,8,10,0226,-22.70,150.46,4.57,0,2,5,22.70,0,466
467,2019,8,10,0226,-25.26,127.64,4.48,0,3,1,2.51,2,467
468,2019,8,10,0226,-25.44,122.88,4.48,0,3,1,2.11,0,468
469,2019,8,10,0226,-25.48,125.66,4.47,0,3,1,2.06,0,469
470,2019,8,10,0226,-25.50,152.44,4.47,0,2,1,3.54,0,470
471,2019,8,10,0226,-25.58,152.84,4.47,0,3,3,4.30,0,471
472,2019,8,10,0226,-26.82,115.56,4.42,0,3,1,1.34,0,472
473,2019,8,10,0226,-27.74,147.98,4.39,0,3,1,3.40,0,473
474,2019,8,10,0226,-28.20,116.52,4.37,0,3,3,2.30,0,474
475,2019,8,10,0226,-28.20,116.54,4.37,0,3,3,2.30,0,474
476,2019,8,10,0226,-28.22,116.52,4.37,0,3,3,1.77,0,474
477,2019,8,10,0226,-28.26,116.70,4.37,0,3,3,.73,0,477
478,2019,8,10,0226,-29.06,152.62,4.33,0,2,5,52.37,0,479
479,2019,8,10,0226,-29.08,152.62,4.33,0,2,5,52.37,0,479
480,2019,8,10,0226,-29.30,153.02,4.32,0,2,5,136.93,0,481
481,2019,8,10,0226,-29.30,153.04,4.32,0,2,5,240.02,0,481
482,2019,8,10,0226,-29.32,153.02,4.32,0,2,5,78.96,0,481
483,2019,8,10,0226,-29.32,153.04,4.32,0,2,5,129.52,0,481
484,2019,8,10,0226,-29.32,153.06,4.32,0,2,1,11.30,0,481
485,2019,8,10,0226,-29.34,152.80,4.32,0,2,5,42.75,0,485
486,2019,8,10,0226,-29.34,152.82,4.32,0,2,5,30.43,0,485
487,2019,8,10,0226,-29.34,152.84,4.32,0,2,5,30.43,0,485
488,2019,8,10,0226,-29.82,152.72,4.30,0,2,1,4.85,0,488
489,2019,8,10,0226,-29.88,152.90,4.30,0,3,3,4.55,0,490
490,2019,8,10,0226,-29.90,152.90,4.30,0,2,5,11.40,0,490
491,2019,8,10,0226,-29.94,152.88,4.30,0,2,3,5.08,0,491
492,2019,8,10,0226,-30.88,152.40,4.25,0,2,3,15.37,0,495
493,2019,8,10,0226,-30.88,152.42,4.25,0,2,3,15.37,0,495
494,2019,8,10,0226,-30.88,152.44,4.25,0,2,3,9.50,0,495
495,2019,8,10,0226,-30.90,152.38,4.25,0,1,3,42.77,0,495
496,2019,8,10,0226,-30.90,152.40,4.25,0,1,3,42.77,0,495
497,2019,8,10,0226,-30.90,152.42,4.25,0,2,5,40.19,0,495
498,2019,8,10,0226,-30.90,152.44,4.25,0,2,5,28.21,0,495
499,2019,8,10,0226,-30.92,152.42,4.25,0,2,3,11.31,0,495
500,2019,8,10,0226,-30.92,152.44,4.25,0,3,3,6.79,0,495
501,2019,8,10,0226,-31.04,152.66,4.25,0,2,3,10.33,0,501
502,2019,8,10,0226,-31.10,152.82,4.24,0,2,5,20.54,0,502
503,2019,8,10,0226,-31.10,152.84,4.24,0,3,3,7.79,0,502
504,2019,8,10,0226,-31.12,152.94,4.24,0,3,5,8.69,0,508
505,2019,8,10,0226,-31.12,152.96,4.24,0,2,5,59.00,0,508
506,2019,8,10,0226,-31.12,152.98,4.24,0,2,5,26.85,0,508
507,2019,8,10,0226,-31.14,152.96,4.24,0,2,5,75.94,0,508
508,2019,8,10,0226,-31.14,152.98,4.24,0,2,5,88.28,0,508
509,2019,8,10,0226,-31.32,152.58,4.23,0,2,1,22.55,0,509
510,2019,8,10,0226,-34.44,150.86,4.09,0,3,1,2.84,0,511
511,2019,8,10,0226,-34.46,150.86,4.09,0,3,1,3.01,0,511
