# 2019  5 15  3 50 UTC  2020  4 27 23 24 UTC
# ID,Year,Month,Day,Time(UTC),Lat,Lon,Area(km^2),Volcano,Level,Reliability,FRP(Wm^-2),QF,Hot(ID)
1,2019,5,15,0351,52.90,139.94,2.99,0,2,3,24.44,0,1
2,2019,5,15,0351,52.90,139.96,2.99,0,2,3,24.44,0,1
3,2019,5,15,0351,52.88,139.94,2.99,0,2,3,24.44,0,1
4,2019,5,15,0351,52.88,139.96,2.99,0,2,3,24.44,0,1
5,2019,5,15,0351,51.60,139.88,3.08,0,2,5,48.61,0,5
6,2019,5,15,0351,51.60,139.90,3.08,0,3,3,10.79,0,5
7,2019,5,15,0351,51.60,139.92,3.08,0,3,3,10.79,0,5
8,2019,5,15,0351,51.58,139.88,3.08,0,2,5,48.61,0,5
9,2019,5,15,0351,51.58,139.90,3.08,0,3,3,10.79,0,5
10,2019,5,15,0351,51.58,139.92,3.08,0,3,3,10.79,0,5
11,2019,5,15,0351,51.56,139.88,3.08,0,2,3,16.09,0,5
12,2019,5,15,0351,51.54,139.88,3.08,0,2,3,16.09,0,5
13,2019,5,15,0351,51.54,139.90,3.08,0,2,3,16.09,0,5
14,2019,5,15,0351,50.20,140.12,3.17,0,2,5,84.13,0,14
15,2019,5,15,0351,50.18,140.12,3.17,0,2,5,84.13,0,14
16,2019,5,15,0351,50.16,140.12,3.18,0,2,5,67.95,0,14
17,2019,5,15,0351,50.16,140.14,3.18,0,2,5,29.04,0,14
18,2019,5,15,0351,50.16,140.16,3.18,0,2,5,29.04,0,14
19,2019,5,15,0351,49.98,123.84,3.19,0,3,3,3.03,0,19
20,2019,5,15,0351,49.96,123.86,3.19,0,3,1,2.35,0,20
21,2019,5,15,0351,48.90,136.48,3.26,0,2,1,4.28,0,21
22,2019,5,15,0351,48.88,136.48,3.26,0,2,1,4.28,0,21
23,2019,5,15,0351,48.88,136.50,3.26,0,2,3,4.28,0,21
24,2019,5,15,0351,48.74,134.78,3.27,0,2,5,35.87,0,24
25,2019,5,15,0351,48.74,134.80,3.27,0,2,5,35.87,0,24
26,2019,5,15,0351,48.10,137.12,3.31,0,2,3,11.89,0,26
27,2019,5,15,0351,48.10,137.14,3.31,0,2,3,11.89,0,26
28,2019,5,15,0351,48.10,137.16,3.31,0,3,3,6.78,0,26
29,2019,5,15,0351,48.08,137.12,3.31,0,2,3,11.88,0,26
30,2019,5,15,0351,48.08,137.14,3.31,0,2,3,11.88,0,26
31,2019,5,15,0351,48.08,137.16,3.31,0,3,3,6.78,0,26
32,2019,5,15,0351,48.08,142.50,3.31,0,3,3,2.37,0,32
33,2019,5,15,0351,45.42,134.26,3.48,0,3,3,5.18,0,33
34,2019,5,15,0351,43.40,133.90,3.60,0,3,3,2.65,0,34
35,2019,5,15,0351,43.40,133.92,3.60,0,3,1,2.65,0,34
36,2019,5,15,0351,43.38,133.90,3.60,0,3,3,2.65,0,34
37,2019,5,15,0351,43.38,133.92,3.60,0,3,1,2.65,0,34
38,2019,5,15,0351,43.34,133.86,3.60,0,3,1,2.84,0,38
39,2019,5,15,0351,43.32,133.86,3.61,0,3,1,2.84,0,38
40,2019,5,15,0351,41.04,128.00,3.74,0,2,5,37.20,0,41
41,2019,5,15,0351,41.04,128.02,3.74,0,2,5,72.41,0,41
42,2019,5,15,0351,41.04,128.04,3.74,0,2,5,72.41,0,41
43,2019,5,15,0351,39.40,140.04,3.83,0,3,1,4.07,0,43
44,2019,5,15,0351,39.38,140.04,3.83,0,3,1,4.07,0,43
45,2019,5,15,0351,36.96,116.06,3.96,0,3,3,2.45,0,45
46,2019,5,15,0351,28.24,101.78,4.37,0,1,3,36.55,0,46
47,2019,5,15,0351,28.24,101.80,4.37,0,1,3,36.55,0,46
48,2019,5,15,0351,26.38,97.76,4.44,0,3,3,1.71,0,48
49,2019,5,15,0351,26.38,97.78,4.44,0,3,3,1.71,0,48
50,2019,5,15,0351,22.56,111.86,4.58,0,2,5,9.06,0,52
51,2019,5,15,0351,22.56,111.88,4.58,0,2,3,9.06,0,52
52,2019,5,15,0351,22.54,111.88,4.58,0,1,3,27.89,0,52
53,2019,5,15,0351,22.10,97.48,4.59,0,2,1,4.23,0,53
54,2019,5,15,0351,21.02,105.78,4.63,0,3,3,3.17,0,56
55,2019,5,15,0351,21.02,105.80,4.63,0,3,3,3.07,0,56
56,2019,5,15,0351,21.02,105.82,4.63,0,3,1,3.71,0,56
57,2019,5,15,0351,21.00,105.82,4.63,0,3,1,3.68,0,56
58,2019,5,15,0351,21.00,105.84,4.63,0,3,1,3.09,0,56
59,2019,5,15,0351,21.00,105.86,4.63,0,3,1,3.09,0,56
60,2019,5,15,0356,16.88,100.38,4.74,0,3,1,4.04,0,60
61,2019,5,15,0356,15.14,108.34,4.78,0,2,3,11.77,0,61
62,2019,5,15,0356,13.90,123.72,4.81,0,3,1,4.31,0,62
63,2019,5,15,0356,7.02,100.46,4.92,0,2,1,3.87,0,63
64,2019,5,15,0356,6.92,116.70,4.92,0,2,1,9.01,0,65
65,2019,5,15,0356,6.90,116.70,4.92,0,3,1,9.71,0,65
66,2019,5,15,0356,6.88,116.72,4.92,0,2,3,12.09,0,66
67,2019,5,15,0356,5.94,116.08,4.93,0,3,1,4.31,0,67
68,2019,5,15,0356,4.00,103.38,4.94,0,3,1,3.80,0,68
69,2019,5,15,0356,3.76,108.30,4.95,0,2,3,12.07,0,69
70,2019,5,15,0356,3.76,108.32,4.95,0,2,3,12.07,0,69
71,2019,5,15,0356,3.66,117.08,4.95,0,3,1,7.72,0,71
72,2019,5,15,0356,3.66,117.10,4.95,0,3,3,6.43,0,71
73,2019,5,15,0356,3.66,117.12,4.95,0,3,3,6.43,0,71
74,2019,5,15,0356,3.18,113.06,4.95,0,3,1,3.43,0,74
75,2019,5,15,0356,2.34,117.54,4.95,0,3,1,4.31,0,75
76,2019,5,15,0356,2.32,117.54,4.95,0,3,1,4.06,0,75
77,2019,5,15,0356,2.00,117.36,4.95,0,3,1,4.27,0,77
78,2019,5,15,0356,1.44,125.12,4.96,0,3,1,5.75,0,78
79,2019,5,15,0356,1.42,111.38,4.96,0,3,1,6.99,0,81
80,2019,5,15,0356,1.42,111.40,4.96,0,3,3,7.38,0,81
81,2019,5,15,0356,1.40,111.38,4.96,0,3,1,8.64,0,81
82,2019,5,15,0356,1.40,111.40,4.96,0,3,3,8.21,0,81
83,2019,5,15,0356,1.38,111.40,4.96,0,3,3,8.58,0,81
84,2019,5,15,0356,1.34,109.60,4.96,0,3,1,4.39,0,84
85,2019,5,15,0356,1.32,109.60,4.96,0,3,3,4.28,0,84
86,2019,5,15,0356,1.08,111.34,4.96,0,3,3,4.04,0,86
87,2019,5,15,0356,.12,110.58,4.96,0,3,1,2.00,0,87
88,2019,5,15,0356,-.02,109.30,4.96,0,3,1,4.85,0,88
89,2019,5,15,0356,-.02,109.32,4.96,0,3,1,4.85,0,88
90,2019,5,15,0356,-1.76,110.22,4.95,0,2,3,3.27,0,90
91,2019,5,15,0356,-2.26,115.50,4.95,0,3,3,4.30,0,91
92,2019,5,15,0356,-2.54,112.94,4.95,0,3,1,4.44,0,92
93,2019,5,15,0356,-3.30,112.64,4.95,0,3,1,3.53,0,93
94,2019,5,15,0356,-6.28,145.58,4.93,0,2,1,12.61,0,94
95,2019,5,15,0356,-6.82,107.14,4.92,0,3,3,3.45,0,95
96,2019,5,15,0356,-7.56,110.82,4.91,0,3,1,4.09,0,96
97,2019,5,15,0356,-7.58,110.82,4.91,0,3,1,3.69,0,96
98,2019,5,15,0356,-7.64,111.52,4.91,0,3,1,4.37,0,98
99,2019,5,15,0356,-8.50,121.26,4.90,0,3,1,6.73,0,99
100,2019,5,15,0356,-8.62,120.44,4.90,0,3,3,4.00,0,101
101,2019,5,15,0356,-8.62,120.46,4.90,0,2,1,5.09,0,101
102,2019,5,15,0356,-9.96,124.02,4.88,0,3,3,4.26,0,102
103,2019,5,15,0356,-12.30,133.68,4.84,0,3,3,3.13,0,103
104,2019,5,15,0356,-12.64,134.06,4.84,0,2,3,5.64,0,105
105,2019,5,15,0356,-12.64,134.08,4.84,0,2,3,8.28,0,105
106,2019,5,15,0356,-12.72,133.42,4.83,0,3,3,7.76,0,106
107,2019,5,15,0356,-12.74,132.44,4.83,0,2,3,14.19,0,108
108,2019,5,15,0356,-12.74,132.46,4.83,0,2,3,15.12,0,108
109,2019,5,15,0356,-12.76,132.46,4.83,0,2,3,11.57,0,108
110,2019,5,15,0356,-12.76,133.44,4.83,0,2,3,9.88,0,111
111,2019,5,15,0356,-12.78,133.44,4.83,0,1,1,14.09,0,111
112,2019,5,15,0356,-12.80,133.46,4.83,0,2,1,7.03,0,112
113,2019,5,15,0356,-12.82,133.62,4.83,0,2,5,9.84,0,113
114,2019,5,15,0356,-12.84,133.62,4.83,0,2,3,8.92,0,113
115,2019,5,15,0356,-12.86,132.26,4.83,0,2,1,20.93,0,115
116,2019,5,15,0356,-12.86,133.60,4.83,0,3,3,4.99,0,118
117,2019,5,15,0356,-12.88,133.58,4.83,0,2,5,20.16,0,118
118,2019,5,15,0356,-12.88,133.60,4.83,0,2,5,38.82,0,118
119,2019,5,15,0356,-12.90,132.02,4.83,0,2,3,12.91,0,119
120,2019,5,15,0356,-12.90,133.60,4.83,0,2,5,15.87,0,118
121,2019,5,15,0356,-12.94,133.02,4.83,0,2,3,9.50,0,129
122,2019,5,15,0356,-12.94,133.04,4.83,0,2,5,11.65,0,129
123,2019,5,15,0356,-12.94,133.40,4.83,0,2,3,6.70,0,123
124,2019,5,15,0356,-12.94,133.84,4.83,0,2,3,8.39,0,124
125,2019,5,15,0356,-12.96,133.04,4.83,0,2,3,8.48,0,129
126,2019,5,15,0356,-12.96,133.06,4.83,0,2,5,12.99,0,129
127,2019,5,15,0356,-12.96,133.60,4.83,0,2,5,11.93,0,131
128,2019,5,15,0356,-12.96,133.62,4.83,0,2,5,15.02,0,131
129,2019,5,15,0356,-12.98,133.06,4.83,0,2,5,19.44,0,129
130,2019,5,15,0356,-12.98,133.58,4.83,0,2,3,14.86,0,131
131,2019,5,15,0356,-12.98,133.60,4.83,0,2,5,23.78,0,131
132,2019,5,15,0356,-12.98,133.62,4.83,0,2,3,8.62,0,131
133,2019,5,15,0356,-12.98,133.82,4.83,0,2,5,24.59,0,133
134,2019,5,15,0356,-13.00,133.04,4.83,0,3,3,5.23,0,129
135,2019,5,15,0356,-13.00,133.06,4.83,0,2,5,9.75,0,129
136,2019,5,15,0356,-13.08,132.22,4.83,0,2,1,14.51,0,136
137,2019,5,15,0356,-13.12,130.80,4.83,0,2,3,6.49,0,137
138,2019,5,15,0356,-13.14,133.18,4.83,0,2,5,19.20,0,139
139,2019,5,15,0356,-13.16,133.18,4.83,0,2,5,20.60,0,139
140,2019,5,15,0356,-13.28,131.48,4.82,0,2,3,21.98,0,140
141,2019,5,15,0356,-13.28,133.26,4.82,0,2,3,18.28,0,141
142,2019,5,15,0356,-13.32,130.88,4.82,0,2,3,19.97,0,142
143,2019,5,15,0356,-13.32,130.90,4.82,0,2,3,16.10,0,142
144,2019,5,15,0356,-13.32,131.08,4.82,0,3,3,9.79,0,144
145,2019,5,15,0356,-13.32,132.14,4.82,0,2,3,10.38,0,145
146,2019,5,15,0356,-13.32,132.96,4.82,0,1,3,24.53,0,146
147,2019,5,15,0356,-13.32,134.96,4.82,0,2,3,6.65,0,154
148,2019,5,15,0356,-13.34,131.36,4.82,0,2,3,14.35,0,148
149,2019,5,15,0356,-13.34,132.88,4.82,0,2,3,7.68,0,149
150,2019,5,15,0356,-13.34,133.10,4.82,0,2,5,53.73,0,189
151,2019,5,15,0356,-13.34,133.12,4.82,0,2,5,78.96,0,189
152,2019,5,15,0356,-13.34,133.14,4.82,0,2,5,67.94,0,189
153,2019,5,15,0356,-13.34,133.42,4.82,0,2,5,26.39,0,168
154,2019,5,15,0356,-13.34,134.96,4.82,0,2,3,12.18,0,154
155,2019,5,15,0356,-13.36,131.10,4.82,0,2,5,25.90,0,155
156,2019,5,15,0356,-13.36,131.24,4.82,0,2,3,19.59,0,172
157,2019,5,15,0356,-13.36,131.38,4.82,0,2,5,52.76,0,157
158,2019,5,15,0356,-13.36,133.12,4.82,0,2,5,80.44,0,189
159,2019,5,15,0356,-13.36,133.14,4.82,0,2,5,83.80,0,189
160,2019,5,15,0356,-13.36,133.16,4.82,0,2,3,6.56,0,189
161,2019,5,15,0356,-13.36,133.18,4.82,0,2,5,14.94,0,189
162,2019,5,15,0356,-13.36,133.20,4.82,0,2,3,10.78,0,189
163,2019,5,15,0356,-13.36,133.26,4.82,0,2,5,59.47,0,189
164,2019,5,15,0356,-13.36,133.28,4.82,0,2,5,78.71,0,189
165,2019,5,15,0356,-13.36,133.30,4.82,0,2,5,24.74,0,189
166,2019,5,15,0356,-13.36,133.32,4.82,0,2,5,25.14,0,189
167,2019,5,15,0356,-13.36,133.38,4.82,0,2,5,12.77,0,167
168,2019,5,15,0356,-13.36,133.42,4.82,0,2,5,145.93,0,168
169,2019,5,15,0356,-13.36,133.44,4.82,0,2,5,52.15,0,168
170,2019,5,15,0356,-13.38,130.88,4.82,0,2,3,12.50,0,170
171,2019,5,15,0356,-13.38,131.22,4.82,0,2,5,37.69,0,172
172,2019,5,15,0356,-13.38,131.24,4.82,0,2,5,72.77,0,172
173,2019,5,15,0356,-13.38,133.14,4.82,0,2,5,53.30,0,189
174,2019,5,15,0356,-13.38,133.18,4.82,0,2,5,109.68,0,189
175,2019,5,15,0356,-13.38,133.20,4.82,0,2,5,17.25,0,189
176,2019,5,15,0356,-13.38,133.22,4.82,0,2,5,250.06,0,189
177,2019,5,15,0356,-13.38,133.24,4.82,0,2,5,160.59,0,189
178,2019,5,15,0356,-13.38,133.26,4.82,0,2,5,113.30,0,189
179,2019,5,15,0356,-13.38,133.28,4.82,0,2,5,19.77,0,189
180,2019,5,15,0356,-13.38,133.32,4.82,0,2,3,8.54,0,189
181,2019,5,15,0356,-13.38,133.34,4.82,0,1,5,46.04,0,189
182,2019,5,15,0356,-13.38,133.42,4.82,0,2,5,24.91,0,168
183,2019,5,15,0356,-13.38,133.44,4.82,0,2,3,14.02,0,168
184,2019,5,15,0356,-13.40,131.08,4.82,0,2,3,18.70,0,184
185,2019,5,15,0356,-13.40,131.22,4.82,0,2,3,22.21,0,172
186,2019,5,15,0356,-13.40,131.24,4.82,0,2,5,51.35,0,172
187,2019,5,15,0356,-13.40,131.60,4.82,0,2,3,15.21,0,187
188,2019,5,15,0356,-13.40,133.18,4.82,0,2,5,90.97,0,189
189,2019,5,15,0356,-13.40,133.20,4.82,0,2,1,429.99,0,189
190,2019,5,15,0356,-13.40,133.22,4.82,0,2,5,215.27,0,189
191,2019,5,15,0356,-13.40,133.26,4.82,0,1,3,37.33,0,189
192,2019,5,15,0356,-13.40,133.42,4.82,0,2,5,33.70,0,168
193,2019,5,15,0356,-13.40,133.44,4.82,0,2,3,10.37,0,168
194,2019,5,15,0356,-13.42,131.08,4.82,0,2,3,14.57,0,184
195,2019,5,15,0356,-13.42,131.24,4.82,0,2,5,38.79,0,172
196,2019,5,15,0356,-13.42,133.16,4.82,0,2,3,8.90,0,196
197,2019,5,15,0356,-13.42,133.20,4.82,0,2,5,256.90,0,189
198,2019,5,15,0356,-13.42,133.22,4.82,0,2,5,98.61,0,189
199,2019,5,15,0356,-13.42,133.42,4.82,0,2,5,24.23,0,168
200,2019,5,15,0356,-13.44,131.10,4.82,0,2,5,23.75,0,200
201,2019,5,15,0356,-13.44,131.24,4.82,0,2,3,29.18,0,172
202,2019,5,15,0356,-13.44,131.36,4.82,0,2,3,17.74,0,202
203,2019,5,15,0356,-13.44,133.22,4.82,0,2,5,23.18,0,189
204,2019,5,15,0356,-13.46,131.24,4.82,0,2,3,33.93,0,172
205,2019,5,15,0356,-13.48,131.22,4.82,0,2,3,44.70,0,172
206,2019,5,15,0356,-13.48,131.24,4.82,0,2,3,41.55,0,172
207,2019,5,15,0356,-13.48,132.94,4.82,0,2,3,15.24,0,207
208,2019,5,15,0356,-13.48,133.24,4.82,0,2,3,10.21,0,209
209,2019,5,15,0356,-13.48,133.26,4.82,0,2,5,42.28,0,209
210,2019,5,15,0356,-13.50,133.26,4.82,0,2,5,13.26,0,209
211,2019,5,15,0356,-13.50,133.46,4.82,0,2,3,12.17,0,214
212,2019,5,15,0356,-13.50,134.48,4.82,0,2,5,16.77,0,212
213,2019,5,15,0356,-13.52,133.28,4.82,0,2,3,9.03,0,218
214,2019,5,15,0356,-13.52,133.46,4.82,0,2,5,27.18,0,214
215,2019,5,15,0356,-13.52,134.48,4.82,0,3,5,9.91,0,212
216,2019,5,15,0356,-13.54,132.84,4.82,0,2,3,12.01,0,222
217,2019,5,15,0356,-13.54,132.86,4.82,0,2,5,21.51,0,222
218,2019,5,15,0356,-13.54,133.28,4.82,0,2,3,9.82,0,218
219,2019,5,15,0356,-13.54,133.32,4.82,0,2,5,59.42,0,224
220,2019,5,15,0356,-13.54,133.34,4.82,0,2,5,53.50,0,224
221,2019,5,15,0356,-13.54,133.46,4.82,0,2,3,8.43,0,214
222,2019,5,15,0356,-13.56,132.86,4.82,0,2,3,25.52,0,222
223,2019,5,15,0356,-13.56,132.88,4.82,0,2,5,17.57,0,222
224,2019,5,15,0356,-13.56,133.32,4.82,0,2,5,63.07,0,224
225,2019,5,15,0356,-13.56,133.34,4.82,0,2,5,53.74,0,224
226,2019,5,15,0356,-13.56,133.48,4.82,0,2,5,34.18,0,226
227,2019,5,15,0356,-13.56,135.04,4.82,0,2,3,8.20,0,227
228,2019,5,15,0356,-13.58,133.32,4.82,0,2,5,50.50,0,224
229,2019,5,15,0356,-13.58,133.48,4.82,0,2,5,23.69,0,226
230,2019,5,15,0356,-13.58,133.50,4.82,0,2,5,15.14,0,226
231,2019,5,15,0356,-13.60,133.30,4.82,0,2,5,27.49,0,224
232,2019,5,15,0356,-13.60,133.32,4.82,0,2,5,37.81,0,224
233,2019,5,15,0356,-13.60,133.50,4.82,0,2,5,24.74,0,226
234,2019,5,15,0356,-13.60,134.72,4.82,0,2,3,3.62,0,234
235,2019,5,15,0356,-13.62,133.30,4.82,0,2,5,34.12,0,224
236,2019,5,15,0356,-13.62,133.32,4.82,0,2,5,45.41,0,224
237,2019,5,15,0356,-13.62,133.40,4.82,0,2,5,15.56,0,237
238,2019,5,15,0356,-13.62,133.42,4.82,0,2,1,9.48,0,237
239,2019,5,15,0356,-13.64,133.40,4.82,0,2,3,13.00,0,237
240,2019,5,15,0356,-13.64,133.42,4.82,0,2,3,11.89,0,237
241,2019,5,15,0356,-13.64,133.50,4.82,0,2,5,12.64,0,241
242,2019,5,15,0356,-13.66,133.42,4.82,0,2,3,7.68,0,237
243,2019,5,15,0356,-13.68,132.44,4.82,0,2,5,25.61,0,244
244,2019,5,15,0356,-13.68,132.46,4.82,0,2,5,45.59,0,244
245,2019,5,15,0356,-13.68,132.48,4.82,0,2,5,19.65,0,244
246,2019,5,15,0356,-13.68,132.84,4.82,0,2,5,36.30,0,247
247,2019,5,15,0356,-13.68,132.86,4.82,0,2,5,57.86,0,247
248,2019,5,15,0356,-13.68,132.88,4.82,0,2,3,25.08,0,247
249,2019,5,15,0356,-13.68,133.42,4.82,0,2,3,9.43,0,237
250,2019,5,15,0356,-13.68,133.44,4.82,0,2,3,8.07,0,237
251,2019,5,15,0356,-13.70,132.70,4.82,0,2,3,18.45,0,251
252,2019,5,15,0356,-13.70,132.86,4.82,0,2,5,31.10,0,247
253,2019,5,15,0356,-13.70,132.88,4.82,0,2,5,31.35,0,247
254,2019,5,15,0356,-13.72,130.24,4.82,0,2,3,8.54,0,255
255,2019,5,15,0356,-13.72,130.26,4.82,0,2,3,14.23,0,255
256,2019,5,15,0356,-13.72,132.70,4.82,0,2,3,14.61,0,251
257,2019,5,15,0356,-13.72,132.84,4.82,0,2,1,8.37,0,247
258,2019,5,15,0356,-13.72,132.86,4.82,0,2,3,9.60,0,247
259,2019,5,15,0356,-13.72,133.54,4.82,0,2,3,13.52,0,261
260,2019,5,15,0356,-13.72,133.56,4.82,0,2,5,14.12,0,261
261,2019,5,15,0356,-13.74,133.54,4.81,0,1,3,23.75,0,261
262,2019,5,15,0356,-13.74,133.56,4.81,0,2,3,7.04,0,261
263,2019,5,15,0356,-13.74,134.34,4.81,0,2,5,29.51,0,264
264,2019,5,15,0356,-13.74,134.36,4.81,0,2,5,37.78,0,264
265,2019,5,15,0356,-13.76,133.44,4.81,0,2,3,18.82,0,265
266,2019,5,15,0356,-13.76,133.54,4.81,0,2,3,10.37,0,261
267,2019,5,15,0356,-13.76,134.34,4.81,0,2,5,14.22,0,264
268,2019,5,15,0356,-13.78,133.04,4.81,0,2,3,21.20,0,272
269,2019,5,15,0356,-13.80,130.24,4.81,0,2,1,5.84,0,270
270,2019,5,15,0356,-13.80,130.26,4.81,0,2,3,10.89,0,270
271,2019,5,15,0356,-13.80,133.02,4.81,0,2,5,19.23,0,272
272,2019,5,15,0356,-13.80,133.04,4.81,0,2,5,29.90,0,272
273,2019,5,15,0356,-13.80,133.08,4.81,0,2,3,14.45,0,273
274,2019,5,15,0356,-13.80,133.42,4.81,0,2,3,11.59,0,274
275,2019,5,15,0356,-13.82,133.14,4.81,0,2,3,14.17,0,278
276,2019,5,15,0356,-13.82,133.40,4.81,0,2,5,27.45,0,280
277,2019,5,15,0356,-13.84,133.14,4.81,0,2,5,14.67,0,278
278,2019,5,15,0356,-13.84,133.16,4.81,0,2,5,16.84,0,278
279,2019,5,15,0356,-13.84,133.40,4.81,0,2,5,27.57,0,280
280,2019,5,15,0356,-13.86,133.38,4.81,0,2,5,54.46,0,280
281,2019,5,15,0356,-13.86,133.40,4.81,0,2,5,35.02,0,280
282,2019,5,15,0356,-13.88,133.36,4.81,0,2,3,8.41,0,280
283,2019,5,15,0356,-13.88,133.38,4.81,0,2,5,12.27,0,280
284,2019,5,15,0356,-13.88,133.46,4.81,0,2,3,7.85,0,285
285,2019,5,15,0356,-13.88,133.48,4.81,0,2,5,13.16,0,285
286,2019,5,15,0356,-13.90,132.66,4.81,0,2,3,9.22,0,286
287,2019,5,15,0356,-13.90,134.48,4.81,0,2,3,5.80,0,287
288,2019,5,15,0356,-13.90,134.50,4.81,0,3,3,5.04,0,287
289,2019,5,15,0356,-13.92,131.12,4.81,0,3,3,3.93,0,291
290,2019,5,15,0356,-13.92,133.66,4.81,0,2,5,18.08,0,295
291,2019,5,15,0356,-13.94,131.12,4.81,0,3,3,3.95,0,291
292,2019,5,15,0356,-13.94,131.80,4.81,0,2,3,24.86,0,292
293,2019,5,15,0356,-13.94,131.82,4.81,0,2,3,13.50,0,292
294,2019,5,15,0356,-13.94,133.64,4.81,0,2,3,8.41,0,295
295,2019,5,15,0356,-13.94,133.66,4.81,0,2,5,23.90,0,295
296,2019,5,15,0356,-13.96,133.48,4.81,0,2,1,5.58,0,296
297,2019,5,15,0356,-14.06,126.40,4.81,0,2,3,23.82,0,300
298,2019,5,15,0356,-14.06,126.42,4.81,0,2,5,52.33,0,300
299,2019,5,15,0356,-14.08,126.40,4.81,0,2,5,92.30,0,300
300,2019,5,15,0356,-14.08,126.42,4.81,0,2,5,127.48,0,300
301,2019,5,15,0356,-14.10,126.40,4.81,0,2,3,10.80,0,300
302,2019,5,15,0356,-14.10,126.42,4.81,0,2,5,22.35,0,300
303,2019,5,15,0356,-14.10,130.28,4.81,0,2,3,5.76,0,303
304,2019,5,15,0356,-14.14,130.32,4.81,0,3,3,6.32,0,305
305,2019,5,15,0356,-14.16,130.32,4.81,0,2,5,19.83,0,305
306,2019,5,15,0356,-14.16,130.34,4.81,0,3,3,7.41,0,305
307,2019,5,15,0356,-14.18,130.32,4.81,0,3,3,6.98,0,305
308,2019,5,15,0356,-14.18,130.34,4.81,0,3,3,5.47,0,305
309,2019,5,15,0356,-14.22,132.06,4.80,0,2,3,11.32,0,311
310,2019,5,15,0356,-14.24,129.58,4.80,0,2,3,7.52,0,310
311,2019,5,15,0356,-14.24,132.04,4.80,0,2,5,47.96,0,311
312,2019,5,15,0356,-14.24,132.06,4.80,0,2,5,19.84,0,311
313,2019,5,15,0356,-14.30,131.82,4.80,0,2,1,6.04,0,314
314,2019,5,15,0356,-14.30,131.84,4.80,0,2,1,7.48,0,314
315,2019,5,15,0356,-14.32,131.54,4.80,0,2,3,7.09,0,315
316,2019,5,15,0356,-14.36,133.14,4.80,0,2,5,16.30,0,317
317,2019,5,15,0356,-14.38,133.14,4.80,0,2,3,18.32,0,317
318,2019,5,15,0356,-14.40,126.22,4.80,0,2,3,14.06,0,318
319,2019,5,15,0356,-14.50,126.16,4.80,0,2,3,14.67,0,320
320,2019,5,15,0356,-14.50,126.18,4.80,0,2,3,15.39,0,320
321,2019,5,15,0356,-14.58,127.84,4.80,0,2,3,15.87,0,321
322,2019,5,15,0356,-14.66,130.82,4.80,0,2,3,14.55,0,325
323,2019,5,15,0356,-14.68,126.62,4.79,0,2,3,10.67,0,323
324,2019,5,15,0356,-14.68,130.80,4.79,0,2,3,9.25,0,325
325,2019,5,15,0356,-14.68,130.82,4.79,0,2,5,17.03,0,325
326,2019,5,15,0356,-14.76,130.22,4.79,0,2,3,15.15,0,326
327,2019,5,15,0356,-14.78,125.22,4.79,0,2,3,26.03,0,335
328,2019,5,15,0356,-14.78,131.76,4.79,0,2,1,3.70,0,329
329,2019,5,15,0356,-14.78,131.78,4.79,0,3,1,3.84,0,329
330,2019,5,15,0356,-14.78,131.80,4.79,0,3,3,3.36,0,329
331,2019,5,15,0356,-14.80,125.22,4.79,0,2,3,20.49,0,335
332,2019,5,15,0356,-14.80,125.24,4.79,0,2,3,16.43,0,335
333,2019,5,15,0356,-14.80,130.22,4.79,0,2,5,47.11,0,336
334,2019,5,15,0356,-14.82,125.22,4.79,0,2,3,14.56,0,335
335,2019,5,15,0356,-14.82,125.24,4.79,0,2,5,27.32,0,335
336,2019,5,15,0356,-14.82,130.22,4.79,0,2,5,59.86,0,336
337,2019,5,15,0356,-14.82,130.24,4.79,0,2,5,25.59,0,336
338,2019,5,15,0356,-14.84,130.22,4.79,0,2,5,24.75,0,336
339,2019,5,15,0356,-14.84,130.24,4.79,0,2,3,14.58,0,336
340,2019,5,15,0356,-14.86,126.78,4.79,0,2,5,14.57,0,341
341,2019,5,15,0356,-14.86,126.80,4.79,0,2,5,15.83,0,341
342,2019,5,15,0356,-14.98,130.60,4.79,0,2,3,6.43,0,342
343,2019,5,15,0356,-15.00,133.12,4.79,0,3,1,4.76,0,343
344,2019,5,15,0356,-15.32,127.16,4.78,0,2,3,15.50,0,344
345,2019,5,15,0356,-15.34,127.12,4.78,0,1,3,84.41,0,345
346,2019,5,15,0356,-15.34,127.14,4.78,0,2,3,25.88,0,345
347,2019,5,15,0356,-15.36,127.22,4.78,0,2,3,29.34,0,350
348,2019,5,15,0356,-15.36,127.24,4.78,0,1,3,33.34,0,350
349,2019,5,15,0356,-15.38,127.16,4.78,0,2,5,74.83,0,350
350,2019,5,15,0356,-15.38,127.18,4.78,0,2,5,76.49,0,350
351,2019,5,15,0356,-15.38,127.20,4.78,0,2,5,40.67,0,350
352,2019,5,15,0356,-15.38,127.22,4.78,0,2,5,23.35,0,350
353,2019,5,15,0356,-15.40,127.16,4.78,0,2,5,40.10,0,350
354,2019,5,15,0356,-15.40,127.18,4.78,0,2,5,43.17,0,350
355,2019,5,15,0356,-15.40,134.90,4.78,0,3,1,2.96,0,355
356,2019,5,15,0356,-15.42,126.84,4.78,0,2,3,10.37,0,359
357,2019,5,15,0356,-15.42,126.86,4.78,0,2,1,9.67,0,359
358,2019,5,15,0356,-15.42,130.58,4.78,0,3,1,3.95,0,358
359,2019,5,15,0356,-15.44,126.84,4.78,0,2,3,18.89,0,359
360,2019,5,15,0356,-15.48,132.32,4.78,0,3,1,2.39,0,360
361,2019,5,15,0356,-15.62,126.08,4.77,0,2,3,28.19,0,361
362,2019,5,15,0356,-15.70,127.40,4.77,0,2,3,10.66,0,363
363,2019,5,15,0356,-15.72,127.38,4.77,0,2,3,10.90,0,363
364,2019,5,15,0356,-15.72,127.40,4.77,0,2,3,10.37,0,363
365,2019,5,15,0356,-15.74,129.14,4.77,0,2,1,4.16,0,365
366,2019,5,15,0356,-15.76,129.12,4.77,0,2,1,10.20,0,366
367,2019,5,15,0356,-15.86,128.70,4.77,0,2,1,5.73,0,367
368,2019,5,15,0356,-15.90,128.70,4.77,0,3,1,4.38,0,368
369,2019,5,15,0356,-16.10,128.30,4.76,0,2,3,12.97,0,369
370,2019,5,15,0356,-16.22,126.38,4.76,0,2,5,20.19,0,370
371,2019,5,15,0356,-16.22,126.40,4.76,0,2,3,9.15,0,370
372,2019,5,15,0356,-16.24,125.32,4.76,0,2,3,7.82,0,372
373,2019,5,15,0356,-16.24,136.88,4.76,0,2,3,17.46,0,374
374,2019,5,15,0356,-16.26,136.88,4.76,0,1,3,23.51,0,374
375,2019,5,15,0356,-16.44,137.54,4.75,0,2,3,12.28,0,376
376,2019,5,15,0356,-16.44,137.56,4.75,0,2,5,36.20,0,376
377,2019,5,15,0356,-16.46,137.56,4.75,0,2,5,21.19,0,376
378,2019,5,15,0356,-16.54,126.98,4.75,0,2,1,5.24,0,378
379,2019,5,15,0356,-16.58,122.84,4.75,0,2,3,18.40,0,379
380,2019,5,15,0356,-16.62,125.78,4.75,0,2,1,5.12,0,380
381,2019,5,15,0356,-16.64,137.08,4.75,0,2,3,13.82,0,381
382,2019,5,15,0356,-16.70,136.66,4.75,0,2,5,19.03,0,383
383,2019,5,15,0356,-16.70,136.68,4.75,0,2,5,20.05,0,383
384,2019,5,15,0356,-16.94,124.90,4.74,0,2,1,6.50,0,385
385,2019,5,15,0356,-16.94,124.92,4.74,0,2,1,10.93,0,385
386,2019,5,15,0356,-16.96,124.92,4.74,0,2,1,9.60,0,385
387,2019,5,15,0356,-17.00,122.70,4.74,0,2,5,37.60,0,389
388,2019,5,15,0356,-17.00,122.72,4.74,0,2,3,14.78,0,389
389,2019,5,15,0356,-17.02,122.70,4.74,0,2,5,47.04,0,389
390,2019,5,15,0356,-17.02,122.72,4.74,0,2,5,13.79,0,389
391,2019,5,15,0356,-17.54,123.40,4.73,0,2,3,23.85,0,391
392,2019,5,15,0356,-17.56,122.38,4.73,0,2,5,28.64,0,392
393,2019,5,15,0356,-17.58,122.36,4.73,0,2,5,22.29,0,393
394,2019,5,15,0356,-17.72,123.96,4.72,0,2,1,5.19,0,394
395,2019,5,15,0356,-17.78,123.92,4.72,0,3,1,5.75,0,395
396,2019,5,15,0356,-17.78,123.94,4.72,0,3,1,5.27,0,395
397,2019,5,15,0356,-17.78,123.96,4.72,0,3,1,4.92,0,395
398,2019,5,15,0356,-17.78,123.98,4.72,0,3,1,4.45,0,395
399,2019,5,15,0356,-17.84,125.82,4.72,0,2,1,8.19,0,399
400,2019,5,15,0356,-17.96,124.96,4.72,0,2,1,6.04,0,400
401,2019,5,15,0356,-18.12,135.54,4.71,0,2,3,3.34,0,401
402,2019,5,15,0356,-18.74,124.84,4.69,0,3,1,2.67,0,403
403,2019,5,15,0356,-18.74,124.86,4.69,0,3,1,2.81,0,403
404,2019,5,15,0356,-22.10,134.46,4.59,0,3,1,3.03,0,407
405,2019,5,15,0356,-22.10,134.48,4.59,0,3,1,3.23,0,407
406,2019,5,15,0356,-22.12,134.46,4.59,0,3,1,3.03,0,407
407,2019,5,15,0356,-22.12,134.48,4.59,0,3,1,3.23,0,407
408,2019,5,15,0356,-22.22,113.86,4.59,0,2,5,52.17,0,408
409,2019,5,15,0356,-25.78,125.70,4.46,0,3,1,1.79,0,409
410,2019,5,15,0356,-25.80,125.80,4.46,0,2,3,2.00,0,410
411,2019,5,15,0356,-25.88,123.04,4.46,0,3,3,1.99,0,411
412,2019,5,15,0356,-25.96,123.26,4.46,0,3,1,2.48,0,414
413,2019,5,15,0356,-25.96,123.28,4.46,0,3,1,1.95,0,414
414,2019,5,15,0356,-25.98,123.26,4.46,0,3,3,2.55,0,414
415,2019,5,15,0356,-25.98,123.28,4.46,0,3,3,2.55,0,414
416,2019,5,15,0356,-26.62,130.88,4.43,0,3,1,1.93,0,416
417,2019,5,15,0356,-26.66,130.28,4.43,0,3,1,2.14,0,417
418,2019,5,15,0356,-26.68,130.28,4.43,0,3,1,2.14,0,417
419,2019,5,15,0356,-26.84,130.38,4.42,0,3,1,1.41,0,419
420,2019,5,15,0356,-27.32,129.70,4.40,0,2,1,1.97,0,422
421,2019,5,15,0356,-27.34,129.70,4.40,0,2,1,1.97,0,422
422,2019,5,15,0356,-27.36,129.70,4.40,0,2,1,2.06,0,422
423,2019,5,15,0356,-27.42,129.84,4.40,0,2,1,4.36,0,423
424,2019,5,15,0356,-27.82,117.16,4.38,0,2,3,3.07,0,424
425,2019,5,15,0356,-27.90,114.14,4.38,0,3,3,5.61,0,427
426,2019,5,15,0356,-27.90,114.16,4.38,0,3,3,5.61,0,427
427,2019,5,15,0356,-27.90,114.18,4.38,0,3,3,5.98,0,427
428,2019,5,15,0356,-27.92,114.72,4.38,0,2,5,12.15,0,428
429,2019,5,15,0356,-27.92,114.74,4.38,0,2,5,12.15,0,428
430,2019,5,15,0356,-27.92,114.76,4.38,0,3,3,5.12,0,428
431,2019,5,15,0356,-27.94,114.72,4.38,0,2,3,8.55,0,428
432,2019,5,15,0356,-28.26,122.62,4.37,0,2,1,2.34,0,433
433,2019,5,15,0356,-28.28,122.58,4.36,0,2,1,5.14,0,433
434,2019,5,15,0356,-28.28,122.60,4.36,0,2,1,3.55,0,433
435,2019,5,15,0356,-28.28,122.62,4.36,0,2,1,3.55,0,433
436,2019,5,15,0356,-29.04,115.30,4.33,0,2,5,48.33,0,436
437,2019,5,15,0356,-29.06,114.86,4.33,0,2,3,6.35,0,441
438,2019,5,15,0356,-29.06,114.88,4.33,0,2,3,6.35,0,441
439,2019,5,15,0356,-29.06,115.26,4.33,0,2,5,154.02,0,439
440,2019,5,15,0356,-29.06,115.28,4.33,0,2,5,45.75,0,439
441,2019,5,15,0356,-29.08,114.86,4.33,0,2,3,6.35,0,441
442,2019,5,15,0356,-29.08,115.26,4.33,0,2,5,32.59,0,439
443,2019,5,15,0356,-29.08,115.28,4.33,0,3,5,10.82,0,439
444,2019,5,15,0356,-29.60,120.54,4.31,0,3,1,3.19,2,444
445,2019,5,15,0356,-30.30,115.86,4.28,0,2,5,30.09,0,446
446,2019,5,15,0356,-30.30,115.88,4.28,0,2,5,58.66,0,446
447,2019,5,15,0356,-30.32,115.84,4.28,0,2,5,19.14,0,446
448,2019,5,15,0356,-30.32,115.86,4.28,0,2,5,19.14,0,446
449,2019,5,15,0356,-30.32,115.88,4.28,0,2,5,11.61,0,446
450,2019,5,15,0356,-30.58,115.56,4.27,0,2,1,7.82,0,455
451,2019,5,15,0356,-30.58,115.58,4.27,0,2,1,7.82,0,455
452,2019,5,15,0356,-30.58,115.60,4.27,0,2,5,40.44,0,452
453,2019,5,15,0356,-30.60,115.58,4.27,0,2,5,9.14,0,455
454,2019,5,15,0356,-30.60,115.60,4.27,0,2,5,9.68,0,452
455,2019,5,15,0356,-30.62,115.58,4.27,0,2,5,9.14,0,455
456,2019,5,15,0356,-31.26,146.60,4.24,0,2,1,15.23,0,456
457,2019,5,15,0356,-31.26,146.62,4.24,0,2,5,11.28,0,456
458,2019,5,15,0356,-31.36,145.66,4.23,0,3,1,1.81,0,461
459,2019,5,15,0356,-31.36,145.68,4.23,0,3,5,3.91,0,461
460,2019,5,15,0356,-31.38,145.66,4.23,0,3,1,1.81,0,461
461,2019,5,15,0356,-31.38,145.68,4.23,0,3,5,3.91,0,461
462,2019,5,15,0356,-32.52,146.06,4.18,0,3,3,3.73,0,462
463,2019,5,15,0356,-32.72,119.42,4.17,0,2,3,4.13,0,463
464,2019,5,15,0356,-33.32,148.94,4.14,0,2,3,7.54,0,467
465,2019,5,15,0356,-33.32,148.96,4.14,0,2,5,24.15,0,467
466,2019,5,15,0356,-33.34,148.94,4.14,0,2,5,26.06,0,467
467,2019,5,15,0356,-33.34,148.96,4.14,0,2,5,64.16,0,467
468,2019,5,15,0356,-33.36,148.96,4.14,0,1,5,40.34,0,467
469,2019,5,15,0356,-33.78,149.42,4.12,0,2,5,12.62,0,470
470,2019,5,15,0356,-33.78,149.44,4.12,0,2,5,25.78,0,470
471,2019,5,15,0356,-33.80,149.42,4.12,0,2,5,10.47,0,470
472,2019,5,15,0356,-33.88,142.68,4.12,0,3,3,2.05,0,472
473,2019,5,15,0356,-34.22,116.78,4.10,0,2,5,89.41,0,473
474,2019,5,15,0356,-34.22,116.80,4.10,0,2,5,38.27,0,473
475,2019,5,15,0356,-34.22,116.82,4.10,0,2,5,38.27,0,473
476,2019,5,15,0356,-34.22,135.72,4.10,0,2,3,10.46,0,477
477,2019,5,15,0356,-34.22,135.74,4.10,0,2,5,33.99,0,477
478,2019,5,15,0356,-34.24,135.74,4.10,0,2,3,10.73,0,477
479,2019,5,15,0356,-34.34,146.10,4.09,0,2,5,17.49,0,480
480,2019,5,15,0356,-34.34,146.12,4.09,0,2,5,53.89,0,480
481,2019,5,15,0356,-34.44,150.86,4.09,0,2,1,4.30,0,485
482,2019,5,15,0356,-34.44,150.88,4.09,0,2,1,3.87,0,485
483,2019,5,15,0356,-34.46,150.86,4.09,0,2,1,4.01,0,485
484,2019,5,15,0356,-34.46,150.88,4.09,0,2,1,5.36,0,485
485,2019,5,15,0356,-34.46,150.90,4.09,0,2,1,5.36,0,485
486,2019,5,15,0356,-34.52,117.58,4.08,0,2,5,8.95,0,486
487,2019,5,15,0356,-35.14,148.58,4.05,0,2,5,10.05,0,489
488,2019,5,15,0356,-35.16,148.56,4.05,0,2,5,21.92,0,489
489,2019,5,15,0356,-35.16,148.58,4.05,0,2,5,22.08,0,489
490,2019,5,15,0356,-35.16,148.60,4.05,0,2,5,22.08,0,489
491,2019,5,15,0356,-35.16,148.62,4.05,0,2,1,17.18,0,489
492,2019,5,15,0356,-35.16,148.64,4.05,0,2,5,10.80,0,489
493,2019,5,15,0356,-35.18,148.62,4.05,0,2,5,10.62,0,489
494,2019,5,15,0356,-35.18,148.64,4.05,0,3,3,7.14,0,489
495,2019,5,15,0356,-35.66,150.18,4.03,0,2,3,3.56,0,495
496,2019,5,15,0356,-35.68,147.70,4.03,0,3,3,3.52,0,497
497,2019,5,15,0356,-35.70,147.70,4.03,0,3,3,3.52,0,497
498,2019,5,15,0356,-35.74,148.06,4.02,0,2,5,37.99,0,503
499,2019,5,15,0356,-35.74,148.08,4.02,0,2,5,20.04,0,503
500,2019,5,15,0356,-35.76,148.06,4.02,0,2,5,46.97,0,503
501,2019,5,15,0356,-35.76,148.08,4.02,0,2,5,19.55,0,503
502,2019,5,15,0356,-35.78,147.62,4.02,0,2,3,3.64,0,505
503,2019,5,15,0356,-35.78,148.06,4.02,0,2,5,46.97,0,503
504,2019,5,15,0356,-35.78,148.08,4.02,0,2,5,19.55,0,503
505,2019,5,15,0356,-35.80,147.62,4.02,0,2,3,3.64,0,505
506,2019,5,15,0356,-35.82,147.62,4.02,0,3,3,3.46,0,505
507,2019,5,15,0356,-37.08,149.14,3.95,0,3,3,6.06,0,510
508,2019,5,15,0356,-37.10,149.14,3.95,0,2,5,26.07,0,510
509,2019,5,15,0356,-37.12,149.14,3.95,0,2,5,26.07,0,510
510,2019,5,15,0356,-37.12,149.16,3.95,0,2,5,26.07,0,510
511,2019,5,15,0356,-37.18,147.34,3.95,0,3,1,3.51,0,511
512,2019,5,15,0356,-37.18,149.02,3.95,0,2,5,12.04,0,513
513,2019,5,15,0356,-37.18,149.04,3.95,0,2,5,33.36,0,513
514,2019,5,15,0356,-37.20,149.04,3.95,0,2,5,9.99,0,513
515,2019,5,15,0356,-37.22,149.04,3.95,0,2,5,9.99,0,513
516,2019,5,15,0402,-41.38,146.30,3.72,0,2,5,15.78,0,516
517,2019,5,15,0402,-41.38,146.96,3.72,0,2,5,5.56,0,522
518,2019,5,15,0402,-41.38,146.98,3.72,0,2,5,5.56,0,522
519,2019,5,15,0402,-41.38,147.00,3.72,0,2,5,5.60,0,522
520,2019,5,15,0402,-41.40,146.22,3.72,0,2,5,10.91,0,523
521,2019,5,15,0402,-41.40,146.98,3.72,0,2,5,5.56,0,522
522,2019,5,15,0402,-41.40,147.00,3.72,0,2,5,5.60,0,522
523,2019,5,15,0402,-41.42,146.22,3.72,0,2,5,10.91,0,523
524,2019,5,15,0402,-41.44,147.96,3.72,0,1,5,126.45,0,524
525,2019,5,15,0402,-41.46,147.98,3.71,0,2,5,381.47,0,527
526,2019,5,15,0402,-41.46,148.00,3.71,0,2,5,381.47,0,527
527,2019,5,15,0402,-41.48,148.00,3.71,0,2,5,381.49,0,527
528,2019,5,15,0402,-41.50,148.00,3.71,0,2,5,100.31,0,527
529,2019,5,15,0402,-41.50,148.02,3.71,0,2,5,218.35,0,527
530,2019,5,15,0402,-41.50,148.04,3.71,0,2,5,124.24,0,527
531,2019,5,15,0402,-41.52,148.00,3.71,0,2,5,11.22,0,527
532,2019,5,15,0402,-41.52,148.02,3.71,0,2,5,107.18,0,527
533,2019,5,15,0402,-41.52,148.04,3.71,0,2,5,61.05,0,527
534,2019,5,15,0402,-41.52,148.06,3.71,0,2,5,61.05,0,527
535,2019,5,15,0402,-41.78,146.92,3.70,0,2,3,1.82,0,536
536,2019,5,15,0402,-41.80,146.92,3.70,0,2,3,1.82,0,536
