# 2020 10 13  8 10 UTC  2020 10 13  8 40 UTC
# ID,Year,Month,Day,Time(UTC),Lat,Lon,Area(km^2),Volcano,Level,Reliability,FRP(Wm^-2),QF,Hot(ID)
1,2020,10,13,0809,59.52,103.50,2.51,0,2,5,26.41,0,34
2,2020,10,13,0809,59.52,103.52,2.51,0,2,5,26.41,0,34
3,2020,10,13,0809,59.52,103.54,2.51,0,2,5,9.63,0,34
4,2020,10,13,0809,59.52,103.56,2.51,0,2,5,9.64,0,34
5,2020,10,13,0809,59.52,103.58,2.51,0,2,5,9.64,0,34
6,2020,10,13,0809,59.50,103.52,2.52,0,2,5,26.46,0,34
7,2020,10,13,0809,59.50,103.54,2.52,0,2,5,26.46,0,34
8,2020,10,13,0809,59.50,103.56,2.52,0,2,5,26.47,0,34
9,2020,10,13,0809,59.50,103.58,2.52,0,2,5,9.51,0,34
10,2020,10,13,0809,59.50,103.60,2.52,0,2,5,9.52,0,34
11,2020,10,13,0809,59.48,103.50,2.52,0,1,5,23.32,0,11
12,2020,10,13,0809,59.48,103.56,2.52,0,2,5,26.47,0,34
13,2020,10,13,0809,59.48,103.58,2.52,0,2,5,26.47,0,34
14,2020,10,13,0809,59.48,103.60,2.52,0,2,5,9.52,0,34
15,2020,10,13,0809,59.48,103.62,2.52,0,2,5,9.52,0,34
16,2020,10,13,0809,59.48,103.64,2.52,0,2,5,9.52,0,34
17,2020,10,13,0809,59.46,103.54,2.52,0,1,5,23.33,0,34
18,2020,10,13,0809,59.46,103.56,2.52,0,1,5,23.33,0,34
19,2020,10,13,0809,59.46,103.58,2.52,0,2,5,26.97,0,34
20,2020,10,13,0809,59.46,103.60,2.52,0,2,5,26.97,0,34
21,2020,10,13,0809,59.46,103.62,2.52,0,2,5,26.97,0,34
22,2020,10,13,0809,59.46,103.64,2.52,0,2,5,8.37,0,34
23,2020,10,13,0809,59.46,103.66,2.52,0,2,5,8.37,0,34
24,2020,10,13,0809,59.44,103.56,2.52,0,1,5,23.34,0,34
25,2020,10,13,0809,59.44,103.58,2.52,0,1,5,23.34,0,34
26,2020,10,13,0809,59.44,103.60,2.52,0,2,5,26.98,0,34
27,2020,10,13,0809,59.44,103.62,2.52,0,2,5,26.98,0,34
28,2020,10,13,0809,59.44,103.64,2.52,0,2,5,26.98,0,34
29,2020,10,13,0809,59.44,103.66,2.52,0,2,5,8.38,0,34
30,2020,10,13,0809,59.44,103.68,2.52,0,2,5,8.39,0,34
31,2020,10,13,0809,59.44,103.70,2.52,0,2,5,8.39,0,34
32,2020,10,13,0809,59.42,103.62,2.52,0,1,5,23.44,0,34
33,2020,10,13,0809,59.42,103.64,2.52,0,2,5,27.03,0,34
34,2020,10,13,0809,59.42,103.66,2.52,0,2,5,27.03,0,34
35,2020,10,13,0809,59.42,103.68,2.52,0,2,5,8.39,0,34
36,2020,10,13,0809,59.42,103.70,2.52,0,2,5,8.39,0,34
37,2020,10,13,0809,59.42,103.72,2.52,0,2,5,8.39,0,34
38,2020,10,13,0809,59.40,102.04,2.52,0,3,5,3.45,0,39
39,2020,10,13,0809,59.40,102.06,2.52,0,3,5,3.45,0,39
40,2020,10,13,0809,58.86,102.56,2.56,0,2,3,.94,0,51
41,2020,10,13,0809,58.86,102.58,2.56,0,2,3,.94,0,51
42,2020,10,13,0809,58.84,101.76,2.56,0,2,5,12.04,0,62
43,2020,10,13,0809,58.84,101.78,2.56,0,2,5,11.86,0,62
44,2020,10,13,0809,58.84,101.80,2.56,0,2,5,11.86,0,62
45,2020,10,13,0809,58.84,102.58,2.56,0,2,3,.94,0,51
46,2020,10,13,0809,58.84,102.60,2.56,0,2,3,.94,0,51
47,2020,10,13,0809,58.84,102.62,2.56,0,2,3,.94,0,51
48,2020,10,13,0809,58.82,101.80,2.57,0,2,5,11.86,0,62
49,2020,10,13,0809,58.82,101.82,2.57,0,2,5,11.86,0,62
50,2020,10,13,0809,58.82,102.62,2.57,0,2,3,.95,0,51
51,2020,10,13,0809,58.82,102.64,2.57,0,2,3,.95,0,51
52,2020,10,13,0809,58.80,101.82,2.57,0,2,5,14.35,0,62
53,2020,10,13,0809,58.80,101.84,2.57,0,2,5,14.35,0,62
54,2020,10,13,0809,58.80,101.86,2.57,0,2,5,11.86,0,62
55,2020,10,13,0809,58.78,101.86,2.57,0,2,5,14.35,0,62
56,2020,10,13,0809,58.78,101.88,2.57,0,2,5,14.36,0,62
57,2020,10,13,0809,58.78,101.90,2.57,0,2,3,2.52,0,62
58,2020,10,13,0809,58.78,101.92,2.57,0,2,3,2.52,0,62
59,2020,10,13,0809,58.78,101.94,2.57,0,2,3,2.52,0,62
60,2020,10,13,0809,58.76,101.88,2.57,0,2,5,14.36,0,62
61,2020,10,13,0809,58.76,101.90,2.57,0,2,5,14.39,0,62
62,2020,10,13,0809,58.76,101.92,2.57,0,2,5,14.39,0,62
63,2020,10,13,0809,58.76,101.94,2.57,0,2,3,2.53,0,62
64,2020,10,13,0809,58.76,101.96,2.57,0,2,3,2.53,0,62
65,2020,10,13,0809,58.74,101.98,2.57,0,2,3,2.45,0,65
66,2020,10,13,0809,58.74,102.00,2.57,0,2,3,2.45,0,65
67,2020,10,13,0809,58.34,104.36,2.60,0,2,3,1.10,0,68
68,2020,10,13,0809,58.34,104.38,2.60,0,2,3,1.11,0,68
69,2020,10,13,0809,58.32,104.40,2.60,0,2,3,1.64,0,81
70,2020,10,13,0809,58.32,104.42,2.60,0,2,1,1.64,0,81
71,2020,10,13,0809,58.30,104.42,2.60,0,2,3,1.65,0,81
72,2020,10,13,0809,58.30,104.44,2.60,0,2,3,1.65,0,81
73,2020,10,13,0809,58.28,104.40,2.61,0,2,5,7.28,0,81
74,2020,10,13,0809,58.28,104.42,2.61,0,2,5,7.28,0,81
75,2020,10,13,0809,58.28,104.44,2.61,0,2,5,22.30,0,81
76,2020,10,13,0809,58.28,104.46,2.61,0,2,5,22.30,0,81
77,2020,10,13,0809,58.28,104.48,2.61,0,2,5,22.30,0,81
78,2020,10,13,0809,58.26,104.42,2.61,0,2,5,7.28,0,81
79,2020,10,13,0809,58.26,104.44,2.61,0,2,5,7.29,0,81
80,2020,10,13,0809,58.26,104.46,2.61,0,2,5,7.29,0,81
81,2020,10,13,0809,58.26,104.48,2.61,0,2,5,22.33,0,81
82,2020,10,13,0809,58.26,104.50,2.61,0,2,5,22.03,0,81
83,2020,10,13,0809,58.24,104.48,2.61,0,2,5,7.29,0,81
84,2020,10,13,0809,58.24,104.50,2.61,0,2,5,22.03,0,81
85,2020,10,13,0809,58.24,104.52,2.61,0,2,5,22.03,0,81
86,2020,10,13,0809,58.10,103.52,2.62,0,2,5,10.62,0,92
87,2020,10,13,0809,58.10,103.54,2.62,0,2,5,10.62,0,92
88,2020,10,13,0809,58.08,103.54,2.62,0,2,5,10.63,0,92
89,2020,10,13,0809,58.08,103.56,2.62,0,2,5,10.64,0,92
90,2020,10,13,0809,58.08,103.58,2.62,0,2,5,10.64,0,92
91,2020,10,13,0809,58.06,103.58,2.62,0,2,5,10.64,0,92
92,2020,10,13,0809,58.06,103.60,2.62,0,2,5,10.65,0,92
93,2020,10,13,0809,58.04,103.60,2.62,0,2,3,4.38,0,92
94,2020,10,13,0809,58.04,103.62,2.62,0,2,3,4.38,0,92
95,2020,10,13,0809,58.02,103.62,2.63,0,2,3,4.38,0,92
96,2020,10,13,0809,58.02,103.64,2.63,0,2,3,4.38,0,92
97,2020,10,13,0809,58.02,103.66,2.63,0,2,3,4.38,0,92
98,2020,10,13,0809,58.00,103.68,2.63,0,2,3,4.56,0,98
99,2020,10,13,0809,57.70,103.04,2.65,0,2,3,10.33,0,112
100,2020,10,13,0809,57.70,103.06,2.65,0,2,3,10.35,0,112
101,2020,10,13,0809,57.68,103.06,2.65,0,2,3,10.35,0,112
102,2020,10,13,0809,57.68,103.08,2.65,0,2,3,10.37,0,112
103,2020,10,13,0809,57.66,103.08,2.65,0,2,3,10.37,0,112
104,2020,10,13,0809,57.66,103.10,2.65,0,2,3,10.37,0,112
105,2020,10,13,0809,57.66,103.12,2.65,0,2,3,10.38,0,112
106,2020,10,13,0809,57.64,103.06,2.65,0,2,5,14.33,0,112
107,2020,10,13,0809,57.64,103.08,2.65,0,2,5,14.33,0,112
108,2020,10,13,0809,57.64,103.10,2.65,0,2,5,14.33,0,112
109,2020,10,13,0809,57.64,103.12,2.65,0,2,3,5.03,0,112
110,2020,10,13,0809,57.64,103.14,2.65,0,2,1,5.03,0,112
111,2020,10,13,0809,57.62,103.10,2.65,0,2,5,14.33,0,112
112,2020,10,13,0809,57.62,103.12,2.65,0,2,5,14.33,0,112
113,2020,10,13,0809,57.62,103.14,2.65,0,2,3,5.03,0,112
114,2020,10,13,0809,57.62,103.16,2.65,0,2,3,5.04,0,112
115,2020,10,13,0809,57.60,103.06,2.66,0,2,1,3.45,0,112
116,2020,10,13,0809,57.60,103.08,2.66,0,2,1,3.45,0,112
117,2020,10,13,0809,57.60,103.10,2.66,0,2,1,3.45,0,112
118,2020,10,13,0809,57.60,103.12,2.66,0,2,3,7.35,0,112
119,2020,10,13,0809,57.60,103.14,2.66,0,2,3,7.35,0,112
120,2020,10,13,0809,57.60,103.18,2.66,0,2,3,5.04,0,112
121,2020,10,13,0809,57.60,103.20,2.66,0,2,3,3.86,0,112
122,2020,10,13,0809,57.58,103.10,2.66,0,2,1,3.46,0,112
123,2020,10,13,0809,57.58,103.12,2.66,0,2,1,3.46,0,112
124,2020,10,13,0809,57.58,103.14,2.66,0,2,3,7.35,0,112
125,2020,10,13,0809,57.58,103.16,2.66,0,2,3,7.35,0,112
126,2020,10,13,0809,57.58,103.18,2.66,0,2,3,7.35,0,112
127,2020,10,13,0809,57.56,103.14,2.66,0,2,1,3.46,0,112
128,2020,10,13,0809,57.56,103.16,2.66,0,2,1,3.46,0,112
129,2020,10,13,0809,57.56,103.18,2.66,0,2,3,7.25,0,112
130,2020,10,13,0809,57.56,103.20,2.66,0,2,3,7.25,0,112
131,2020,10,13,0809,55.04,104.92,2.84,0,2,3,1.04,0,134
132,2020,10,13,0809,55.04,104.94,2.84,0,2,3,1.04,0,134
133,2020,10,13,0809,55.02,104.94,2.84,0,2,3,1.04,0,134
134,2020,10,13,0809,55.02,104.96,2.84,0,2,3,1.04,0,134
135,2020,10,13,0809,54.62,105.56,2.87,0,2,1,.64,0,135
136,2020,10,13,0809,54.48,102.96,2.88,0,2,3,6.49,0,142
137,2020,10,13,0809,54.48,102.98,2.88,0,2,3,6.49,0,142
138,2020,10,13,0809,54.46,102.98,2.88,0,2,3,6.49,0,142
139,2020,10,13,0809,54.46,103.00,2.88,0,2,3,6.49,0,142
140,2020,10,13,0809,54.44,103.00,2.88,0,2,3,6.50,0,142
141,2020,10,13,0809,54.44,103.02,2.88,0,2,3,6.50,0,142
142,2020,10,13,0809,54.44,103.04,2.88,0,2,3,6.50,0,142
143,2020,10,13,0809,53.46,139.64,2.95,0,2,3,1.26,0,143
144,2020,10,13,0809,51.56,136.46,3.08,0,2,3,1.70,0,144
145,2020,10,13,0809,51.56,136.48,3.08,0,2,3,1.39,0,144
146,2020,10,13,0809,46.82,122.50,3.39,0,3,3,1.23,0,146
147,2020,10,13,0809,43.74,145.06,3.58,0,1,1,5.57,0,147
148,2020,10,13,0809,41.32,123.40,3.72,0,2,5,3.70,0,148
149,2020,10,13,0809,41.32,123.42,3.72,0,2,5,3.70,0,148
150,2020,10,13,0809,41.30,123.42,3.72,0,2,5,3.70,0,148
151,2020,10,13,0809,35.04,136.86,4.06,0,2,1,4.14,0,151
152,2020,10,13,0809,35.04,136.88,4.06,0,2,1,2.42,0,151
153,2020,10,13,0809,35.02,136.86,4.06,0,2,1,2.46,0,151
154,2020,10,13,0809,35.00,136.86,4.06,0,2,1,2.46,0,151
155,2020,10,13,0809,34.24,132.52,4.10,0,2,1,6.20,0,155
156,2020,10,13,0809,33.92,130.84,4.11,0,2,1,2.32,0,156
157,2020,10,13,0809,32.20,118.72,4.19,0,2,1,1.51,0,157
158,2020,10,13,0815,31.68,99.72,4.22,0,3,1,2.68,0,158
159,2020,10,13,0815,31.68,99.74,4.22,0,3,1,2.68,0,158
160,2020,10,13,0815,31.66,99.74,4.22,0,3,1,2.68,0,158
161,2020,10,13,0815,31.66,99.94,4.22,0,3,3,1.85,0,161
162,2020,10,13,0815,30.84,116.20,4.26,0,2,5,4.61,0,162
163,2020,10,13,0815,30.64,114.42,4.26,0,2,1,2.40,0,163
164,2020,10,13,0815,30.64,114.44,4.26,0,2,1,2.40,0,163
165,2020,10,13,0815,30.62,114.44,4.27,0,2,1,1.78,0,163
166,2020,10,13,0815,29.86,98.10,4.30,0,3,3,4.45,0,167
167,2020,10,13,0815,29.86,98.12,4.30,0,3,3,4.45,0,167
168,2020,10,13,0815,25.48,83.50,4.47,0,3,1,1.53,0,168
169,2020,10,13,0815,24.10,106.34,4.52,0,2,3,2.86,0,169
170,2020,10,13,0815,24.10,106.36,4.52,0,2,3,2.86,0,169
171,2020,10,13,0815,-.90,116.92,4.96,0,2,3,3.80,0,171
172,2020,10,13,0815,-6.30,145.56,4.93,0,2,1,4.99,0,172
173,2020,10,13,0815,-6.38,145.84,4.93,0,2,3,6.84,0,173
174,2020,10,13,0815,-7.18,112.62,4.92,0,2,5,29.14,0,175
175,2020,10,13,0815,-7.20,112.60,4.92,0,2,5,34.07,0,175
176,2020,10,13,0815,-7.20,112.62,4.92,0,3,5,18.98,0,175
177,2020,10,13,0815,-7.46,138.40,4.91,0,2,5,6.35,0,178
178,2020,10,13,0815,-7.48,138.40,4.91,0,2,5,12.72,0,178
179,2020,10,13,0815,-7.80,138.76,4.91,0,2,5,6.55,0,179
180,2020,10,13,0815,-7.80,138.78,4.91,0,3,5,4.94,0,179
181,2020,10,13,0815,-7.80,138.88,4.91,0,2,3,4.05,0,181
182,2020,10,13,0815,-7.82,138.78,4.91,0,2,3,3.78,0,179
183,2020,10,13,0815,-8.00,139.50,4.91,0,2,3,3.41,0,183
184,2020,10,13,0815,-8.00,142.94,4.91,0,2,3,8.40,0,184
185,2020,10,13,0815,-8.46,141.14,4.90,0,2,3,2.71,0,185
186,2020,10,13,0815,-9.56,119.84,4.89,0,2,5,8.65,0,186
187,2020,10,13,0815,-9.64,124.08,4.89,0,2,5,37.57,0,187
188,2020,10,13,0815,-9.64,124.10,4.89,0,2,3,7.84,0,187
189,2020,10,13,0815,-9.68,123.70,4.89,0,2,3,4.03,0,189
190,2020,10,13,0815,-9.68,124.00,4.89,0,2,3,12.12,0,190
191,2020,10,13,0815,-9.70,124.28,4.89,0,2,3,22.26,0,191
192,2020,10,13,0815,-9.70,124.30,4.89,0,2,5,14.27,0,191
193,2020,10,13,0815,-9.92,124.20,4.88,0,2,5,9.97,0,193
194,2020,10,13,0815,-10.04,124.38,4.88,0,2,5,21.42,0,195
195,2020,10,13,0815,-10.06,124.38,4.88,0,1,3,58.18,0,195
196,2020,10,13,0815,-10.24,123.74,4.88,0,2,1,4.96,0,196
197,2020,10,13,0815,-11.28,136.62,4.86,0,2,3,6.03,0,197
198,2020,10,13,0815,-11.30,136.62,4.86,0,2,1,4.73,0,197
199,2020,10,13,0815,-11.86,132.94,4.85,0,2,3,6.19,0,200
200,2020,10,13,0815,-11.88,132.94,4.85,0,2,3,6.19,0,200
201,2020,10,13,0815,-11.90,132.94,4.85,0,2,3,5.66,0,200
202,2020,10,13,0815,-11.92,132.92,4.85,0,2,3,4.80,0,202
203,2020,10,13,0815,-11.94,132.90,4.85,0,2,1,4.14,0,202
204,2020,10,13,0815,-11.94,132.92,4.85,0,2,3,4.57,0,202
205,2020,10,13,0815,-11.96,135.78,4.85,0,2,3,3.32,0,205
206,2020,10,13,0815,-11.96,135.80,4.85,0,2,3,2.93,0,205
207,2020,10,13,0815,-11.98,142.22,4.85,0,2,5,4.84,0,207
208,2020,10,13,0815,-12.04,134.78,4.85,0,2,3,5.64,0,209
209,2020,10,13,0815,-12.06,134.78,4.85,0,2,5,6.01,0,209
210,2020,10,13,0815,-12.06,142.46,4.85,0,2,3,3.12,0,210
211,2020,10,13,0815,-12.08,134.78,4.85,0,2,3,4.24,0,209
212,2020,10,13,0815,-12.14,141.82,4.85,0,2,1,3.20,0,212
213,2020,10,13,0815,-12.18,133.82,4.85,0,2,3,5.04,0,214
214,2020,10,13,0815,-12.18,133.84,4.85,0,2,5,7.98,0,214
215,2020,10,13,0815,-12.20,133.82,4.84,0,2,3,3.89,0,214
216,2020,10,13,0815,-12.20,133.84,4.84,0,2,5,5.53,0,214
217,2020,10,13,0815,-12.22,133.46,4.84,0,2,3,3.49,0,217
218,2020,10,13,0815,-12.30,142.76,4.84,0,2,3,5.69,0,220
219,2020,10,13,0815,-12.30,142.78,4.84,0,2,3,5.33,0,220
220,2020,10,13,0815,-12.32,142.76,4.84,0,2,5,9.98,0,220
221,2020,10,13,0815,-12.32,142.78,4.84,0,2,3,7.82,0,220
222,2020,10,13,0815,-12.32,142.80,4.84,0,2,3,5.02,0,220
223,2020,10,13,0815,-12.36,136.80,4.84,0,2,3,3.56,0,223
224,2020,10,13,0815,-12.36,141.74,4.84,0,2,5,28.33,0,224
225,2020,10,13,0815,-12.36,141.76,4.84,0,2,5,9.86,0,224
226,2020,10,13,0815,-12.38,141.74,4.84,0,2,5,7.10,0,224
227,2020,10,13,0815,-12.40,136.70,4.84,0,2,3,2.73,0,227
228,2020,10,13,0815,-12.40,142.84,4.84,0,2,3,5.99,0,229
229,2020,10,13,0815,-12.42,142.84,4.84,0,2,3,8.98,0,229
230,2020,10,13,0815,-12.44,134.98,4.84,0,2,5,34.13,0,230
231,2020,10,13,0815,-12.44,135.00,4.84,0,2,3,6.40,0,230
232,2020,10,13,0815,-12.44,142.84,4.84,0,2,3,7.65,0,229
233,2020,10,13,0815,-12.46,134.98,4.84,0,2,3,9.75,0,230
234,2020,10,13,0815,-12.50,132.20,4.84,0,2,5,6.82,0,237
235,2020,10,13,0815,-12.50,136.26,4.84,0,2,3,3.67,0,235
236,2020,10,13,0815,-12.50,142.82,4.84,0,2,3,7.50,0,240
237,2020,10,13,0815,-12.52,132.20,4.84,0,2,5,38.87,0,237
238,2020,10,13,0815,-12.52,132.22,4.84,0,2,5,7.51,0,237
239,2020,10,13,0815,-12.52,136.26,4.84,0,2,1,3.34,0,235
240,2020,10,13,0815,-12.52,142.80,4.84,0,2,3,10.82,0,240
241,2020,10,13,0815,-12.52,142.82,4.84,0,2,3,6.72,0,240
242,2020,10,13,0815,-12.54,132.20,4.84,0,2,5,10.01,0,237
243,2020,10,13,0815,-12.58,135.74,4.84,0,2,5,7.90,0,245
244,2020,10,13,0815,-12.58,135.76,4.84,0,2,3,6.06,0,245
245,2020,10,13,0815,-12.60,135.74,4.84,0,2,5,13.17,0,245
246,2020,10,13,0815,-12.60,135.76,4.84,0,2,5,8.91,0,245
247,2020,10,13,0815,-12.88,143.32,4.83,0,2,3,5.10,0,247
248,2020,10,13,0815,-12.94,143.08,4.83,0,2,1,3.34,0,252
249,2020,10,13,0815,-12.96,143.08,4.83,0,2,3,4.35,0,252
250,2020,10,13,0815,-12.98,141.68,4.83,0,2,3,5.20,0,251
251,2020,10,13,0815,-12.98,141.70,4.83,0,2,5,6.21,0,251
252,2020,10,13,0815,-12.98,143.08,4.83,0,2,5,6.55,0,252
253,2020,10,13,0815,-13.00,143.08,4.83,0,2,3,2.97,0,252
254,2020,10,13,0815,-13.24,141.80,4.82,0,2,3,3.29,0,257
255,2020,10,13,0815,-13.26,141.80,4.82,0,2,5,5.03,0,257
256,2020,10,13,0815,-13.26,141.82,4.82,0,2,3,3.56,0,257
257,2020,10,13,0815,-13.28,141.78,4.82,0,2,5,5.45,0,257
258,2020,10,13,0815,-13.28,141.80,4.82,0,2,3,3.24,0,257
259,2020,10,13,0815,-13.28,141.82,4.82,0,2,3,4.23,0,257
260,2020,10,13,0815,-13.38,130.52,4.82,0,2,3,13.71,0,262
261,2020,10,13,0815,-13.38,130.54,4.82,0,2,5,32.79,0,262
262,2020,10,13,0815,-13.38,130.56,4.82,0,2,5,73.06,0,262
263,2020,10,13,0815,-13.38,130.58,4.82,0,3,3,8.30,0,262
264,2020,10,13,0815,-13.38,135.84,4.82,0,2,3,4.80,0,264
265,2020,10,13,0815,-13.44,130.44,4.82,0,2,3,17.16,0,266
266,2020,10,13,0815,-13.46,130.44,4.82,0,2,5,48.41,0,266
267,2020,10,13,0815,-13.46,130.46,4.82,0,2,5,29.98,0,266
268,2020,10,13,0815,-13.92,143.42,4.81,0,2,5,15.81,0,269
269,2020,10,13,0815,-13.92,143.44,4.81,0,2,5,19.41,0,269
270,2020,10,13,0815,-13.96,131.34,4.81,0,2,5,20.12,0,270
271,2020,10,13,0815,-13.96,131.36,4.81,0,2,5,17.65,0,270
272,2020,10,13,0815,-14.66,141.94,4.80,0,2,5,6.29,0,272
273,2020,10,13,0815,-14.74,144.62,4.79,0,2,1,5.84,0,273
274,2020,10,13,0815,-14.84,125.52,4.79,0,2,3,7.03,0,274
275,2020,10,13,0815,-14.84,125.56,4.79,0,2,3,18.56,0,276
276,2020,10,13,0815,-14.84,125.58,4.79,0,2,5,22.21,0,276
277,2020,10,13,0815,-14.84,144.52,4.79,0,2,3,3.99,0,278
278,2020,10,13,0815,-14.84,144.54,4.79,0,2,5,8.82,0,278
279,2020,10,13,0815,-14.84,144.56,4.79,0,2,5,5.18,0,278
280,2020,10,13,0815,-14.84,144.66,4.79,0,2,3,3.83,0,280
281,2020,10,13,0815,-14.86,125.52,4.79,0,2,1,6.50,0,274
282,2020,10,13,0815,-14.86,125.58,4.79,0,2,5,20.88,0,276
283,2020,10,13,0815,-14.86,144.74,4.79,0,2,3,6.13,0,283
284,2020,10,13,0815,-14.88,125.60,4.79,0,2,3,8.21,0,284
285,2020,10,13,0815,-14.88,144.74,4.79,0,2,3,5.94,0,283
286,2020,10,13,0815,-14.88,144.76,4.79,0,2,3,3.45,0,283
287,2020,10,13,0815,-14.96,125.48,4.79,0,2,1,17.63,0,287
288,2020,10,13,0815,-14.96,125.50,4.79,0,2,3,12.36,0,287
289,2020,10,13,0815,-14.98,125.52,4.79,0,2,3,12.23,0,289
290,2020,10,13,0815,-15.16,145.02,4.78,0,2,5,9.22,0,290
291,2020,10,13,0815,-15.16,145.04,4.78,0,2,3,6.42,0,290
292,2020,10,13,0815,-15.22,142.38,4.78,0,2,5,10.80,0,294
293,2020,10,13,0815,-15.24,142.38,4.78,0,2,5,8.55,0,294
294,2020,10,13,0815,-15.26,142.38,4.78,0,1,3,10.98,0,294
295,2020,10,13,0815,-15.40,144.88,4.78,0,2,5,37.25,0,295
296,2020,10,13,0815,-15.40,144.90,4.78,0,2,5,36.60,0,295
297,2020,10,13,0815,-15.40,144.92,4.78,0,2,5,11.40,0,295
298,2020,10,13,0815,-15.42,144.88,4.78,0,2,5,13.72,0,295
299,2020,10,13,0815,-15.42,144.90,4.78,0,2,5,21.81,0,295
300,2020,10,13,0815,-15.42,144.92,4.78,0,2,3,10.39,0,295
301,2020,10,13,0815,-15.50,141.80,4.78,0,2,3,4.25,0,301
302,2020,10,13,0815,-15.64,145.22,4.77,0,2,5,8.14,0,302
303,2020,10,13,0815,-15.66,132.66,4.77,0,2,3,4.23,0,303
304,2020,10,13,0815,-16.02,135.94,4.76,0,2,5,6.05,0,304
305,2020,10,13,0815,-16.08,144.24,4.76,0,2,3,3.89,0,308
306,2020,10,13,0815,-16.08,144.26,4.76,0,2,3,4.15,0,308
307,2020,10,13,0815,-16.10,144.24,4.76,0,2,5,7.11,0,308
308,2020,10,13,0815,-16.10,144.26,4.76,0,2,5,8.66,0,308
309,2020,10,13,0815,-16.12,144.26,4.76,0,2,5,7.11,0,308
310,2020,10,13,0815,-16.32,136.94,4.76,0,2,3,2.38,0,310
311,2020,10,13,0815,-16.76,136.94,4.75,0,2,3,4.77,0,313
312,2020,10,13,0815,-16.76,136.96,4.75,0,2,3,3.91,0,313
313,2020,10,13,0815,-16.78,136.94,4.75,0,2,5,24.38,0,313
314,2020,10,13,0815,-16.78,136.96,4.75,0,2,5,9.53,0,313
315,2020,10,13,0815,-16.78,145.40,4.75,0,2,3,3.52,0,315
316,2020,10,13,0815,-16.80,136.94,4.75,0,2,5,9.44,0,313
317,2020,10,13,0815,-16.88,143.00,4.74,0,2,5,37.58,0,317
318,2020,10,13,0815,-16.88,143.02,4.74,0,2,5,10.37,0,317
319,2020,10,13,0815,-16.90,142.86,4.74,0,2,3,4.56,0,319
320,2020,10,13,0815,-16.90,143.00,4.74,0,2,5,22.90,0,317
321,2020,10,13,0815,-16.90,143.02,4.74,0,2,5,8.61,0,317
322,2020,10,13,0815,-16.96,142.78,4.74,0,2,3,7.10,0,322
323,2020,10,13,0815,-17.04,142.86,4.74,0,2,1,5.10,0,323
324,2020,10,13,0815,-17.08,122.82,4.74,0,2,1,4.39,0,325
325,2020,10,13,0815,-17.10,122.82,4.74,0,2,5,14.11,0,325
326,2020,10,13,0815,-17.10,142.76,4.74,0,2,3,5.97,0,329
327,2020,10,13,0815,-17.12,142.72,4.74,0,2,3,6.59,0,329
328,2020,10,13,0815,-17.12,142.74,4.74,0,2,3,6.55,0,329
329,2020,10,13,0815,-17.12,142.76,4.74,0,2,3,8.79,0,329
330,2020,10,13,0815,-17.14,142.72,4.74,0,2,3,5.69,0,329
331,2020,10,13,0815,-17.28,122.90,4.73,0,2,3,8.29,0,331
332,2020,10,13,0815,-17.32,122.92,4.73,0,2,5,21.48,0,333
333,2020,10,13,0815,-17.32,122.94,4.73,0,2,5,33.34,0,333
334,2020,10,13,0815,-17.34,122.94,4.73,0,2,5,26.22,0,333
335,2020,10,13,0815,-17.56,145.40,4.73,0,2,5,10.17,0,335
336,2020,10,13,0815,-19.54,147.12,4.67,0,2,5,21.42,0,336
337,2020,10,13,0815,-19.54,147.14,4.67,0,3,5,10.07,0,336
338,2020,10,13,0815,-19.54,147.36,4.67,0,2,3,2.84,0,340
339,2020,10,13,0815,-19.56,147.34,4.67,0,2,3,3.48,0,340
340,2020,10,13,0815,-19.56,147.36,4.67,0,2,5,3.82,0,340
341,2020,10,13,0815,-20.10,148.18,4.65,0,2,5,6.92,0,343
342,2020,10,13,0815,-20.10,148.20,4.65,0,2,1,3.31,0,343
343,2020,10,13,0815,-20.12,148.18,4.65,0,2,5,10.21,0,343
344,2020,10,13,0815,-20.12,148.20,4.65,0,2,3,5.46,0,343
345,2020,10,13,0815,-20.30,145.64,4.65,0,2,3,7.14,0,345
346,2020,10,13,0815,-20.30,148.54,4.65,0,2,3,4.54,0,346
347,2020,10,13,0815,-20.30,148.56,4.65,0,2,3,2.83,0,346
348,2020,10,13,0815,-20.32,145.64,4.65,0,2,3,5.24,0,345
349,2020,10,13,0815,-22.26,149.42,4.59,0,2,3,2.74,0,350
350,2020,10,13,0815,-22.28,149.42,4.59,0,2,3,4.20,0,350
351,2020,10,13,0815,-22.44,148.66,4.58,0,2,1,3.21,0,351
352,2020,10,13,0815,-22.74,150.22,4.57,0,2,3,2.19,0,352
353,2020,10,13,0821,-23.38,147.72,4.55,0,2,5,23.22,0,353
354,2020,10,13,0821,-23.40,147.72,4.55,0,2,5,10.17,0,353
355,2020,10,13,0821,-23.56,148.56,4.54,0,2,1,6.70,0,355
356,2020,10,13,0821,-24.24,138.58,4.52,0,2,1,3.40,0,356
357,2020,10,13,0821,-24.24,150.56,4.52,0,2,3,16.80,0,358
358,2020,10,13,0821,-24.26,150.54,4.52,0,1,3,49.58,0,358
359,2020,10,13,0821,-24.26,150.56,4.52,0,2,5,15.46,0,358
360,2020,10,13,0821,-24.28,138.64,4.52,0,2,1,5.14,0,360
361,2020,10,13,0821,-24.66,150.78,4.50,0,2,3,14.64,0,363
362,2020,10,13,0821,-24.66,150.80,4.50,0,2,3,14.24,0,363
363,2020,10,13,0821,-24.68,150.78,4.50,0,2,3,15.45,0,363
364,2020,10,13,0821,-24.68,150.80,4.50,0,2,3,14.14,0,363
365,2020,10,13,0821,-24.68,150.82,4.50,0,2,3,14.14,0,363
366,2020,10,13,0821,-27.08,150.14,4.41,0,2,1,5.05,0,368
367,2020,10,13,0821,-27.08,150.16,4.41,0,2,3,5.57,0,368
368,2020,10,13,0821,-27.08,150.18,4.41,0,2,3,5.57,0,368
369,2020,10,13,0821,-31.24,152.10,4.24,0,2,1,2.88,0,369
370,2020,10,13,0821,-31.50,134.92,4.23,0,2,3,.93,0,370
371,2020,10,13,0821,-31.58,115.84,4.22,0,2,3,37.64,0,371
372,2020,10,13,0821,-31.60,115.84,4.22,0,2,1,19.42,0,371
373,2020,10,13,0821,-31.60,134.92,4.22,0,3,3,1.53,0,374
374,2020,10,13,0821,-31.62,134.92,4.22,0,3,3,1.53,0,374
375,2020,10,13,0821,-31.62,137.26,4.22,0,2,1,2.31,0,375
376,2020,10,13,0821,-31.64,137.28,4.22,0,2,1,6.79,0,376
377,2020,10,13,0821,-32.28,151.44,4.19,0,2,3,3.18,0,377
378,2020,10,13,0821,-33.42,147.76,4.14,0,2,3,1.40,0,378
379,2020,10,13,0821,-42.60,171.46,3.65,0,1,1,3.86,0,379
380,2020,10,13,0821,-42.60,171.48,3.65,0,1,3,3.86,0,379
