# 2020  1  2 18 50 UTC  2020  3 18  0 30 UTC
# ID,Year,Month,Day,Time(UTC),Lat,Lon,Area(km^2),Volcano,Level,Reliability,FRP(Wm^-2),QF,Hot(ID)
1,2020,1,2,1851,43.66,144.32,3.59,0,1,1,3.78,0,1
2,2020,1,2,1851,43.66,144.34,3.59,0,1,1,3.78,0,1
3,2020,1,2,1851,41.14,122.98,3.73,0,2,1,3.21,0,3
4,2020,1,2,1851,41.12,122.98,3.73,0,2,1,3.21,0,3
5,2020,1,2,1851,41.12,123.00,3.73,0,2,1,3.21,0,3
6,2020,1,2,1851,40.54,141.50,3.77,0,2,1,9.22,0,7
7,2020,1,2,1851,40.52,141.50,3.77,0,1,1,24.00,0,7
8,2020,1,2,1851,40.50,141.50,3.77,0,1,1,24.00,0,7
9,2020,1,2,1851,39.96,118.54,3.80,0,2,1,1.32,0,9
10,2020,1,2,1851,39.80,126.40,3.81,0,2,3,.52,0,10
11,2020,1,2,1851,39.78,126.40,3.81,0,2,3,.52,0,10
12,2020,1,2,1851,39.74,140.64,3.81,0,1,1,3.16,0,14
13,2020,1,2,1851,39.74,140.66,3.81,0,1,3,4.40,0,13
14,2020,1,2,1851,39.72,140.64,3.81,0,1,3,3.77,0,14
15,2020,1,2,1851,39.66,118.40,3.82,0,2,1,1.93,0,15
16,2020,1,2,1851,39.66,118.42,3.82,0,2,1,1.93,0,15
17,2020,1,2,1851,39.54,116.68,3.82,0,2,1,.84,0,17
18,2020,1,2,1851,39.50,118.68,3.82,0,2,1,.89,0,18
19,2020,1,2,1851,39.48,118.68,3.83,0,2,1,.89,0,18
20,2020,1,2,1851,39.48,118.70,3.83,0,2,1,.89,0,18
21,2020,1,2,1851,39.42,110.60,3.83,0,2,1,2.61,0,21
22,2020,1,2,1851,39.40,110.62,3.83,0,2,1,2.58,0,22
23,2020,1,2,1851,39.04,117.48,3.85,0,2,1,.96,0,23
24,2020,1,2,1851,39.02,117.50,3.85,0,2,1,.91,0,24
25,2020,1,2,1851,39.00,117.50,3.85,0,2,1,.91,0,24
26,2020,1,2,1851,38.94,106.40,3.86,0,2,1,1.50,0,26
27,2020,1,2,1851,38.94,106.42,3.86,0,2,1,1.50,0,26
28,2020,1,2,1851,38.76,114.74,3.87,0,2,1,1.60,0,28
29,2020,1,2,1851,38.76,114.76,3.87,0,2,1,1.60,0,28
30,2020,1,2,1851,38.68,125.26,3.87,0,2,1,.91,0,30
31,2020,1,2,1851,37.94,112.52,3.91,0,1,1,3.62,0,31
32,2020,1,2,1851,36.96,120.44,3.96,0,2,1,.90,0,32
33,2020,1,2,1851,36.74,114.10,3.97,0,2,1,1.44,0,33
34,2020,1,2,1851,36.62,114.44,3.98,0,2,1,1.01,0,34
35,2020,1,2,1851,36.60,114.46,3.98,0,2,1,1.01,0,35
36,2020,1,2,1851,36.58,114.08,3.98,0,2,3,1.37,0,36
37,2020,1,2,1851,36.22,116.52,4.00,0,2,1,1.01,0,37
38,2020,1,2,1851,36.12,114.28,4.00,0,2,1,.92,0,38
39,2020,1,2,1851,36.10,114.30,4.00,0,2,1,.86,0,39
40,2020,1,2,1851,36.10,117.82,4.00,0,2,1,1.96,0,40
41,2020,1,2,1851,36.08,117.82,4.01,0,2,1,1.96,0,40
42,2020,1,2,1851,36.08,117.84,4.01,0,2,1,1.96,0,40
43,2020,1,2,1851,35.82,118.84,4.02,0,2,1,1.20,0,43
44,2020,1,2,1851,35.56,140.10,4.03,0,2,1,1.99,0,44
45,2020,1,2,1851,29.02,103.26,4.33,0,2,1,2.86,0,46
46,2020,1,2,1851,29.02,103.28,4.33,0,2,1,2.86,0,46
47,2020,1,2,1851,29.00,103.22,4.34,0,2,3,1.35,0,47
48,2020,1,2,1851,27.34,118.70,4.40,0,2,3,3.02,0,48
49,2020,1,2,1851,24.18,82.74,4.52,0,2,1,3.57,0,51
50,2020,1,2,1851,24.18,82.76,4.52,0,2,3,3.57,0,51
51,2020,1,2,1851,24.18,82.78,4.52,0,2,3,3.57,0,51
52,2020,1,2,1851,24.16,82.76,4.52,0,2,1,3.57,0,51
53,2020,1,2,1851,24.16,82.78,4.52,0,2,3,3.57,0,51
54,2020,1,2,1856,17.20,103.04,4.73,0,2,1,2.26,0,54
55,2020,1,2,1856,16.62,100.60,4.75,0,2,3,2.05,0,55
56,2020,1,2,1856,15.74,108.28,4.77,0,1,1,6.57,0,56
57,2020,1,2,1856,14.08,99.50,4.81,0,2,3,4.18,0,57
58,2020,1,2,1856,14.08,99.52,4.81,0,2,3,4.18,0,57
59,2020,1,2,1856,5.10,102.04,4.94,0,1,3,8.61,0,59
60,2020,1,2,1856,4.42,102.70,4.94,0,1,3,5.51,0,60
61,2020,1,2,1856,-7.32,106.94,4.92,0,1,1,13.80,0,61
62,2020,1,2,1856,-16.30,137.74,4.76,0,2,5,19.59,0,63
63,2020,1,2,1856,-16.32,137.72,4.76,0,2,5,184.47,0,63
64,2020,1,2,1856,-16.32,137.74,4.76,0,2,5,56.73,0,63
65,2020,1,2,1856,-16.34,137.72,4.76,0,2,5,36.26,0,63
66,2020,1,2,1856,-16.34,137.74,4.76,0,2,5,18.04,0,63
67,2020,1,2,1856,-16.36,137.72,4.76,0,2,1,4.96,0,63
68,2020,1,2,1856,-16.36,137.74,4.76,0,2,3,11.01,0,63
69,2020,1,2,1856,-17.42,145.20,4.73,0,2,1,3.31,0,70
70,2020,1,2,1856,-17.42,145.22,4.73,0,2,3,4.35,0,70
71,2020,1,2,1856,-18.12,144.04,4.71,0,2,3,6.20,0,71
72,2020,1,2,1856,-18.14,144.04,4.71,0,2,3,5.61,0,71
73,2020,1,2,1856,-18.14,144.06,4.71,0,2,3,6.19,0,71
74,2020,1,2,1856,-18.20,142.92,4.71,0,2,3,5.42,0,75
75,2020,1,2,1856,-18.20,142.94,4.71,0,2,5,9.40,0,75
76,2020,1,2,1856,-18.22,142.94,4.71,0,2,3,5.59,0,75
77,2020,1,2,1856,-18.22,142.96,4.71,0,2,1,4.66,0,75
78,2020,1,2,1856,-18.56,142.62,4.70,0,2,5,7.31,0,78
79,2020,1,2,1856,-18.56,142.64,4.70,0,2,3,4.61,0,78
80,2020,1,2,1856,-19.64,144.50,4.67,0,2,3,4.75,0,83
81,2020,1,2,1856,-19.64,144.52,4.67,0,2,3,4.56,0,83
82,2020,1,2,1856,-19.64,144.54,4.67,0,2,3,4.93,0,83
83,2020,1,2,1856,-19.66,144.52,4.67,0,2,5,9.68,0,83
84,2020,1,2,1856,-19.66,144.54,4.67,0,2,3,6.21,0,83
85,2020,1,2,1856,-19.78,144.44,4.66,0,2,3,3.92,0,85
86,2020,1,2,1856,-19.78,144.46,4.66,0,2,3,3.55,0,85
87,2020,1,2,1856,-19.82,143.66,4.66,0,2,1,3.33,0,87
88,2020,1,2,1856,-19.82,144.56,4.66,0,2,3,4.36,0,88
89,2020,1,2,1856,-21.02,164.70,4.63,0,2,1,11.87,0,89
90,2020,1,2,1856,-22.18,146.92,4.59,0,2,3,2.70,0,90
91,2020,1,2,1856,-23.42,116.84,4.55,0,1,3,15.66,0,91
92,2020,1,2,1856,-24.86,151.82,4.50,0,1,1,4.53,0,92
93,2020,1,2,1856,-26.02,150.48,4.45,0,2,5,3.80,0,93
94,2020,1,2,1856,-26.02,150.50,4.45,0,2,3,3.32,0,93
95,2020,1,2,1856,-26.28,153.02,4.44,0,1,3,17.24,0,95
96,2020,1,2,1856,-26.52,150.66,4.44,0,2,5,5.23,0,99
97,2020,1,2,1856,-26.52,150.68,4.44,0,2,5,4.86,0,99
98,2020,1,2,1856,-26.54,150.66,4.43,0,2,5,4.50,0,99
99,2020,1,2,1856,-26.54,150.68,4.43,0,2,5,9.93,0,99
100,2020,1,2,1856,-26.88,125.96,4.42,0,1,3,7.03,0,100
101,2020,1,2,1856,-27.00,152.56,4.42,0,1,1,10.13,0,101
102,2020,1,2,1856,-27.02,124.34,4.42,0,1,1,5.45,0,102
103,2020,1,2,1856,-27.02,152.56,4.42,0,2,3,4.62,0,101
104,2020,1,2,1856,-27.04,152.58,4.41,0,1,3,5.67,0,104
105,2020,1,2,1856,-27.06,152.58,4.41,0,1,3,4.71,0,104
106,2020,1,2,1856,-29.40,152.58,4.32,0,2,3,4.12,0,107
107,2020,1,2,1856,-29.42,152.58,4.32,0,2,5,6.17,0,107
108,2020,1,2,1856,-29.44,152.14,4.32,0,2,3,6.27,0,108
109,2020,1,2,1856,-30.06,142.14,4.29,0,1,1,5.89,0,111
110,2020,1,2,1856,-30.08,142.14,4.29,0,1,1,5.89,0,111
111,2020,1,2,1856,-30.10,142.14,4.29,0,1,1,5.89,0,111
112,2020,1,2,1856,-30.52,142.30,4.27,0,2,1,2.58,0,112
113,2020,1,2,1856,-30.86,132.72,4.25,0,2,3,9.12,0,114
114,2020,1,2,1856,-30.88,132.72,4.25,0,2,5,29.15,0,114
115,2020,1,2,1856,-30.88,132.74,4.25,0,2,5,27.27,0,114
116,2020,1,2,1856,-30.88,132.76,4.25,0,2,3,12.33,0,114
117,2020,1,2,1856,-31.66,132.92,4.22,0,2,3,12.16,0,129
118,2020,1,2,1856,-31.66,132.94,4.22,0,2,3,16.13,0,129
119,2020,1,2,1856,-31.66,132.96,4.22,0,2,3,16.37,0,129
120,2020,1,2,1856,-31.66,132.98,4.22,0,2,3,16.37,0,129
121,2020,1,2,1856,-31.68,132.86,4.22,0,2,3,16.13,0,129
122,2020,1,2,1856,-31.68,132.88,4.22,0,2,5,63.05,0,129
123,2020,1,2,1856,-31.68,132.90,4.22,0,2,5,104.22,0,129
124,2020,1,2,1856,-31.68,132.92,4.22,0,2,5,43.08,0,129
125,2020,1,2,1856,-31.68,132.94,4.22,0,1,3,43.27,0,129
126,2020,1,2,1856,-31.68,132.96,4.22,0,2,3,16.83,0,129
127,2020,1,2,1856,-31.70,132.86,4.22,0,2,5,52.79,0,129
128,2020,1,2,1856,-31.70,132.88,4.22,0,2,5,188.49,0,129
129,2020,1,2,1856,-31.70,132.90,4.22,0,2,5,434.34,0,129
130,2020,1,2,1856,-31.70,132.92,4.22,0,2,5,233.24,0,129
131,2020,1,2,1856,-31.70,132.96,4.22,0,2,3,22.15,0,129
132,2020,1,2,1856,-31.72,132.84,4.22,0,2,1,6.41,0,129
133,2020,1,2,1856,-31.72,132.86,4.22,0,2,5,49.52,0,129
134,2020,1,2,1856,-31.72,132.88,4.22,0,2,5,426.97,0,129
135,2020,1,2,1856,-31.72,132.90,4.22,0,2,5,374.80,0,129
136,2020,1,2,1856,-31.72,132.92,4.22,0,2,5,200.72,0,129
137,2020,1,2,1856,-31.74,132.84,4.22,0,2,3,6.41,0,129
138,2020,1,2,1856,-31.74,132.86,4.22,0,2,5,49.52,0,129
139,2020,1,2,1856,-31.74,132.88,4.22,0,2,5,426.98,0,129
140,2020,1,2,1856,-31.74,132.90,4.22,0,2,5,374.82,0,129
141,2020,1,2,1856,-31.74,132.92,4.22,0,2,5,200.72,0,129
142,2020,1,2,1856,-31.76,132.82,4.21,0,2,3,7.79,0,129
143,2020,1,2,1856,-31.76,132.84,4.21,0,2,3,7.79,0,129
144,2020,1,2,1856,-31.76,132.86,4.21,0,2,5,32.37,0,129
145,2020,1,2,1856,-31.76,132.88,4.21,0,2,5,134.00,0,129
146,2020,1,2,1856,-31.76,132.90,4.21,0,2,5,93.50,0,129
147,2020,1,2,1856,-31.76,132.94,4.21,0,2,1,11.45,0,147
148,2020,1,2,1856,-31.78,132.84,4.21,0,2,3,12.59,0,129
149,2020,1,2,1856,-31.78,132.86,4.21,0,2,3,12.59,0,129
150,2020,1,2,1856,-31.78,132.88,4.21,0,2,5,34.55,0,129
151,2020,1,2,1856,-31.78,132.90,4.21,0,2,5,27.77,0,129
152,2020,1,2,1856,-31.78,132.92,4.21,0,2,3,21.32,0,129
153,2020,1,2,1856,-31.80,132.84,4.21,0,2,1,5.94,0,129
154,2020,1,2,1856,-31.80,132.86,4.21,0,2,3,13.03,0,129
155,2020,1,2,1856,-31.80,132.88,4.21,0,2,3,13.03,0,129
156,2020,1,2,1856,-32.04,151.42,4.20,0,2,5,7.05,0,156
157,2020,1,2,1856,-33.96,141.24,4.11,0,1,1,15.26,0,157
158,2020,1,2,1856,-34.20,140.44,4.10,0,1,1,15.22,0,160
159,2020,1,2,1856,-34.20,140.46,4.10,0,1,3,4.31,0,160
160,2020,1,2,1856,-34.22,140.44,4.10,0,1,1,15.22,0,160
161,2020,1,2,1856,-34.22,140.46,4.10,0,1,3,4.31,0,160
162,2020,1,2,1856,-34.28,149.94,4.10,0,2,3,5.60,0,163
163,2020,1,2,1856,-34.28,149.96,4.10,0,2,3,5.60,0,163
164,2020,1,2,1856,-34.54,142.86,4.08,0,1,1,5.56,0,165
165,2020,1,2,1856,-34.54,142.88,4.08,0,1,1,5.56,0,165
166,2020,1,2,1856,-35.14,150.46,4.05,0,2,3,10.93,0,166
167,2020,1,2,1856,-35.16,150.46,4.05,0,2,3,10.06,0,166
168,2020,1,2,1856,-35.18,150.46,4.05,0,2,3,10.06,0,166
169,2020,1,2,1856,-35.24,142.82,4.05,0,1,3,5.60,0,169
170,2020,1,2,1856,-35.26,142.80,4.05,0,1,1,9.29,0,172
171,2020,1,2,1856,-35.26,147.88,4.05,0,2,3,4.96,0,174
172,2020,1,2,1856,-35.28,142.80,4.05,0,1,1,9.29,0,172
173,2020,1,2,1856,-35.28,147.88,4.05,0,2,3,4.96,0,174
174,2020,1,2,1856,-35.28,147.90,4.05,0,2,3,4.96,0,174
175,2020,1,2,1856,-35.30,142.80,4.05,0,2,1,5.98,0,172
176,2020,1,2,1856,-35.36,142.82,4.04,0,1,3,5.69,0,177
177,2020,1,2,1856,-35.38,142.82,4.04,0,1,3,5.69,0,177
178,2020,1,2,1856,-35.40,142.80,4.04,0,1,1,8.40,0,178
179,2020,1,2,1856,-35.40,142.88,4.04,0,1,3,4.09,0,179
180,2020,1,2,1856,-35.40,147.96,4.04,0,2,5,37.29,0,183
181,2020,1,2,1856,-35.40,147.98,4.04,0,2,5,37.29,0,183
182,2020,1,2,1856,-35.40,148.00,4.04,0,2,1,8.52,0,183
183,2020,1,2,1856,-35.42,147.98,4.04,0,2,5,38.07,0,183
184,2020,1,2,1856,-35.42,148.00,4.04,0,2,5,15.25,0,183
185,2020,1,2,1856,-35.44,143.64,4.04,0,2,1,5.51,0,190
186,2020,1,2,1856,-35.44,147.86,4.04,0,2,1,4.19,0,187
187,2020,1,2,1856,-35.44,147.88,4.04,0,2,3,6.17,0,187
188,2020,1,2,1856,-35.44,148.00,4.04,0,2,3,6.80,0,183
189,2020,1,2,1856,-35.46,143.62,4.04,0,1,1,3.90,0,190
190,2020,1,2,1856,-35.46,143.64,4.04,0,2,1,5.51,0,190
191,2020,1,2,1856,-35.46,143.66,4.04,0,2,1,5.51,0,190
192,2020,1,2,1856,-35.46,148.06,4.04,0,2,5,8.60,0,196
193,2020,1,2,1856,-35.48,148.06,4.04,0,2,5,8.60,0,196
194,2020,1,2,1856,-35.48,148.08,4.04,0,2,5,8.60,0,196
195,2020,1,2,1856,-35.48,148.10,4.04,0,2,5,10.65,0,196
196,2020,1,2,1856,-35.50,148.08,4.04,0,2,5,16.58,0,196
197,2020,1,2,1856,-35.50,148.10,4.04,0,2,3,6.78,0,196
198,2020,1,2,1856,-35.58,143.76,4.03,0,1,1,9.08,0,198
199,2020,1,2,1856,-35.60,143.76,4.03,0,1,1,4.69,0,198
200,2020,1,2,1856,-35.60,143.78,4.03,0,1,1,4.69,0,198
201,2020,1,2,1856,-35.60,143.82,4.03,0,2,1,1.64,0,201
202,2020,1,2,1856,-35.62,148.22,4.03,0,2,3,6.23,0,202
203,2020,1,2,1856,-35.64,143.76,4.03,0,1,3,4.55,0,205
204,2020,1,2,1856,-35.64,143.78,4.03,0,1,3,4.55,0,205
205,2020,1,2,1856,-35.66,143.78,4.03,0,1,3,4.57,0,205
206,2020,1,2,1856,-35.70,148.24,4.03,0,2,3,4.55,0,208
207,2020,1,2,1856,-35.70,149.88,4.03,0,2,3,9.45,0,207
208,2020,1,2,1856,-35.72,148.24,4.02,0,2,3,6.72,0,208
209,2020,1,2,1856,-35.78,148.28,4.02,0,2,3,7.53,0,214
210,2020,1,2,1856,-35.78,148.30,4.02,0,2,3,6.91,0,214
211,2020,1,2,1856,-35.78,148.32,4.02,0,2,3,6.91,0,214
212,2020,1,2,1856,-35.80,148.04,4.02,0,2,5,10.38,0,212
213,2020,1,2,1856,-35.80,148.28,4.02,0,2,5,11.47,0,214
214,2020,1,2,1856,-35.80,148.30,4.02,0,2,5,11.47,0,214
215,2020,1,2,1856,-35.80,148.32,4.02,0,2,3,8.37,0,214
216,2020,1,2,1856,-35.82,148.30,4.02,0,2,3,4.86,0,214
217,2020,1,2,1856,-35.82,148.64,4.02,0,2,3,4.82,0,231
218,2020,1,2,1856,-35.82,148.66,4.02,0,2,5,10.69,0,231
219,2020,1,2,1856,-35.84,148.64,4.02,0,2,3,4.82,0,231
220,2020,1,2,1856,-35.84,148.66,4.02,0,2,5,10.69,0,231
221,2020,1,2,1856,-35.84,148.74,4.02,0,2,1,3.55,0,221
222,2020,1,2,1856,-35.86,136.70,4.02,0,2,3,1.66,0,223
223,2020,1,2,1856,-35.86,136.72,4.02,0,2,3,1.83,0,223
224,2020,1,2,1856,-35.86,147.46,4.02,0,2,5,11.07,0,243
225,2020,1,2,1856,-35.86,147.48,4.02,0,2,5,47.09,0,243
226,2020,1,2,1856,-35.86,147.50,4.02,0,2,5,25.79,0,243
227,2020,1,2,1856,-35.86,147.52,4.02,0,2,5,25.79,0,243
228,2020,1,2,1856,-35.86,147.66,4.02,0,2,5,6.97,0,228
229,2020,1,2,1856,-35.86,147.68,4.02,0,2,5,6.97,0,228
230,2020,1,2,1856,-35.86,148.64,4.02,0,2,5,21.44,0,231
231,2020,1,2,1856,-35.86,148.66,4.02,0,2,5,43.85,0,231
232,2020,1,2,1856,-35.88,147.46,4.02,0,2,5,10.18,0,243
233,2020,1,2,1856,-35.88,147.48,4.02,0,2,5,35.36,0,243
234,2020,1,2,1856,-35.88,147.50,4.02,0,2,5,48.45,0,243
235,2020,1,2,1856,-35.88,147.52,4.02,0,2,5,48.45,0,243
236,2020,1,2,1856,-35.88,147.54,4.02,0,2,5,14.00,0,243
237,2020,1,2,1856,-35.88,148.34,4.02,0,2,3,3.69,0,270
238,2020,1,2,1856,-35.88,148.66,4.02,0,1,3,16.12,0,231
239,2020,1,2,1856,-35.88,148.68,4.02,0,1,3,16.12,0,231
240,2020,1,2,1856,-35.90,147.46,4.02,0,2,5,6.36,0,243
241,2020,1,2,1856,-35.90,147.48,4.02,0,2,5,35.37,0,243
242,2020,1,2,1856,-35.90,147.50,4.02,0,2,5,35.37,0,243
243,2020,1,2,1856,-35.90,147.52,4.02,0,2,5,48.45,0,243
244,2020,1,2,1856,-35.90,147.54,4.02,0,2,5,14.03,0,243
245,2020,1,2,1856,-35.90,148.32,4.02,0,2,3,5.69,0,270
246,2020,1,2,1856,-35.90,148.34,4.02,0,2,5,15.77,0,270
247,2020,1,2,1856,-35.92,147.46,4.01,0,2,5,6.36,0,243
248,2020,1,2,1856,-35.92,147.48,4.01,0,2,5,6.36,0,243
249,2020,1,2,1856,-35.92,147.50,4.01,0,2,5,13.94,0,243
250,2020,1,2,1856,-35.92,147.52,4.01,0,2,5,11.95,0,243
251,2020,1,2,1856,-35.92,147.54,4.01,0,2,5,8.36,0,243
252,2020,1,2,1856,-35.92,148.32,4.01,0,2,5,9.91,0,270
253,2020,1,2,1856,-35.92,148.34,4.01,0,2,5,8.28,0,270
254,2020,1,2,1856,-35.92,148.36,4.01,0,2,5,8.28,0,270
255,2020,1,2,1856,-35.94,144.28,4.01,0,1,1,11.55,0,264
256,2020,1,2,1856,-35.94,144.30,4.01,0,1,1,11.55,0,264
257,2020,1,2,1856,-35.94,148.26,4.01,0,2,3,5.17,0,270
258,2020,1,2,1856,-35.94,148.28,4.01,0,2,3,6.75,0,270
259,2020,1,2,1856,-35.94,148.30,4.01,0,2,5,29.41,0,270
260,2020,1,2,1856,-35.94,148.32,4.01,0,2,5,43.14,0,270
261,2020,1,2,1856,-35.94,148.34,4.01,0,2,5,43.14,0,270
262,2020,1,2,1856,-35.94,148.36,4.01,0,2,5,18.71,0,270
263,2020,1,2,1856,-35.94,148.38,4.01,0,2,3,3.29,0,270
264,2020,1,2,1856,-35.96,144.28,4.01,0,1,1,11.55,0,264
265,2020,1,2,1856,-35.96,144.30,4.01,0,1,1,11.55,0,264
266,2020,1,2,1856,-35.96,146.04,4.01,0,1,1,5.63,0,266
267,2020,1,2,1856,-35.96,148.26,4.01,0,2,3,5.17,0,270
268,2020,1,2,1856,-35.96,148.28,4.01,0,2,3,6.75,0,270
269,2020,1,2,1856,-35.96,148.30,4.01,0,2,5,29.42,0,270
270,2020,1,2,1856,-35.96,148.32,4.01,0,2,5,43.14,0,270
271,2020,1,2,1856,-35.96,148.34,4.01,0,2,5,43.14,0,270
272,2020,1,2,1856,-35.96,148.36,4.01,0,2,5,18.71,0,270
273,2020,1,2,1856,-35.96,148.38,4.01,0,2,3,3.29,0,270
274,2020,1,2,1856,-35.98,148.28,4.01,0,2,5,12.42,0,270
275,2020,1,2,1856,-35.98,148.30,4.01,0,2,5,27.53,0,270
276,2020,1,2,1856,-35.98,148.32,4.01,0,2,5,27.53,0,270
277,2020,1,2,1856,-35.98,148.34,4.01,0,2,5,21.18,0,270
278,2020,1,2,1856,-35.98,148.36,4.01,0,2,5,6.56,0,270
279,2020,1,2,1856,-36.00,148.28,4.01,0,2,3,4.51,0,270
280,2020,1,2,1856,-36.00,148.30,4.01,0,2,3,4.51,0,270
281,2020,1,2,1856,-36.00,148.32,4.01,0,2,3,7.44,0,270
282,2020,1,2,1856,-36.00,148.34,4.01,0,2,3,6.02,0,270
283,2020,1,2,1856,-36.00,148.36,4.01,0,2,3,3.72,0,270
284,2020,1,2,1856,-36.00,149.82,4.01,0,2,3,9.39,0,297
285,2020,1,2,1856,-36.00,149.84,4.01,0,2,3,8.86,0,297
286,2020,1,2,1856,-36.00,149.86,4.01,0,2,3,8.86,0,297
287,2020,1,2,1856,-36.00,149.88,4.01,0,2,3,10.28,0,297
288,2020,1,2,1856,-36.02,146.06,4.01,0,1,1,15.03,0,288
289,2020,1,2,1856,-36.02,149.80,4.01,0,2,3,9.07,0,297
290,2020,1,2,1856,-36.02,149.82,4.01,0,2,3,12.39,0,297
291,2020,1,2,1856,-36.02,149.84,4.01,0,2,3,12.39,0,297
292,2020,1,2,1856,-36.04,147.82,4.01,0,2,3,2.89,0,292
293,2020,1,2,1856,-36.04,147.84,4.01,0,2,3,2.89,0,292
294,2020,1,2,1856,-36.04,149.74,4.01,0,2,3,7.94,0,301
295,2020,1,2,1856,-36.04,149.80,4.01,0,2,3,9.07,0,297
296,2020,1,2,1856,-36.04,149.82,4.01,0,2,3,12.39,0,297
297,2020,1,2,1856,-36.04,149.84,4.01,0,2,3,12.39,0,297
298,2020,1,2,1856,-36.06,147.56,4.01,0,2,5,10.32,0,299
299,2020,1,2,1856,-36.06,147.58,4.01,0,2,5,28.52,0,299
300,2020,1,2,1856,-36.06,147.60,4.01,0,1,3,14.65,0,299
301,2020,1,2,1856,-36.06,149.74,4.01,0,2,3,7.94,0,301
302,2020,1,2,1856,-36.06,149.80,4.01,0,2,3,11.19,0,297
303,2020,1,2,1856,-36.06,149.82,4.01,0,2,3,11.19,0,297
304,2020,1,2,1856,-36.08,147.56,4.01,0,2,5,7.61,0,299
305,2020,1,2,1856,-36.08,147.58,4.01,0,2,5,19.13,0,299
306,2020,1,2,1856,-36.08,147.60,4.01,0,2,5,11.82,0,299
307,2020,1,2,1856,-36.10,147.56,4.00,0,2,5,7.61,0,299
308,2020,1,2,1856,-36.10,147.58,4.00,0,2,5,19.13,0,299
309,2020,1,2,1856,-36.10,147.60,4.00,0,2,5,11.82,0,299
310,2020,1,2,1856,-36.26,147.68,4.00,0,2,3,3.03,0,315
311,2020,1,2,1856,-36.26,147.70,4.00,0,2,3,3.03,0,315
312,2020,1,2,1856,-36.26,149.96,4.00,0,2,5,19.29,0,313
313,2020,1,2,1856,-36.26,149.98,4.00,0,2,5,24.26,0,313
314,2020,1,2,1856,-36.26,150.00,4.00,0,2,1,8.33,0,313
315,2020,1,2,1856,-36.28,147.68,4.00,0,2,3,3.03,0,315
316,2020,1,2,1856,-36.28,147.70,4.00,0,2,3,3.03,0,315
317,2020,1,2,1856,-36.28,149.94,4.00,0,2,5,21.38,0,313
318,2020,1,2,1856,-36.28,149.96,4.00,0,2,3,20.06,0,313
319,2020,1,2,1856,-36.28,149.98,4.00,0,2,3,12.94,0,313
320,2020,1,2,1856,-36.30,147.72,3.99,0,2,3,3.94,0,321
321,2020,1,2,1856,-36.30,147.74,3.99,0,2,5,10.77,0,321
322,2020,1,2,1856,-36.30,147.76,3.99,0,1,3,7.60,0,321
323,2020,1,2,1856,-36.30,147.94,3.99,0,1,3,7.29,0,323
324,2020,1,2,1856,-36.30,147.96,3.99,0,1,3,7.29,0,323
325,2020,1,2,1856,-36.30,149.94,3.99,0,2,3,10.49,0,313
326,2020,1,2,1856,-36.32,147.74,3.99,0,1,3,5.65,0,321
327,2020,1,2,1856,-36.32,147.76,3.99,0,2,5,8.90,0,321
328,2020,1,2,1856,-36.32,147.78,3.99,0,2,3,4.16,0,321
329,2020,1,2,1856,-36.32,147.94,3.99,0,2,3,5.09,0,323
330,2020,1,2,1856,-36.32,147.96,3.99,0,2,3,5.09,0,323
331,2020,1,2,1856,-36.32,147.98,3.99,0,2,3,5.59,0,323
332,2020,1,2,1856,-36.32,149.94,3.99,0,2,3,10.49,0,313
333,2020,1,2,1856,-36.34,147.82,3.99,0,2,3,4.22,0,334
334,2020,1,2,1856,-36.34,147.84,3.99,0,1,3,13.34,0,334
335,2020,1,2,1856,-36.34,149.94,3.99,0,2,3,9.55,0,313
336,2020,1,2,1856,-36.36,147.82,3.99,0,2,1,1.92,0,334
337,2020,1,2,1856,-36.36,147.84,3.99,0,2,5,9.59,0,334
338,2020,1,2,1856,-36.38,147.82,3.99,0,2,1,1.92,0,334
339,2020,1,2,1856,-36.38,147.84,3.99,0,2,5,9.59,0,334
340,2020,1,2,1856,-36.38,148.02,3.99,0,2,3,3.11,0,345
341,2020,1,2,1856,-36.40,147.86,3.99,0,2,5,7.36,0,342
342,2020,1,2,1856,-36.40,147.88,3.99,0,2,5,15.14,0,342
343,2020,1,2,1856,-36.40,147.90,3.99,0,2,5,15.14,0,342
344,2020,1,2,1856,-36.40,148.02,3.99,0,2,3,6.26,0,345
345,2020,1,2,1856,-36.40,148.04,3.99,0,2,3,6.28,0,345
346,2020,1,2,1856,-36.42,147.72,3.99,0,2,5,5.85,0,366
347,2020,1,2,1856,-36.42,147.86,3.99,0,2,3,4.63,0,342
348,2020,1,2,1856,-36.42,147.88,3.99,0,2,5,9.34,0,342
349,2020,1,2,1856,-36.42,147.90,3.99,0,2,5,9.34,0,342
350,2020,1,2,1856,-36.42,147.92,3.99,0,2,3,5.88,0,342
351,2020,1,2,1856,-36.42,147.94,3.99,0,2,3,5.30,0,342
352,2020,1,2,1856,-36.42,148.06,3.99,0,2,3,4.69,0,352
353,2020,1,2,1856,-36.44,147.72,3.99,0,2,3,3.29,0,366
354,2020,1,2,1856,-36.44,147.74,3.99,0,2,3,3.29,0,366
355,2020,1,2,1856,-36.44,149.64,3.99,0,2,1,4.31,0,355
356,2020,1,2,1856,-36.46,147.70,3.99,0,2,3,3.56,0,366
357,2020,1,2,1856,-36.46,147.72,3.99,0,2,3,3.56,0,366
358,2020,1,2,1856,-36.46,149.90,3.99,0,2,5,15.86,0,409
359,2020,1,2,1856,-36.46,149.92,3.99,0,2,5,15.86,0,409
360,2020,1,2,1856,-36.46,149.94,3.99,0,2,5,16.29,0,360
361,2020,1,2,1856,-36.46,149.96,3.99,0,2,3,8.28,0,360
362,2020,1,2,1856,-36.48,147.70,3.99,0,2,3,3.56,0,366
363,2020,1,2,1856,-36.48,147.72,3.99,0,2,3,3.56,0,366
364,2020,1,2,1856,-36.48,148.08,3.99,0,2,5,6.32,0,370
365,2020,1,2,1856,-36.48,149.92,3.99,0,2,5,16.58,0,409
366,2020,1,2,1856,-36.50,147.72,3.98,0,2,5,6.57,0,366
367,2020,1,2,1856,-36.50,148.00,3.98,0,1,5,16.44,0,368
368,2020,1,2,1856,-36.50,148.02,3.98,0,2,5,18.57,0,368
369,2020,1,2,1856,-36.50,148.04,3.98,0,2,5,17.77,0,368
370,2020,1,2,1856,-36.50,148.08,3.98,0,2,5,6.80,0,370
371,2020,1,2,1856,-36.50,148.18,3.98,0,2,3,4.29,0,371
372,2020,1,2,1856,-36.50,149.52,3.98,0,2,5,8.73,0,372
373,2020,1,2,1856,-36.50,149.54,3.98,0,2,5,8.05,0,372
374,2020,1,2,1856,-36.50,149.90,3.98,0,2,3,10.16,0,409
375,2020,1,2,1856,-36.50,149.92,3.98,0,2,5,11.21,0,409
376,2020,1,2,1856,-36.52,148.00,3.98,0,2,3,2.91,0,368
377,2020,1,2,1856,-36.52,148.02,3.98,0,2,5,12.48,0,368
378,2020,1,2,1856,-36.52,148.04,3.98,0,2,5,12.24,0,368
379,2020,1,2,1856,-36.52,148.06,3.98,0,2,3,4.58,0,368
380,2020,1,2,1856,-36.52,148.22,3.98,0,2,5,7.60,0,390
381,2020,1,2,1856,-36.52,148.24,3.98,0,2,5,7.60,0,390
382,2020,1,2,1856,-36.52,149.52,3.98,0,2,3,6.24,0,372
383,2020,1,2,1856,-36.52,149.58,3.98,0,2,1,3.67,0,383
384,2020,1,2,1856,-36.52,149.90,3.98,0,2,5,10.16,0,409
385,2020,1,2,1856,-36.52,149.92,3.98,0,2,5,11.21,0,409
386,2020,1,2,1856,-36.54,145.08,3.98,0,1,1,7.29,0,388
387,2020,1,2,1856,-36.54,145.10,3.98,0,1,1,7.54,0,388
388,2020,1,2,1856,-36.54,145.12,3.98,0,1,1,7.54,0,388
389,2020,1,2,1856,-36.54,145.14,3.98,0,2,1,2.27,0,388
390,2020,1,2,1856,-36.54,148.24,3.98,0,2,5,7.60,0,390
391,2020,1,2,1856,-36.54,149.52,3.98,0,2,3,6.24,0,372
392,2020,1,2,1856,-36.54,149.84,3.98,0,2,5,9.92,0,409
393,2020,1,2,1856,-36.54,149.86,3.98,0,2,5,9.92,0,409
394,2020,1,2,1856,-36.54,149.90,3.98,0,2,5,9.55,0,409
395,2020,1,2,1856,-36.54,149.92,3.98,0,2,3,10.63,0,409
396,2020,1,2,1856,-36.56,145.08,3.98,0,2,1,5.17,0,388
397,2020,1,2,1856,-36.56,148.24,3.98,0,2,3,3.58,0,390
398,2020,1,2,1856,-36.56,149.86,3.98,0,2,5,15.17,0,409
399,2020,1,2,1856,-36.56,149.88,3.98,0,2,5,10.74,0,409
400,2020,1,2,1856,-36.56,149.90,3.98,0,2,3,7.08,0,409
401,2020,1,2,1856,-36.56,149.92,3.98,0,2,3,8.32,0,409
402,2020,1,2,1856,-36.58,145.08,3.98,0,1,1,3.68,0,388
403,2020,1,2,1856,-36.58,145.10,3.98,0,1,1,3.68,0,388
404,2020,1,2,1856,-36.58,147.90,3.98,0,2,5,26.69,0,406
405,2020,1,2,1856,-36.58,147.92,3.98,0,2,5,26.69,0,406
406,2020,1,2,1856,-36.58,147.94,3.98,0,2,5,127.74,0,406
407,2020,1,2,1856,-36.58,147.96,3.98,0,2,5,42.35,0,406
408,2020,1,2,1856,-36.58,149.86,3.98,0,2,3,7.10,0,409
409,2020,1,2,1856,-36.58,149.88,3.98,0,2,5,63.07,0,409
410,2020,1,2,1856,-36.58,149.90,3.98,0,2,5,44.06,0,409
411,2020,1,2,1856,-36.60,145.08,3.98,0,1,1,3.68,0,388
412,2020,1,2,1856,-36.60,145.10,3.98,0,1,1,3.68,0,388
413,2020,1,2,1856,-36.60,147.84,3.98,0,2,3,4.22,0,413
414,2020,1,2,1856,-36.60,147.90,3.98,0,2,5,11.02,0,406
415,2020,1,2,1856,-36.60,147.92,3.98,0,2,5,11.02,0,406
416,2020,1,2,1856,-36.60,147.94,3.98,0,2,5,43.00,0,406
417,2020,1,2,1856,-36.60,147.96,3.98,0,2,5,17.04,0,406
418,2020,1,2,1856,-36.60,148.18,3.98,0,2,1,2.66,0,419
419,2020,1,2,1856,-36.60,148.20,3.98,0,2,5,5.29,0,419
420,2020,1,2,1856,-36.60,149.88,3.98,0,2,3,2.98,0,409
421,2020,1,2,1856,-36.62,147.92,3.98,0,2,5,6.78,0,406
422,2020,1,2,1856,-36.62,147.94,3.98,0,2,3,5.39,0,406
423,2020,1,2,1856,-36.62,149.88,3.98,0,2,3,2.98,0,409
424,2020,1,2,1856,-36.64,147.86,3.98,0,2,3,3.44,0,406
425,2020,1,2,1856,-36.64,147.88,3.98,0,2,5,18.27,0,406
426,2020,1,2,1856,-36.64,147.90,3.98,0,2,5,18.27,0,406
427,2020,1,2,1856,-36.64,147.92,3.98,0,2,5,24.04,0,406
428,2020,1,2,1856,-36.66,147.86,3.98,0,2,3,3.44,0,406
429,2020,1,2,1856,-36.66,147.88,3.98,0,2,3,3.44,0,406
430,2020,1,2,1856,-36.66,147.90,3.98,0,2,5,18.27,0,406
431,2020,1,2,1856,-36.66,147.92,3.98,0,2,5,24.05,0,406
432,2020,1,2,1856,-36.66,148.12,3.98,0,2,1,3.34,0,432
433,2020,1,2,1856,-36.68,147.88,3.98,0,2,5,6.41,0,406
434,2020,1,2,1856,-36.68,147.90,3.98,0,2,5,36.13,0,406
435,2020,1,2,1856,-36.68,147.92,3.98,0,2,5,39.38,0,406
436,2020,1,2,1856,-36.68,148.20,3.98,0,2,3,4.41,0,436
437,2020,1,2,1856,-36.92,146.66,3.96,0,2,5,10.21,0,438
438,2020,1,2,1856,-36.92,146.68,3.96,0,2,5,14.31,0,438
439,2020,1,2,1856,-36.92,146.76,3.96,0,2,5,8.58,0,441
440,2020,1,2,1856,-36.92,146.78,3.96,0,2,5,8.58,0,441
441,2020,1,2,1856,-36.92,146.80,3.96,0,2,3,9.24,0,441
442,2020,1,2,1856,-36.94,146.74,3.96,0,2,3,4.80,0,441
443,2020,1,2,1856,-36.94,146.76,3.96,0,2,3,4.80,0,441
444,2020,1,2,1856,-36.94,146.78,3.96,0,2,3,7.54,0,441
445,2020,1,2,1856,-36.94,146.80,3.96,0,2,3,5.76,0,441
446,2020,1,2,1856,-36.94,146.82,3.96,0,2,3,6.72,0,441
447,2020,1,2,1856,-36.94,147.34,3.96,0,2,3,4.01,0,459
448,2020,1,2,1856,-36.96,146.80,3.96,0,2,3,4.38,0,441
449,2020,1,2,1856,-36.96,146.82,3.96,0,2,3,6.58,0,441
450,2020,1,2,1856,-36.96,147.34,3.96,0,2,3,4.01,0,459
451,2020,1,2,1856,-36.98,146.80,3.96,0,2,3,9.20,0,441
452,2020,1,2,1856,-36.98,146.82,3.96,0,2,3,6.58,0,441
453,2020,1,2,1856,-36.98,147.30,3.96,0,2,5,6.72,0,459
454,2020,1,2,1856,-36.98,147.32,3.96,0,2,3,6.24,0,459
455,2020,1,2,1856,-36.98,147.34,3.96,0,2,5,9.49,0,459
456,2020,1,2,1856,-36.98,147.36,3.96,0,2,5,7.53,0,459
457,2020,1,2,1856,-37.00,146.80,3.96,0,2,3,9.20,0,441
458,2020,1,2,1856,-37.00,147.34,3.96,0,2,5,9.70,0,459
459,2020,1,2,1856,-37.00,147.36,3.96,0,2,5,15.21,0,459
460,2020,1,2,1856,-37.04,147.18,3.96,0,2,3,6.30,0,471
461,2020,1,2,1856,-37.04,147.20,3.96,0,2,5,14.26,0,471
462,2020,1,2,1856,-37.06,147.00,3.96,0,2,3,3.96,0,476
463,2020,1,2,1856,-37.06,147.18,3.96,0,2,3,6.30,0,471
464,2020,1,2,1856,-37.06,147.20,3.96,0,2,5,14.26,0,471
465,2020,1,2,1856,-37.08,147.00,3.95,0,2,3,3.96,0,476
466,2020,1,2,1856,-37.08,147.06,3.95,0,2,5,15.14,0,480
467,2020,1,2,1856,-37.08,147.08,3.95,0,2,5,16.61,0,480
468,2020,1,2,1856,-37.08,147.10,3.95,0,2,5,16.61,0,480
469,2020,1,2,1856,-37.08,147.18,3.95,0,2,3,7.40,0,471
470,2020,1,2,1856,-37.08,147.20,3.95,0,2,5,17.61,0,471
471,2020,1,2,1856,-37.08,147.22,3.95,0,2,5,17.61,0,471
472,2020,1,2,1856,-37.08,147.28,3.95,0,2,5,8.59,0,473
473,2020,1,2,1856,-37.08,147.30,3.95,0,2,5,18.93,0,473
474,2020,1,2,1856,-37.08,148.08,3.95,0,2,3,3.98,0,483
475,2020,1,2,1856,-37.08,148.10,3.95,0,2,5,9.09,0,483
476,2020,1,2,1856,-37.10,147.00,3.95,0,2,5,18.01,0,476
477,2020,1,2,1856,-37.10,147.02,3.95,0,2,5,12.23,0,476
478,2020,1,2,1856,-37.10,147.06,3.95,0,2,5,37.05,0,480
479,2020,1,2,1856,-37.10,147.08,3.95,0,2,5,37.05,0,480
480,2020,1,2,1856,-37.10,147.10,3.95,0,2,5,64.88,0,480
481,2020,1,2,1856,-37.10,147.12,3.95,0,2,5,28.02,0,480
482,2020,1,2,1856,-37.10,148.08,3.95,0,2,3,3.98,0,483
483,2020,1,2,1856,-37.10,148.10,3.95,0,2,5,9.09,0,483
484,2020,1,2,1856,-37.12,147.00,3.95,0,2,3,5.48,0,476
485,2020,1,2,1856,-37.12,147.10,3.95,0,2,5,7.36,0,480
486,2020,1,2,1856,-37.12,148.10,3.95,0,2,3,6.09,0,483
487,2020,1,2,1856,-37.12,148.12,3.95,0,2,3,6.09,0,483
488,2020,1,2,1856,-37.24,146.52,3.95,0,2,3,4.43,0,489
489,2020,1,2,1856,-37.24,146.54,3.95,0,2,5,8.81,0,489
490,2020,1,2,1856,-37.26,147.96,3.94,0,2,3,7.91,0,495
491,2020,1,2,1856,-37.26,147.98,3.94,0,2,5,21.24,0,495
492,2020,1,2,1856,-37.28,147.96,3.94,0,2,3,18.20,0,495
493,2020,1,2,1856,-37.28,147.98,3.94,0,2,5,36.42,0,495
494,2020,1,2,1856,-37.30,147.96,3.94,0,2,3,18.20,0,495
495,2020,1,2,1856,-37.30,147.98,3.94,0,2,5,36.42,0,495
496,2020,1,2,1856,-37.36,147.64,3.94,0,2,3,8.35,0,496
497,2020,1,2,1856,-37.36,148.78,3.94,0,2,3,4.47,0,498
498,2020,1,2,1856,-37.36,148.80,3.94,0,2,3,4.98,0,498
499,2020,1,2,1856,-37.36,148.98,3.94,0,2,3,4.16,0,500
500,2020,1,2,1856,-37.36,149.00,3.94,0,2,3,4.16,0,500
501,2020,1,2,1856,-37.38,148.24,3.94,0,2,5,10.21,0,501
502,2020,1,2,1856,-37.38,148.82,3.94,0,2,3,3.62,0,502
503,2020,1,2,1856,-37.38,148.96,3.94,0,2,3,4.88,0,510
504,2020,1,2,1856,-37.38,149.06,3.94,0,2,1,2.81,0,504
505,2020,1,2,1856,-37.38,149.14,3.94,0,2,5,8.09,0,512
506,2020,1,2,1856,-37.38,149.16,3.94,0,2,5,11.79,0,512
507,2020,1,2,1856,-37.38,149.18,3.94,0,2,3,6.18,0,512
508,2020,1,2,1856,-37.40,148.92,3.94,0,2,3,4.68,0,517
509,2020,1,2,1856,-37.40,148.96,3.94,0,2,3,4.88,0,510
510,2020,1,2,1856,-37.40,148.98,3.94,0,2,3,4.88,0,510
511,2020,1,2,1856,-37.40,149.14,3.94,0,2,5,8.09,0,512
512,2020,1,2,1856,-37.40,149.16,3.94,0,2,5,11.79,0,512
513,2020,1,2,1856,-37.40,149.18,3.94,0,2,3,6.18,0,512
514,2020,1,2,1856,-37.40,149.68,3.94,0,2,5,6.25,0,514
515,2020,1,2,1856,-37.42,147.50,3.94,0,2,3,6.70,0,515
516,2020,1,2,1856,-37.42,147.52,3.94,0,2,3,6.65,0,515
517,2020,1,2,1856,-37.42,148.92,3.94,0,2,3,4.69,0,517
518,2020,1,2,1856,-37.42,149.16,3.94,0,2,3,5.40,0,512
519,2020,1,2,1856,-37.42,149.18,3.94,0,2,3,5.90,0,512
520,2020,1,2,1856,-37.42,149.48,3.94,0,3,3,2.62,0,536
521,2020,1,2,1856,-37.42,149.50,3.94,0,2,3,5.16,0,536
522,2020,1,2,1856,-37.42,149.54,3.94,0,2,5,6.41,0,524
523,2020,1,2,1856,-37.42,149.56,3.94,0,2,5,10.26,0,524
524,2020,1,2,1856,-37.42,149.58,3.94,0,2,5,10.26,0,524
525,2020,1,2,1856,-37.42,149.60,3.94,0,2,3,2.61,0,524
526,2020,1,2,1856,-37.42,149.62,3.94,0,2,3,1.40,0,524
527,2020,1,2,1856,-37.44,149.12,3.94,0,2,3,3.67,0,527
528,2020,1,2,1856,-37.44,149.48,3.94,0,2,5,10.14,0,536
529,2020,1,2,1856,-37.44,149.50,3.94,0,2,5,15.77,0,536
530,2020,1,2,1856,-37.44,149.52,3.94,0,2,3,6.90,0,536
531,2020,1,2,1856,-37.44,149.64,3.94,0,2,1,2.22,0,539
532,2020,1,2,1856,-37.44,149.66,3.94,0,2,3,2.96,0,539
533,2020,1,2,1856,-37.46,148.46,3.93,0,2,3,7.45,0,534
534,2020,1,2,1856,-37.46,148.48,3.93,0,2,5,11.93,0,534
535,2020,1,2,1856,-37.46,149.48,3.93,0,2,5,10.14,0,536
536,2020,1,2,1856,-37.46,149.50,3.93,0,2,5,15.77,0,536
537,2020,1,2,1856,-37.46,149.52,3.93,0,2,3,6.90,0,536
538,2020,1,2,1856,-37.46,149.66,3.93,0,2,3,2.96,0,539
539,2020,1,2,1856,-37.46,149.68,3.93,0,2,3,2.96,0,539
540,2020,1,2,1856,-37.46,149.74,3.93,0,2,3,3.96,0,551
541,2020,1,2,1856,-37.46,149.76,3.93,0,2,5,10.53,0,551
542,2020,1,2,1856,-37.46,149.78,3.93,0,2,3,6.79,0,551
543,2020,1,2,1856,-37.46,149.80,3.93,0,2,3,6.79,0,551
544,2020,1,2,1856,-37.48,148.46,3.93,0,2,3,4.63,0,534
545,2020,1,2,1856,-37.48,148.48,3.93,0,2,3,8.47,0,534
546,2020,1,2,1856,-37.48,149.48,3.93,0,2,3,6.40,0,536
547,2020,1,2,1856,-37.48,149.50,3.93,0,2,3,7.00,0,536
548,2020,1,2,1856,-37.48,149.70,3.93,0,2,1,2.78,0,551
549,2020,1,2,1856,-37.48,149.72,3.93,0,2,3,5.03,0,551
550,2020,1,2,1856,-37.48,149.74,3.93,0,2,3,7.33,0,551
551,2020,1,2,1856,-37.48,149.76,3.93,0,2,5,12.45,0,551
552,2020,1,2,1856,-37.48,149.78,3.93,0,2,5,7.33,0,551
553,2020,1,2,1856,-37.48,149.80,3.93,0,2,5,7.33,0,551
554,2020,1,2,1856,-37.50,148.58,3.93,0,2,3,4.61,0,584
555,2020,1,2,1856,-37.50,148.60,3.93,0,2,5,17.99,0,584
556,2020,1,2,1856,-37.50,148.62,3.93,0,2,5,13.19,0,584
557,2020,1,2,1856,-37.50,149.26,3.93,0,2,3,5.11,0,573
558,2020,1,2,1856,-37.50,149.28,3.93,0,2,3,5.11,0,573
559,2020,1,2,1856,-37.50,149.32,3.93,0,2,3,4.70,0,573
560,2020,1,2,1856,-37.50,149.38,3.93,0,2,5,25.86,0,578
561,2020,1,2,1856,-37.50,149.40,3.93,0,2,5,25.86,0,578
562,2020,1,2,1856,-37.50,149.42,3.93,0,2,5,17.67,0,578
563,2020,1,2,1856,-37.50,149.72,3.93,0,1,3,8.24,0,551
564,2020,1,2,1856,-37.50,149.74,3.93,0,2,3,3.63,0,551
565,2020,1,2,1856,-37.50,149.76,3.93,0,2,5,6.11,0,551
566,2020,1,2,1856,-37.50,149.78,3.93,0,2,5,6.11,0,551
567,2020,1,2,1856,-37.50,149.80,3.93,0,2,3,2.42,0,551
568,2020,1,2,1856,-37.52,148.58,3.93,0,2,3,4.61,0,584
569,2020,1,2,1856,-37.52,148.60,3.93,0,2,5,17.99,0,584
570,2020,1,2,1856,-37.52,148.62,3.93,0,2,5,13.19,0,584
571,2020,1,2,1856,-37.52,148.64,3.93,0,2,5,13.19,0,584
572,2020,1,2,1856,-37.52,149.26,3.93,0,2,5,12.50,0,573
573,2020,1,2,1856,-37.52,149.28,3.93,0,2,5,12.50,0,573
574,2020,1,2,1856,-37.52,149.30,3.93,0,2,3,6.70,0,573
575,2020,1,2,1856,-37.52,149.32,3.93,0,2,3,5.78,0,573
576,2020,1,2,1856,-37.52,149.36,3.93,0,2,5,13.22,0,578
577,2020,1,2,1856,-37.52,149.38,3.93,0,2,5,46.88,0,578
578,2020,1,2,1856,-37.52,149.40,3.93,0,2,5,46.88,0,578
579,2020,1,2,1856,-37.52,149.78,3.93,0,2,1,2.20,0,551
580,2020,1,2,1856,-37.54,148.56,3.93,0,2,3,4.58,0,584
581,2020,1,2,1856,-37.54,148.58,3.93,0,2,3,4.58,0,584
582,2020,1,2,1856,-37.54,148.60,3.93,0,2,5,8.91,0,584
583,2020,1,2,1856,-37.54,148.62,3.93,0,2,5,37.25,0,584
584,2020,1,2,1856,-37.54,148.64,3.93,0,2,5,37.25,0,584
585,2020,1,2,1856,-37.54,148.66,3.93,0,1,3,11.23,0,584
586,2020,1,2,1856,-37.54,149.06,3.93,0,2,3,4.75,0,586
587,2020,1,2,1856,-37.54,149.08,3.93,0,2,1,4.01,0,586
588,2020,1,2,1856,-37.54,149.30,3.93,0,2,3,7.50,0,573
589,2020,1,2,1856,-37.54,149.34,3.93,0,2,5,10.20,0,578
590,2020,1,2,1856,-37.54,149.36,3.93,0,2,5,8.24,0,578
591,2020,1,2,1856,-37.54,149.38,3.93,0,2,5,8.24,0,578
592,2020,1,2,1856,-37.54,149.40,3.93,0,2,5,10.91,0,578
593,2020,1,2,1856,-37.54,149.78,3.93,0,2,1,2.20,0,551
594,2020,1,2,1856,-37.56,147.52,3.93,0,2,3,10.49,0,615
595,2020,1,2,1856,-37.56,147.54,3.93,0,2,5,20.81,0,615
596,2020,1,2,1856,-37.56,147.56,3.93,0,2,5,14.78,0,615
597,2020,1,2,1856,-37.56,148.60,3.93,0,2,5,17.26,0,584
598,2020,1,2,1856,-37.56,148.62,3.93,0,2,5,17.26,0,584
599,2020,1,2,1856,-37.56,148.64,3.93,0,2,5,32.31,0,584
600,2020,1,2,1856,-37.56,149.30,3.93,0,2,3,7.50,0,573
601,2020,1,2,1856,-37.56,149.34,3.93,0,2,5,10.20,0,578
602,2020,1,2,1856,-37.56,149.36,3.93,0,2,5,10.20,0,578
603,2020,1,2,1856,-37.56,149.38,3.93,0,2,5,8.24,0,578
604,2020,1,2,1856,-37.56,149.40,3.93,0,2,5,10.91,0,578
605,2020,1,2,1856,-37.58,147.52,3.93,0,2,3,10.49,0,615
606,2020,1,2,1856,-37.58,147.54,3.93,0,2,5,20.81,0,615
607,2020,1,2,1856,-37.58,147.56,3.93,0,2,5,14.78,0,615
608,2020,1,2,1856,-37.58,148.62,3.93,0,2,5,13.72,0,584
609,2020,1,2,1856,-37.58,148.64,3.93,0,2,3,6.92,0,584
610,2020,1,2,1856,-37.58,148.78,3.93,0,2,1,6.41,0,653
611,2020,1,2,1856,-37.58,149.32,3.93,0,2,5,8.96,0,578
612,2020,1,2,1856,-37.58,149.34,3.93,0,2,5,11.86,0,578
613,2020,1,2,1856,-37.58,149.36,3.93,0,2,5,11.86,0,578
614,2020,1,2,1856,-37.60,147.52,3.93,0,2,5,19.25,0,615
615,2020,1,2,1856,-37.60,147.54,3.93,0,2,5,36.12,0,615
616,2020,1,2,1856,-37.60,147.56,3.93,0,2,5,29.72,0,615
617,2020,1,2,1856,-37.60,147.58,3.93,0,2,5,29.72,0,615
618,2020,1,2,1856,-37.60,147.74,3.93,0,2,3,7.37,0,631
619,2020,1,2,1856,-37.60,147.76,3.93,0,2,3,9.31,0,631
620,2020,1,2,1856,-37.60,148.62,3.93,0,2,5,13.72,0,584
621,2020,1,2,1856,-37.60,148.64,3.93,0,2,3,6.92,0,584
622,2020,1,2,1856,-37.60,148.78,3.93,0,2,1,6.41,0,653
623,2020,1,2,1856,-37.60,148.92,3.93,0,2,3,6.87,0,639
624,2020,1,2,1856,-37.60,148.98,3.93,0,2,3,5.91,0,642
625,2020,1,2,1856,-37.60,149.00,3.93,0,2,5,11.52,0,642
626,2020,1,2,1856,-37.60,149.02,3.93,0,2,5,11.32,0,642
627,2020,1,2,1856,-37.60,149.04,3.93,0,2,3,5.10,0,642
628,2020,1,2,1856,-37.60,149.32,3.93,0,2,3,9.79,0,578
629,2020,1,2,1856,-37.60,149.34,3.93,0,2,3,9.79,0,578
630,2020,1,2,1856,-37.62,147.54,3.93,0,2,5,17.25,0,615
631,2020,1,2,1856,-37.62,147.74,3.93,0,2,3,15.58,0,631
632,2020,1,2,1856,-37.62,147.76,3.93,0,2,3,11.27,0,631
633,2020,1,2,1856,-37.62,148.60,3.93,0,2,3,5.25,0,653
634,2020,1,2,1856,-37.62,148.62,3.93,0,2,3,3.72,0,584
635,2020,1,2,1856,-37.62,148.68,3.93,0,2,3,6.73,0,653
636,2020,1,2,1856,-37.62,148.70,3.93,0,2,3,6.73,0,653
637,2020,1,2,1856,-37.62,148.78,3.93,0,2,5,21.03,0,653
638,2020,1,2,1856,-37.62,148.80,3.93,0,2,5,13.31,0,653
639,2020,1,2,1856,-37.62,148.92,3.93,0,2,5,14.19,0,639
640,2020,1,2,1856,-37.62,148.98,3.93,0,2,3,5.55,0,642
641,2020,1,2,1856,-37.62,149.00,3.93,0,2,5,12.00,0,642
642,2020,1,2,1856,-37.62,149.02,3.93,0,2,5,15.67,0,642
643,2020,1,2,1856,-37.62,149.04,3.93,0,2,3,11.32,0,642
644,2020,1,2,1856,-37.64,147.54,3.92,0,2,3,13.80,0,615
645,2020,1,2,1856,-37.64,147.56,3.92,0,2,3,13.80,0,615
646,2020,1,2,1856,-37.64,147.58,3.92,0,2,3,8.89,0,615
647,2020,1,2,1856,-37.64,148.58,3.92,0,2,3,6.71,0,653
648,2020,1,2,1856,-37.64,148.60,3.92,0,2,5,7.91,0,653
649,2020,1,2,1856,-37.64,148.68,3.92,0,2,3,3.40,0,653
650,2020,1,2,1856,-37.64,148.70,3.92,0,2,1,3.40,0,653
651,2020,1,2,1856,-37.64,148.72,3.92,0,2,5,10.20,0,653
652,2020,1,2,1856,-37.64,148.76,3.92,0,2,5,12.22,0,653
653,2020,1,2,1856,-37.64,148.78,3.92,0,2,5,36.12,0,653
654,2020,1,2,1856,-37.64,148.80,3.92,0,2,5,16.49,0,653
655,2020,1,2,1856,-37.64,148.82,3.92,0,2,5,16.49,0,653
656,2020,1,2,1856,-37.64,149.00,3.92,0,2,5,10.16,0,642
657,2020,1,2,1856,-37.64,149.02,3.92,0,2,5,12.57,0,642
658,2020,1,2,1856,-37.66,147.54,3.92,0,2,3,13.80,0,615
659,2020,1,2,1856,-37.66,147.56,3.92,0,2,3,13.80,0,615
660,2020,1,2,1856,-37.66,147.58,3.92,0,2,3,8.89,0,615
661,2020,1,2,1856,-37.66,148.04,3.92,0,2,3,13.12,0,662
662,2020,1,2,1856,-37.66,148.06,3.92,0,2,3,13.12,0,662
663,2020,1,2,1856,-37.66,148.34,3.92,0,2,3,5.93,0,680
664,2020,1,2,1856,-37.66,148.54,3.92,0,2,3,6.67,0,653
665,2020,1,2,1856,-37.66,148.56,3.92,0,2,3,6.67,0,653
666,2020,1,2,1856,-37.66,148.58,3.92,0,2,3,6.35,0,653
667,2020,1,2,1856,-37.66,148.60,3.92,0,2,5,17.42,0,653
668,2020,1,2,1856,-37.66,148.62,3.92,0,2,3,8.60,0,653
669,2020,1,2,1856,-37.66,148.64,3.92,0,2,5,10.90,0,653
670,2020,1,2,1856,-37.66,148.66,3.92,0,2,5,13.34,0,653
671,2020,1,2,1856,-37.66,148.68,3.92,0,2,5,13.34,0,653
672,2020,1,2,1856,-37.66,148.70,3.92,0,1,3,13.42,0,653
673,2020,1,2,1856,-37.66,148.72,3.92,0,2,5,18.28,0,653
674,2020,1,2,1856,-37.66,148.74,3.92,0,2,5,35.54,0,653
675,2020,1,2,1856,-37.66,148.76,3.92,0,2,5,34.36,0,653
676,2020,1,2,1856,-37.66,148.78,3.92,0,2,5,21.46,0,653
677,2020,1,2,1856,-37.66,148.80,3.92,0,2,5,21.46,0,653
678,2020,1,2,1856,-37.66,149.00,3.92,0,2,3,7.91,0,642
679,2020,1,2,1856,-37.66,149.02,3.92,0,2,5,12.57,0,642
680,2020,1,2,1856,-37.68,148.34,3.92,0,2,3,7.07,0,680
681,2020,1,2,1856,-37.68,148.64,3.92,0,2,5,18.63,0,653
682,2020,1,2,1856,-37.68,148.66,3.92,0,2,5,18.63,0,653
683,2020,1,2,1856,-37.68,148.68,3.92,0,2,5,22.87,0,653
684,2020,1,2,1856,-37.68,148.70,3.92,0,1,3,13.42,0,653
685,2020,1,2,1856,-37.68,148.72,3.92,0,2,5,18.28,0,653
686,2020,1,2,1856,-37.68,148.74,3.92,0,2,5,35.55,0,653
687,2020,1,2,1856,-37.68,148.76,3.92,0,2,5,34.37,0,653
688,2020,1,2,1856,-37.68,148.78,3.92,0,2,5,21.46,0,653
689,2020,1,2,1856,-37.68,148.80,3.92,0,2,5,21.46,0,653
690,2020,1,2,1856,-37.68,149.00,3.92,0,2,3,7.91,0,642
691,2020,1,2,1856,-37.68,149.02,3.92,0,2,5,10.66,0,642
692,2020,1,2,1856,-37.68,149.04,3.92,0,2,5,10.66,0,642
693,2020,1,2,1856,-37.68,149.06,3.92,0,2,1,7.34,0,642
694,2020,1,2,1856,-37.68,149.08,3.92,0,2,3,6.34,0,642
695,2020,1,2,1856,-37.68,149.10,3.92,0,2,3,4.05,0,642
696,2020,1,2,1856,-37.70,148.32,3.92,0,2,3,6.40,0,680
697,2020,1,2,1856,-37.70,148.34,3.92,0,2,3,7.05,0,680
698,2020,1,2,1856,-37.70,148.64,3.92,0,2,5,18.63,0,653
699,2020,1,2,1856,-37.70,148.66,3.92,0,2,5,18.63,0,653
700,2020,1,2,1856,-37.70,148.68,3.92,0,2,5,22.87,0,653
701,2020,1,2,1856,-37.70,148.72,3.92,0,2,3,5.55,0,653
702,2020,1,2,1856,-37.70,148.74,3.92,0,2,5,18.47,0,653
703,2020,1,2,1856,-37.70,149.08,3.92,0,2,3,7.55,0,642
704,2020,1,2,1856,-37.72,148.32,3.92,0,2,3,6.40,0,680
705,2020,1,2,1856,-37.72,148.34,3.92,0,2,3,7.05,0,680
706,2020,1,2,1856,-37.72,148.98,3.92,0,2,3,5.51,0,708
707,2020,1,2,1856,-37.72,149.00,3.92,0,2,3,7.76,0,708
708,2020,1,2,1856,-37.72,149.02,3.92,0,2,3,7.76,0,708
709,2020,1,2,1856,-37.72,149.04,3.92,0,2,3,6.96,0,708
710,2020,1,2,1856,-37.72,149.28,3.92,0,2,3,7.05,0,713
711,2020,1,2,1856,-37.74,148.24,3.92,0,2,3,4.95,0,712
712,2020,1,2,1856,-37.74,148.26,3.92,0,2,3,4.95,0,712
713,2020,1,2,1856,-37.74,149.28,3.92,0,2,3,7.05,0,713
714,2020,1,2,1856,-38.04,141.82,3.90,0,2,1,4.80,0,719
715,2020,1,2,1856,-38.04,141.84,3.90,0,2,5,12.56,0,719
716,2020,1,2,1856,-38.04,141.86,3.90,0,2,3,6.53,0,719
717,2020,1,2,1856,-38.04,141.88,3.90,0,2,3,6.53,0,719
718,2020,1,2,1856,-38.06,141.82,3.90,0,2,3,6.76,0,719
719,2020,1,2,1856,-38.06,141.84,3.90,0,2,5,19.12,0,719
720,2020,1,2,1856,-38.06,141.86,3.90,0,2,3,8.55,0,719
721,2020,1,2,1856,-38.06,141.88,3.90,0,2,3,8.55,0,719
722,2020,1,2,1856,-38.08,141.82,3.90,0,2,3,4.94,0,719
723,2020,1,2,1856,-38.08,141.84,3.90,0,2,5,14.64,0,719
724,2020,1,2,1856,-38.08,141.86,3.90,0,2,3,7.18,0,719
725,2020,1,2,1856,-38.08,141.88,3.90,0,2,3,7.18,0,719
726,2020,1,2,1856,-38.10,141.82,3.90,0,2,3,4.94,0,719
727,2020,1,2,1856,-38.10,141.84,3.90,0,2,5,14.64,0,719
728,2020,1,2,1856,-38.10,141.86,3.90,0,2,3,7.18,0,719
729,2020,1,2,1856,-38.10,141.88,3.90,0,2,3,7.18,0,719
730,2020,1,2,1856,-38.20,143.36,3.90,0,2,3,3.04,0,732
731,2020,1,2,1856,-38.22,143.36,3.89,0,1,1,11.94,0,732
732,2020,1,2,1856,-38.24,143.36,3.89,0,1,1,11.94,0,732
733,2020,1,2,1856,-39.00,174.54,3.85,0,3,1,6.42,2,733
734,2020,1,2,1856,-39.02,174.54,3.85,0,3,1,6.42,2,733
735,2020,1,2,1856,-39.02,174.56,3.85,0,3,3,6.42,2,733
736,2020,1,2,1856,-39.20,175.90,3.84,0,3,3,9.82,0,736
737,2020,1,2,1856,-39.22,175.88,3.84,0,3,3,9.10,0,737
738,2020,1,2,1902,-41.54,147.92,3.71,0,2,1,4.74,0,738
739,2020,1,2,1902,-41.66,148.02,3.70,0,2,1,9.90,0,743
740,2020,1,2,1902,-41.68,148.00,3.70,0,2,3,6.03,0,743
741,2020,1,2,1902,-41.68,148.02,3.70,0,2,3,9.92,0,743
742,2020,1,2,1902,-41.70,148.00,3.70,0,2,3,6.03,0,743
743,2020,1,2,1902,-41.70,148.02,3.70,0,2,3,9.92,0,743
744,2020,1,2,1902,-42.16,145.66,3.67,0,2,3,2.79,0,745
745,2020,1,2,1902,-42.18,145.66,3.67,0,2,3,2.79,0,745
