# 2019  2 23  8 20 UTC  2020  4 29  7 23 UTC
# ID,Year,Month,Day,Time(UTC),Lat,Lon,Area(km^2),Volcano,Level,Reliability,FRP(Wm^-2),QF,Hot(ID)
1,2019,2,23,0821,50.96,118.44,3.12,0,2,5,12.49,0,4
2,2019,2,23,0821,50.94,118.44,3.12,0,2,5,12.49,0,4
3,2019,2,23,0821,50.94,118.46,3.12,0,2,5,12.49,0,4
4,2019,2,23,0821,50.94,118.48,3.12,0,2,5,20.23,0,4
5,2019,2,23,0821,50.94,118.50,3.12,0,2,5,20.23,0,4
6,2019,2,23,0821,50.94,118.52,3.12,0,2,3,5.06,0,4
7,2019,2,23,0821,50.92,118.52,3.12,0,2,3,5.06,0,4
8,2019,2,23,0821,50.92,118.54,3.12,0,2,3,5.06,0,4
9,2019,2,23,0821,50.76,118.14,3.14,0,2,5,15.31,0,9
10,2019,2,23,0821,50.76,119.04,3.14,0,2,1,2.31,0,11
11,2019,2,23,0821,50.76,119.06,3.14,0,2,1,2.31,0,11
12,2019,2,23,0821,50.74,118.16,3.14,0,2,5,15.31,0,13
13,2019,2,23,0821,50.72,118.14,3.14,0,1,3,30.95,0,13
14,2019,2,23,0821,50.72,118.16,3.14,0,2,5,11.35,0,13
15,2019,2,23,0821,50.72,118.18,3.14,0,2,5,11.35,0,13
16,2019,2,23,0821,50.72,118.22,3.14,0,3,3,2.74,0,16
17,2019,2,23,0821,50.70,118.14,3.14,0,1,5,30.95,0,13
18,2019,2,23,0821,50.70,118.16,3.14,0,1,5,30.95,0,13
19,2019,2,23,0821,50.70,118.18,3.14,0,2,5,11.35,0,13
20,2019,2,23,0821,49.98,124.34,3.19,0,2,3,2.59,0,20
21,2019,2,23,0821,49.98,124.36,3.19,0,2,3,2.59,0,20
22,2019,2,23,0821,49.96,124.34,3.19,0,2,3,2.59,0,20
23,2019,2,23,0821,49.96,124.36,3.19,0,2,3,2.59,0,20
24,2019,2,23,0821,49.58,111.52,3.21,0,2,5,3.48,0,27
25,2019,2,23,0821,49.58,111.54,3.21,0,2,5,3.48,0,27
26,2019,2,23,0821,49.56,111.54,3.22,0,2,5,3.48,0,27
27,2019,2,23,0821,49.56,111.56,3.22,0,2,5,3.48,0,27
28,2019,2,23,0821,49.04,133.36,3.25,0,2,3,1.41,0,32
29,2019,2,23,0821,49.04,133.38,3.25,0,2,3,1.41,0,32
30,2019,2,23,0821,49.04,133.40,3.25,0,2,5,2.23,0,32
31,2019,2,23,0821,49.02,133.38,3.25,0,2,5,3.70,0,32
32,2019,2,23,0821,49.02,133.40,3.25,0,2,5,5.97,0,32
33,2019,2,23,0821,49.02,133.42,3.25,0,2,3,1.15,0,32
34,2019,2,23,0821,49.02,133.44,3.25,0,2,3,1.15,0,32
35,2019,2,23,0821,49.00,133.38,3.25,0,2,5,3.70,0,32
36,2019,2,23,0821,49.00,133.40,3.25,0,2,5,5.97,0,32
37,2019,2,23,0821,49.00,133.42,3.25,0,2,5,5.97,0,32
38,2019,2,23,0821,49.00,133.44,3.25,0,2,1,1.15,0,32
39,2019,2,23,0821,48.88,133.42,3.26,0,2,5,1.84,0,62
40,2019,2,23,0821,48.88,133.44,3.26,0,2,5,1.84,0,62
41,2019,2,23,0821,48.88,133.46,3.26,0,2,3,1.21,0,62
42,2019,2,23,0821,48.88,133.60,3.26,0,2,5,2.66,0,62
43,2019,2,23,0821,48.88,133.62,3.26,0,2,5,5.65,0,62
44,2019,2,23,0821,48.88,133.64,3.26,0,2,5,5.65,0,62
45,2019,2,23,0821,48.86,133.42,3.26,0,2,5,1.84,0,62
46,2019,2,23,0821,48.86,133.44,3.26,0,2,5,1.84,0,62
47,2019,2,23,0821,48.86,133.46,3.26,0,2,3,1.21,0,62
48,2019,2,23,0821,48.86,133.60,3.26,0,2,5,2.66,0,62
49,2019,2,23,0821,48.86,133.62,3.26,0,2,5,2.66,0,62
50,2019,2,23,0821,48.86,133.64,3.26,0,2,5,5.65,0,62
51,2019,2,23,0821,48.86,133.66,3.26,0,2,5,2.11,0,62
52,2019,2,23,0821,48.84,133.42,3.26,0,2,3,1.09,0,62
53,2019,2,23,0821,48.84,133.44,3.26,0,2,3,1.09,0,62
54,2019,2,23,0821,48.84,133.46,3.26,0,2,5,1.84,0,62
55,2019,2,23,0821,48.84,133.48,3.26,0,2,3,.81,0,62
56,2019,2,23,0821,48.84,133.50,3.26,0,2,3,.81,0,62
57,2019,2,23,0821,48.84,133.52,3.26,0,2,1,.89,0,62
58,2019,2,23,0821,48.84,133.54,3.26,0,2,3,2.12,0,62
59,2019,2,23,0821,48.84,133.56,3.26,0,2,3,2.12,0,62
60,2019,2,23,0821,48.84,133.60,3.26,0,2,5,10.29,0,62
61,2019,2,23,0821,48.84,133.62,3.26,0,2,5,10.29,0,62
62,2019,2,23,0821,48.84,133.64,3.26,0,2,5,21.15,0,62
63,2019,2,23,0821,48.84,133.66,3.26,0,2,5,6.75,0,62
64,2019,2,23,0821,48.84,133.68,3.26,0,2,5,6.75,0,62
65,2019,2,23,0821,48.82,133.44,3.26,0,2,3,1.09,0,62
66,2019,2,23,0821,48.82,133.46,3.26,0,2,5,1.84,0,62
67,2019,2,23,0821,48.82,133.48,3.26,0,2,5,1.84,0,62
68,2019,2,23,0821,48.82,133.50,3.26,0,2,3,.81,0,62
69,2019,2,23,0821,48.82,133.52,3.26,0,2,1,.89,0,62
70,2019,2,23,0821,48.82,133.54,3.26,0,2,3,2.12,0,62
71,2019,2,23,0821,48.82,133.56,3.26,0,2,3,2.12,0,62
72,2019,2,23,0821,48.82,133.60,3.26,0,2,5,10.29,0,62
73,2019,2,23,0821,48.82,133.62,3.26,0,2,5,10.29,0,62
74,2019,2,23,0821,48.82,133.64,3.26,0,2,5,21.15,0,62
75,2019,2,23,0821,48.82,133.66,3.26,0,2,5,6.75,0,62
76,2019,2,23,0821,48.82,133.68,3.26,0,2,5,6.75,0,62
77,2019,2,23,0821,48.80,133.50,3.26,0,2,3,1.00,0,62
78,2019,2,23,0821,48.80,133.52,3.26,0,2,3,1.07,0,62
79,2019,2,23,0821,48.80,133.54,3.26,0,2,3,1.07,0,62
80,2019,2,23,0821,48.80,133.56,3.26,0,2,3,1.21,0,62
81,2019,2,23,0821,48.80,133.58,3.26,0,2,3,1.22,0,62
82,2019,2,23,0821,48.80,133.60,3.26,0,2,3,1.22,0,62
83,2019,2,23,0821,48.80,133.62,3.26,0,2,5,3.26,0,62
84,2019,2,23,0821,48.80,133.64,3.26,0,2,5,4.38,0,62
85,2019,2,23,0821,48.80,133.66,3.26,0,2,3,.64,0,62
86,2019,2,23,0821,48.80,133.68,3.26,0,2,3,.64,0,62
87,2019,2,23,0821,48.78,133.38,3.27,0,2,5,2.85,0,105
88,2019,2,23,0821,48.78,133.40,3.27,0,2,5,2.85,0,105
89,2019,2,23,0821,48.78,133.50,3.27,0,2,3,1.00,0,62
90,2019,2,23,0821,48.78,133.52,3.27,0,2,3,1.07,0,62
91,2019,2,23,0821,48.78,133.54,3.27,0,2,3,1.07,0,62
92,2019,2,23,0821,48.78,133.56,3.27,0,2,3,1.21,0,62
93,2019,2,23,0821,48.78,133.58,3.27,0,2,3,1.22,0,62
94,2019,2,23,0821,48.78,133.60,3.27,0,2,3,1.22,0,62
95,2019,2,23,0821,48.78,133.62,3.27,0,2,5,3.26,0,62
96,2019,2,23,0821,48.78,133.64,3.27,0,2,5,4.38,0,62
97,2019,2,23,0821,48.78,133.66,3.27,0,2,5,4.38,0,62
98,2019,2,23,0821,48.78,133.68,3.27,0,2,3,.64,0,62
99,2019,2,23,0821,48.76,133.38,3.27,0,2,5,2.85,0,105
100,2019,2,23,0821,48.76,133.40,3.27,0,2,5,2.85,0,105
101,2019,2,23,0821,48.76,133.50,3.27,0,2,5,3.12,0,62
102,2019,2,23,0821,48.76,133.52,3.27,0,2,5,3.12,0,62
103,2019,2,23,0821,48.76,133.54,3.27,0,2,5,2.09,0,62
104,2019,2,23,0821,48.74,133.36,3.27,0,2,5,9.00,0,105
105,2019,2,23,0821,48.74,133.38,3.27,0,2,5,16.82,0,105
106,2019,2,23,0821,48.74,133.40,3.27,0,2,5,16.82,0,105
107,2019,2,23,0821,48.74,133.42,3.27,0,2,5,3.30,0,105
108,2019,2,23,0821,48.74,133.50,3.27,0,2,3,1.62,0,62
109,2019,2,23,0821,48.74,133.52,3.27,0,2,3,1.62,0,62
110,2019,2,23,0821,48.72,133.36,3.27,0,2,5,9.00,0,105
111,2019,2,23,0821,48.72,133.38,3.27,0,2,5,9.00,0,105
112,2019,2,23,0821,48.72,133.40,3.27,0,2,5,16.82,0,105
113,2019,2,23,0821,48.72,133.42,3.27,0,2,5,3.30,0,105
114,2019,2,23,0821,48.72,133.50,3.27,0,2,3,1.62,0,62
115,2019,2,23,0821,48.72,133.52,3.27,0,2,5,1.62,0,62
116,2019,2,23,0821,48.70,133.34,3.27,0,2,3,.64,0,105
117,2019,2,23,0821,48.70,133.36,3.27,0,2,5,2.48,0,105
118,2019,2,23,0821,48.70,133.38,3.27,0,2,5,2.48,0,105
119,2019,2,23,0821,48.70,133.40,3.27,0,2,5,5.29,0,105
120,2019,2,23,0821,48.70,133.42,3.27,0,2,5,2.52,0,105
121,2019,2,23,0821,48.70,133.44,3.27,0,2,5,2.52,0,105
122,2019,2,23,0821,48.68,133.38,3.27,0,2,5,2.48,0,105
123,2019,2,23,0821,48.68,133.40,3.27,0,2,5,5.29,0,105
124,2019,2,23,0821,48.68,133.42,3.27,0,2,5,2.52,0,105
125,2019,2,23,0821,48.68,133.44,3.27,0,2,5,2.52,0,105
126,2019,2,23,0821,46.88,134.20,3.39,0,2,5,12.84,0,131
127,2019,2,23,0821,46.88,134.22,3.39,0,2,5,12.84,0,131
128,2019,2,23,0821,46.88,134.24,3.39,0,2,5,14.59,0,131
129,2019,2,23,0821,46.86,134.20,3.39,0,2,5,40.86,0,131
130,2019,2,23,0821,46.86,134.22,3.39,0,2,5,40.86,0,131
131,2019,2,23,0821,46.86,134.24,3.39,0,2,5,59.88,0,131
132,2019,2,23,0821,46.84,134.22,3.39,0,2,5,40.85,0,131
133,2019,2,23,0821,46.84,134.24,3.39,0,2,5,59.88,0,131
134,2019,2,23,0821,46.82,134.22,3.39,0,2,3,2.64,0,131
135,2019,2,23,0821,46.82,134.24,3.39,0,2,3,6.78,0,131
136,2019,2,23,0821,46.82,134.26,3.39,0,2,3,6.78,0,131
137,2019,2,23,0821,46.78,134.36,3.39,0,2,5,12.27,0,137
138,2019,2,23,0821,46.78,134.38,3.39,0,2,5,6.17,0,137
139,2019,2,23,0821,46.78,134.40,3.39,0,2,5,6.17,0,137
140,2019,2,23,0821,46.76,134.06,3.40,0,2,3,1.75,0,140
141,2019,2,23,0821,46.76,134.36,3.40,0,2,5,9.62,0,137
142,2019,2,23,0821,46.76,134.38,3.40,0,2,5,5.20,0,137
143,2019,2,23,0821,46.76,134.40,3.40,0,2,5,5.20,0,137
144,2019,2,23,0821,46.74,127.74,3.40,0,2,3,5.36,0,144
145,2019,2,23,0821,46.74,134.06,3.40,0,2,3,1.75,0,140
146,2019,2,23,0821,46.74,134.36,3.40,0,2,5,9.62,0,137
147,2019,2,23,0821,46.74,134.38,3.40,0,2,5,9.62,0,137
148,2019,2,23,0821,46.74,134.40,3.40,0,2,5,5.20,0,137
149,2019,2,23,0821,46.72,127.74,3.40,0,2,3,5.36,0,144
150,2019,2,23,0821,46.72,127.76,3.40,0,2,3,5.36,0,144
151,2019,2,23,0821,46.72,134.06,3.40,0,3,3,1.17,0,140
152,2019,2,23,0821,46.68,127.76,3.40,0,2,3,6.47,0,152
153,2019,2,23,0821,46.66,127.76,3.40,0,2,3,6.47,0,152
154,2019,2,23,0821,46.52,127.72,3.41,0,2,3,4.24,0,158
155,2019,2,23,0821,46.50,127.72,3.41,0,2,3,4.24,0,158
156,2019,2,23,0821,46.50,130.06,3.41,0,2,1,.95,0,156
157,2019,2,23,0821,46.50,130.08,3.41,0,2,1,.95,0,156
158,2019,2,23,0821,46.48,127.72,3.41,0,2,3,5.21,0,158
159,2019,2,23,0821,46.48,127.74,3.41,0,2,3,5.21,0,158
160,2019,2,23,0821,46.48,127.76,3.41,0,2,1,1.93,0,158
161,2019,2,23,0821,46.48,129.62,3.41,0,2,3,3.60,0,161
162,2019,2,23,0821,46.48,129.64,3.41,0,2,3,2.98,0,161
163,2019,2,23,0821,46.48,129.66,3.41,0,2,3,2.98,0,161
164,2019,2,23,0821,46.46,127.72,3.41,0,2,3,5.21,0,158
165,2019,2,23,0821,46.46,127.74,3.41,0,2,3,5.21,0,158
166,2019,2,23,0821,46.46,127.76,3.41,0,2,1,1.93,0,158
167,2019,2,23,0821,46.46,129.62,3.41,0,2,3,3.60,0,161
168,2019,2,23,0821,46.46,129.64,3.41,0,2,3,3.60,0,161
169,2019,2,23,0821,46.46,129.66,3.41,0,2,3,2.98,0,161
170,2019,2,23,0821,46.46,130.04,3.41,0,2,3,1.50,0,172
171,2019,2,23,0821,46.46,130.06,3.41,0,2,3,1.50,0,172
172,2019,2,23,0821,46.46,130.08,3.41,0,2,3,1.88,0,172
173,2019,2,23,0821,46.46,134.34,3.41,0,2,5,6.83,0,178
174,2019,2,23,0821,46.46,134.36,3.41,0,2,5,6.83,0,178
175,2019,2,23,0821,46.46,134.38,3.41,0,2,5,4.81,0,178
176,2019,2,23,0821,46.44,129.64,3.42,0,2,3,2.98,0,161
177,2019,2,23,0821,46.44,130.08,3.42,0,2,3,1.82,0,172
178,2019,2,23,0821,46.44,134.34,3.42,0,2,5,8.54,0,178
179,2019,2,23,0821,46.44,134.36,3.42,0,2,5,8.54,0,178
180,2019,2,23,0821,46.44,134.38,3.42,0,2,5,5.20,0,178
181,2019,2,23,0821,46.44,134.44,3.42,0,2,5,3.63,0,198
182,2019,2,23,0821,46.44,134.46,3.42,0,2,5,32.65,0,198
183,2019,2,23,0821,46.44,134.48,3.42,0,2,5,30.88,0,198
184,2019,2,23,0821,46.44,134.50,3.42,0,2,5,30.88,0,198
185,2019,2,23,0821,46.44,134.52,3.42,0,2,3,2.12,0,198
186,2019,2,23,0821,46.42,130.08,3.42,0,2,3,1.82,0,172
187,2019,2,23,0821,46.42,130.10,3.42,0,2,3,1.82,0,172
188,2019,2,23,0821,46.42,134.36,3.42,0,2,5,8.54,0,178
189,2019,2,23,0821,46.42,134.38,3.42,0,2,5,5.20,0,178
190,2019,2,23,0821,46.42,134.44,3.42,0,2,5,3.63,0,198
191,2019,2,23,0821,46.42,134.46,3.42,0,2,5,32.65,0,198
192,2019,2,23,0821,46.42,134.48,3.42,0,2,5,30.88,0,198
193,2019,2,23,0821,46.42,134.50,3.42,0,2,5,30.88,0,198
194,2019,2,23,0821,46.42,134.52,3.42,0,2,3,2.12,0,198
195,2019,2,23,0821,46.40,129.42,3.42,0,2,5,4.94,0,195
196,2019,2,23,0821,46.40,134.22,3.42,0,2,5,5.38,0,196
197,2019,2,23,0821,46.40,134.36,3.42,0,2,3,1.46,0,178
198,2019,2,23,0821,46.40,134.44,3.42,0,2,5,125.56,0,198
199,2019,2,23,0821,46.40,134.46,3.42,0,2,5,116.64,0,198
200,2019,2,23,0821,46.40,134.48,3.42,0,2,5,116.64,0,198
201,2019,2,23,0821,46.40,134.50,3.42,0,2,5,77.24,0,198
202,2019,2,23,0821,46.40,134.52,3.42,0,2,5,4.99,0,198
203,2019,2,23,0821,46.38,128.48,3.42,0,2,5,3.46,0,203
204,2019,2,23,0821,46.38,128.50,3.42,0,2,5,3.46,0,203
205,2019,2,23,0821,46.38,128.52,3.42,0,2,1,1.34,0,203
206,2019,2,23,0821,46.38,129.42,3.42,0,2,3,4.94,0,195
207,2019,2,23,0821,46.38,134.00,3.42,0,2,3,1.44,0,223
208,2019,2,23,0821,46.38,134.22,3.42,0,2,5,2.69,0,196
209,2019,2,23,0821,46.38,134.36,3.42,0,2,3,1.46,0,178
210,2019,2,23,0821,46.38,134.44,3.42,0,2,5,125.55,0,198
211,2019,2,23,0821,46.38,134.46,3.42,0,2,5,116.63,0,198
212,2019,2,23,0821,46.38,134.48,3.42,0,2,5,116.63,0,198
213,2019,2,23,0821,46.38,134.50,3.42,0,2,5,77.23,0,198
214,2019,2,23,0821,46.38,134.52,3.42,0,2,5,4.99,0,198
215,2019,2,23,0821,46.36,134.00,3.42,0,2,3,1.43,0,223
216,2019,2,23,0821,46.36,134.22,3.42,0,2,5,2.69,0,196
217,2019,2,23,0821,46.36,134.44,3.42,0,2,5,56.54,0,198
218,2019,2,23,0821,46.36,134.46,3.42,0,2,5,42.99,0,198
219,2019,2,23,0821,46.36,134.48,3.42,0,2,5,42.99,0,198
220,2019,2,23,0821,46.36,134.50,3.42,0,2,5,23.60,0,198
221,2019,2,23,0821,46.36,134.52,3.42,0,2,3,1.60,0,198
222,2019,2,23,0821,46.36,134.54,3.42,0,2,3,1.60,0,198
223,2019,2,23,0821,46.34,133.98,3.42,0,2,5,16.05,0,223
224,2019,2,23,0821,46.34,134.00,3.42,0,2,5,15.51,0,223
225,2019,2,23,0821,46.34,134.02,3.42,0,2,5,6.54,0,223
226,2019,2,23,0821,46.34,134.04,3.42,0,2,5,6.54,0,223
227,2019,2,23,0821,46.34,134.06,3.42,0,2,5,2.72,0,223
228,2019,2,23,0821,46.34,134.44,3.42,0,2,1,1.31,0,198
229,2019,2,23,0821,46.32,133.98,3.42,0,2,5,4.89,0,223
230,2019,2,23,0821,46.32,134.00,3.42,0,2,5,4.74,0,223
231,2019,2,23,0821,46.32,134.02,3.42,0,2,5,4.74,0,223
232,2019,2,23,0821,46.32,134.04,3.42,0,2,3,1.20,0,223
233,2019,2,23,0821,46.30,133.98,3.42,0,2,5,4.89,0,223
234,2019,2,23,0821,46.30,134.00,3.42,0,2,5,4.74,0,223
235,2019,2,23,0821,46.30,134.02,3.42,0,2,5,4.74,0,223
236,2019,2,23,0821,46.30,134.04,3.42,0,2,3,1.20,0,223
237,2019,2,23,0821,46.28,134.02,3.43,0,3,3,1.15,0,223
238,2019,2,23,0821,46.26,134.02,3.43,0,3,3,1.15,0,223
239,2019,2,23,0821,46.24,134.08,3.43,0,2,5,3.58,0,239
240,2019,2,23,0821,46.16,130.54,3.43,0,2,3,1.75,0,241
241,2019,2,23,0821,46.16,130.56,3.43,0,2,5,1.87,0,241
242,2019,2,23,0821,46.16,133.88,3.43,0,2,5,2.36,0,242
243,2019,2,23,0821,46.16,133.90,3.43,0,2,5,2.36,0,242
244,2019,2,23,0821,46.16,133.92,3.43,0,2,5,2.05,0,242
245,2019,2,23,0821,46.14,133.90,3.43,0,2,5,2.36,0,242
246,2019,2,23,0821,46.14,133.92,3.43,0,2,5,2.05,0,242
247,2019,2,23,0821,46.06,128.54,3.44,0,2,3,2.12,0,345
248,2019,2,23,0821,46.06,133.88,3.44,0,2,5,1.16,0,249
249,2019,2,23,0821,46.06,133.90,3.44,0,2,5,2.05,0,249
250,2019,2,23,0821,46.04,128.20,3.44,0,2,5,5.18,0,324
251,2019,2,23,0821,46.04,128.22,3.44,0,2,5,5.18,0,324
252,2019,2,23,0821,46.04,128.26,3.44,0,2,3,1.83,0,324
253,2019,2,23,0821,46.04,128.28,3.44,0,2,3,1.83,0,324
254,2019,2,23,0821,46.04,128.30,3.44,0,3,3,2.01,0,324
255,2019,2,23,0821,46.04,128.40,3.44,0,2,5,5.46,0,345
256,2019,2,23,0821,46.04,128.42,3.44,0,2,5,5.46,0,345
257,2019,2,23,0821,46.04,128.44,3.44,0,2,5,7.70,0,345
258,2019,2,23,0821,46.04,128.52,3.44,0,2,5,9.87,0,345
259,2019,2,23,0821,46.04,128.54,3.44,0,2,5,6.49,0,345
260,2019,2,23,0821,46.04,128.56,3.44,0,2,5,6.49,0,345
261,2019,2,23,0821,46.04,128.66,3.44,0,2,3,1.99,0,345
262,2019,2,23,0821,46.04,133.88,3.44,0,2,5,1.16,0,249
263,2019,2,23,0821,46.04,133.90,3.44,0,2,5,2.05,0,249
264,2019,2,23,0821,46.04,133.92,3.44,0,2,5,2.05,0,249
265,2019,2,23,0821,46.02,128.18,3.44,0,2,5,5.81,0,324
266,2019,2,23,0821,46.02,128.20,3.44,0,2,5,5.81,0,324
267,2019,2,23,0821,46.02,128.22,3.44,0,2,5,23.89,0,324
268,2019,2,23,0821,46.02,128.24,3.44,0,2,5,9.26,0,324
269,2019,2,23,0821,46.02,128.26,3.44,0,2,5,8.83,0,324
270,2019,2,23,0821,46.02,128.28,3.44,0,2,5,8.83,0,324
271,2019,2,23,0821,46.02,128.30,3.44,0,2,5,6.43,0,324
272,2019,2,23,0821,46.02,128.38,3.44,0,2,3,2.33,0,345
273,2019,2,23,0821,46.02,128.40,3.44,0,2,5,12.83,0,345
274,2019,2,23,0821,46.02,128.42,3.44,0,2,5,5.46,0,345
275,2019,2,23,0821,46.02,128.44,3.44,0,2,5,7.70,0,345
276,2019,2,23,0821,46.02,128.52,3.44,0,2,5,9.87,0,345
277,2019,2,23,0821,46.02,128.54,3.44,0,2,5,6.49,0,345
278,2019,2,23,0821,46.02,128.56,3.44,0,2,5,6.49,0,345
279,2019,2,23,0821,46.02,128.66,3.44,0,2,3,1.99,0,345
280,2019,2,23,0821,46.02,128.84,3.44,0,1,3,9.28,0,311
281,2019,2,23,0821,46.02,128.86,3.44,0,2,5,10.84,0,311
282,2019,2,23,0821,46.02,128.88,3.44,0,2,5,5.02,0,311
283,2019,2,23,0821,46.02,128.90,3.44,0,2,5,5.02,0,311
284,2019,2,23,0821,46.02,133.82,3.44,0,2,5,11.33,0,315
285,2019,2,23,0821,46.02,133.84,3.44,0,2,5,11.33,0,315
286,2019,2,23,0821,46.02,133.86,3.44,0,3,5,5.39,0,315
287,2019,2,23,0821,46.02,133.90,3.44,0,2,3,1.23,0,249
288,2019,2,23,0821,46.02,133.92,3.44,0,2,3,1.23,0,249
289,2019,2,23,0821,46.00,128.18,3.44,0,2,5,5.81,0,324
290,2019,2,23,0821,46.00,128.20,3.44,0,2,5,5.81,0,324
291,2019,2,23,0821,46.00,128.22,3.44,0,2,5,23.89,0,324
292,2019,2,23,0821,46.00,128.24,3.44,0,2,5,9.26,0,324
293,2019,2,23,0821,46.00,128.26,3.44,0,2,5,9.26,0,324
294,2019,2,23,0821,46.00,128.28,3.44,0,2,5,8.83,0,324
295,2019,2,23,0821,46.00,128.30,3.44,0,2,5,6.43,0,324
296,2019,2,23,0821,46.00,128.38,3.44,0,2,3,2.33,0,345
297,2019,2,23,0821,46.00,128.40,3.44,0,2,3,2.33,0,345
298,2019,2,23,0821,46.00,128.42,3.44,0,2,5,12.83,0,345
299,2019,2,23,0821,46.00,128.44,3.44,0,2,5,11.15,0,345
300,2019,2,23,0821,46.00,128.46,3.44,0,2,5,11.15,0,345
301,2019,2,23,0821,46.00,128.48,3.44,0,2,5,3.16,0,345
302,2019,2,23,0821,46.00,128.50,3.44,0,2,5,5.42,0,345
303,2019,2,23,0821,46.00,128.52,3.44,0,2,5,5.97,0,345
304,2019,2,23,0821,46.00,128.54,3.44,0,2,5,5.97,0,345
305,2019,2,23,0821,46.00,128.56,3.44,0,2,5,4.32,0,345
306,2019,2,23,0821,46.00,128.62,3.44,0,2,3,1.52,0,345
307,2019,2,23,0821,46.00,128.64,3.44,0,2,5,10.87,0,345
308,2019,2,23,0821,46.00,128.66,3.44,0,2,5,11.56,0,345
309,2019,2,23,0821,46.00,128.68,3.44,0,2,5,11.56,0,345
310,2019,2,23,0821,46.00,128.70,3.44,0,3,3,1.10,0,345
311,2019,2,23,0821,46.00,128.86,3.44,0,2,5,21.23,0,311
312,2019,2,23,0821,46.00,128.88,3.44,0,2,5,21.23,0,311
313,2019,2,23,0821,46.00,128.90,3.44,0,2,5,9.65,0,311
314,2019,2,23,0821,46.00,133.80,3.44,0,2,5,5.41,0,315
315,2019,2,23,0821,46.00,133.82,3.44,0,2,5,24.68,0,315
316,2019,2,23,0821,46.00,133.84,3.44,0,2,5,24.65,0,315
317,2019,2,23,0821,46.00,133.86,3.44,0,3,5,1.97,0,315
318,2019,2,23,0821,46.00,134.00,3.44,0,2,1,.96,0,391
319,2019,2,23,0821,46.00,134.24,3.44,0,2,5,4.27,0,319
320,2019,2,23,0821,45.98,127.64,3.44,0,2,3,1.69,0,321
321,2019,2,23,0821,45.98,127.66,3.44,0,2,5,7.60,0,321
322,2019,2,23,0821,45.98,127.68,3.44,0,2,5,6.20,0,321
323,2019,2,23,0821,45.98,127.70,3.44,0,2,5,6.20,0,321
324,2019,2,23,0821,45.98,128.16,3.44,0,1,5,48.33,0,324
325,2019,2,23,0821,45.98,128.18,3.44,0,1,5,48.33,0,324
326,2019,2,23,0821,45.98,128.20,3.44,0,2,5,25.69,0,324
327,2019,2,23,0821,45.98,128.22,3.44,0,2,5,28.74,0,324
328,2019,2,23,0821,45.98,128.24,3.44,0,2,5,28.74,0,324
329,2019,2,23,0821,45.98,128.26,3.44,0,2,5,10.66,0,324
330,2019,2,23,0821,45.98,128.28,3.44,0,2,5,7.03,0,324
331,2019,2,23,0821,45.98,128.30,3.44,0,2,5,2.76,0,324
332,2019,2,23,0821,45.98,128.32,3.44,0,2,5,2.76,0,324
333,2019,2,23,0821,45.98,128.40,3.44,0,2,3,1.64,0,345
334,2019,2,23,0821,45.98,128.42,3.44,0,2,5,8.00,0,345
335,2019,2,23,0821,45.98,128.44,3.44,0,2,5,8.68,0,345
336,2019,2,23,0821,45.98,128.46,3.44,0,2,5,8.68,0,345
337,2019,2,23,0821,45.98,128.48,3.44,0,2,5,4.92,0,345
338,2019,2,23,0821,45.98,128.50,3.44,0,2,5,3.68,0,345
339,2019,2,23,0821,45.98,128.52,3.44,0,2,5,3.68,0,345
340,2019,2,23,0821,45.98,128.54,3.44,0,2,5,8.29,0,345
341,2019,2,23,0821,45.98,128.56,3.44,0,2,5,7.39,0,345
342,2019,2,23,0821,45.98,128.58,3.44,0,2,5,5.40,0,345
343,2019,2,23,0821,45.98,128.60,3.44,0,2,5,5.40,0,345
344,2019,2,23,0821,45.98,128.62,3.44,0,2,5,6.40,0,345
345,2019,2,23,0821,45.98,128.64,3.44,0,2,5,22.36,0,345
346,2019,2,23,0821,45.98,128.66,3.44,0,2,5,22.36,0,345
347,2019,2,23,0821,45.98,128.68,3.44,0,2,5,11.56,0,345
348,2019,2,23,0821,45.98,128.70,3.44,0,3,3,1.10,0,345
349,2019,2,23,0821,45.98,128.86,3.44,0,2,5,21.23,0,311
350,2019,2,23,0821,45.98,128.88,3.44,0,2,5,21.23,0,311
351,2019,2,23,0821,45.98,128.90,3.44,0,2,5,9.65,0,311
352,2019,2,23,0821,45.98,133.80,3.44,0,2,5,5.41,0,315
353,2019,2,23,0821,45.98,133.82,3.44,0,2,5,5.41,0,315
354,2019,2,23,0821,45.98,133.84,3.44,0,2,5,24.65,0,315
355,2019,2,23,0821,45.98,133.86,3.44,0,3,5,1.97,0,315
356,2019,2,23,0821,45.98,134.00,3.44,0,2,3,.96,0,391
357,2019,2,23,0821,45.98,134.24,3.44,0,2,5,4.27,0,319
358,2019,2,23,0821,45.98,134.26,3.44,0,2,5,4.27,0,319
359,2019,2,23,0821,45.98,134.38,3.44,0,2,3,1.94,0,359
360,2019,2,23,0821,45.98,134.40,3.44,0,2,3,1.54,0,359
361,2019,2,23,0821,45.98,134.42,3.44,0,2,3,1.54,0,359
362,2019,2,23,0821,45.96,127.64,3.45,0,2,3,1.69,0,321
363,2019,2,23,0821,45.96,127.66,3.45,0,2,5,7.60,0,321
364,2019,2,23,0821,45.96,127.68,3.45,0,2,5,7.60,0,321
365,2019,2,23,0821,45.96,127.70,3.45,0,2,5,6.20,0,321
366,2019,2,23,0821,45.96,128.20,3.45,0,2,5,17.58,0,324
367,2019,2,23,0821,45.96,128.22,3.45,0,2,5,10.98,0,324
368,2019,2,23,0821,45.96,128.24,3.45,0,2,5,10.98,0,324
369,2019,2,23,0821,45.96,128.32,3.45,0,2,5,2.76,0,324
370,2019,2,23,0821,45.96,128.40,3.45,0,2,3,1.64,0,345
371,2019,2,23,0821,45.96,128.42,3.45,0,2,5,8.00,0,345
372,2019,2,23,0821,45.96,128.44,3.45,0,2,5,8.00,0,345
373,2019,2,23,0821,45.96,128.46,3.45,0,2,5,8.68,0,345
374,2019,2,23,0821,45.96,128.48,3.45,0,2,5,4.91,0,345
375,2019,2,23,0821,45.96,128.50,3.45,0,2,5,3.68,0,345
376,2019,2,23,0821,45.96,128.52,3.45,0,2,5,3.68,0,345
377,2019,2,23,0821,45.96,128.54,3.45,0,2,5,8.29,0,345
378,2019,2,23,0821,45.96,128.56,3.45,0,2,5,7.39,0,345
379,2019,2,23,0821,45.96,128.58,3.45,0,2,5,7.38,0,345
380,2019,2,23,0821,45.96,128.60,3.45,0,2,5,5.40,0,345
381,2019,2,23,0821,45.96,128.62,3.45,0,2,5,6.40,0,345
382,2019,2,23,0821,45.96,128.64,3.45,0,2,5,22.36,0,345
383,2019,2,23,0821,45.96,128.66,3.45,0,2,5,22.36,0,345
384,2019,2,23,0821,45.96,128.68,3.45,0,2,5,9.11,0,345
385,2019,2,23,0821,45.96,129.04,3.45,0,2,5,3.09,0,430
386,2019,2,23,0821,45.96,129.06,3.45,0,2,5,7.17,0,430
387,2019,2,23,0821,45.96,129.08,3.45,0,2,5,7.17,0,430
388,2019,2,23,0821,45.96,133.80,3.45,0,3,5,1.06,0,315
389,2019,2,23,0821,45.96,133.82,3.45,0,3,5,1.06,0,315
390,2019,2,23,0821,45.96,133.84,3.45,0,2,5,2.10,0,315
391,2019,2,23,0821,45.96,134.00,3.45,0,2,5,4.37,0,391
392,2019,2,23,0821,45.96,134.02,3.45,0,2,5,2.02,0,391
393,2019,2,23,0821,45.96,134.04,3.45,0,2,5,2.02,0,391
394,2019,2,23,0821,45.96,134.24,3.45,0,2,1,.93,0,319
395,2019,2,23,0821,45.96,134.26,3.45,0,2,1,.93,0,319
396,2019,2,23,0821,45.96,134.44,3.45,0,1,3,4.79,0,396
397,2019,2,23,0821,45.96,134.46,3.45,0,2,3,2.57,0,396
398,2019,2,23,0821,45.96,134.48,3.45,0,2,3,2.57,0,396
399,2019,2,23,0821,45.94,127.66,3.45,0,2,3,2.58,0,321
400,2019,2,23,0821,45.94,127.68,3.45,0,2,3,2.58,0,321
401,2019,2,23,0821,45.94,127.70,3.45,0,2,5,4.17,0,321
402,2019,2,23,0821,45.94,128.20,3.45,0,2,5,17.58,0,324
403,2019,2,23,0821,45.94,128.22,3.45,0,2,5,17.58,0,324
404,2019,2,23,0821,45.94,128.24,3.45,0,2,5,10.98,0,324
405,2019,2,23,0821,45.94,128.46,3.45,0,2,3,1.82,0,345
406,2019,2,23,0821,45.94,128.56,3.45,0,2,1,1.14,0,345
407,2019,2,23,0821,45.94,128.58,3.45,0,2,3,1.14,0,345
408,2019,2,23,0821,45.94,128.60,3.45,0,2,3,1.86,0,345
409,2019,2,23,0821,45.94,128.62,3.45,0,2,5,3.34,0,345
410,2019,2,23,0821,45.94,128.64,3.45,0,2,5,3.34,0,345
411,2019,2,23,0821,45.94,128.66,3.45,0,2,5,6.35,0,345
412,2019,2,23,0821,45.94,129.04,3.45,0,2,5,3.09,0,430
413,2019,2,23,0821,45.94,129.06,3.45,0,2,5,3.09,0,430
414,2019,2,23,0821,45.94,129.08,3.45,0,2,5,7.17,0,430
415,2019,2,23,0821,45.94,133.78,3.45,0,2,5,3.31,0,459
416,2019,2,23,0821,45.94,134.24,3.45,0,2,3,.93,0,319
417,2019,2,23,0821,45.94,134.26,3.45,0,2,3,.93,0,319
418,2019,2,23,0821,45.94,134.44,3.45,0,1,3,4.79,0,396
419,2019,2,23,0821,45.94,134.46,3.45,0,2,3,2.57,0,396
420,2019,2,23,0821,45.94,134.48,3.45,0,2,3,2.57,0,396
421,2019,2,23,0821,45.92,127.68,3.45,0,2,3,2.58,0,321
422,2019,2,23,0821,45.92,127.70,3.45,0,2,5,4.17,0,321
423,2019,2,23,0821,45.92,127.72,3.45,0,2,5,4.17,0,321
424,2019,2,23,0821,45.92,128.58,3.45,0,2,1,1.14,0,345
425,2019,2,23,0821,45.92,128.60,3.45,0,2,3,1.86,0,345
426,2019,2,23,0821,45.92,128.62,3.45,0,2,3,1.86,0,345
427,2019,2,23,0821,45.92,128.64,3.45,0,2,5,3.34,0,345
428,2019,2,23,0821,45.92,128.66,3.45,0,2,5,6.35,0,345
429,2019,2,23,0821,45.92,129.06,3.45,0,2,5,12.52,0,430
430,2019,2,23,0821,45.92,129.08,3.45,0,2,5,25.82,0,430
431,2019,2,23,0821,45.92,129.10,3.45,0,2,5,4.33,0,430
432,2019,2,23,0821,45.92,129.12,3.45,0,2,5,4.33,0,430
433,2019,2,23,0821,45.92,133.78,3.45,0,2,5,3.31,0,459
434,2019,2,23,0821,45.92,133.80,3.45,0,2,5,3.31,0,459
435,2019,2,23,0821,45.92,134.44,3.45,0,2,5,3.61,0,396
436,2019,2,23,0821,45.92,134.46,3.45,0,2,5,3.61,0,396
437,2019,2,23,0821,45.92,134.48,3.45,0,3,5,2.14,0,396
438,2019,2,23,0821,45.90,127.76,3.45,0,2,3,2.50,0,453
439,2019,2,23,0821,45.90,127.78,3.45,0,2,3,2.50,0,453
440,2019,2,23,0821,45.90,127.80,3.45,0,2,5,4.30,0,453
441,2019,2,23,0821,45.90,127.82,3.45,0,2,1,1.53,0,453
442,2019,2,23,0821,45.90,129.06,3.45,0,2,3,3.44,0,430
443,2019,2,23,0821,45.90,129.08,3.45,0,2,5,11.32,0,430
444,2019,2,23,0821,45.90,129.10,3.45,0,2,5,11.32,0,430
445,2019,2,23,0821,45.90,133.78,3.45,0,2,5,4.00,0,459
446,2019,2,23,0821,45.90,133.80,3.45,0,2,5,4.00,0,459
447,2019,2,23,0821,45.90,133.86,3.45,0,2,3,1.05,0,449
448,2019,2,23,0821,45.90,133.88,3.45,0,2,3,1.05,0,449
449,2019,2,23,0821,45.90,133.90,3.45,0,2,5,2.57,0,449
450,2019,2,23,0821,45.90,134.00,3.45,0,2,3,.71,0,450
451,2019,2,23,0821,45.90,134.02,3.45,0,2,3,.71,0,450
452,2019,2,23,0821,45.88,127.78,3.45,0,2,3,2.86,0,453
453,2019,2,23,0821,45.88,127.80,3.45,0,2,5,4.68,0,453
454,2019,2,23,0821,45.88,127.82,3.45,0,2,3,3.00,0,453
455,2019,2,23,0821,45.88,127.84,3.45,0,2,3,3.00,0,453
456,2019,2,23,0821,45.88,129.06,3.45,0,2,3,3.44,0,430
457,2019,2,23,0821,45.88,129.08,3.45,0,2,5,11.32,0,430
458,2019,2,23,0821,45.88,129.10,3.45,0,2,5,11.32,0,430
459,2019,2,23,0821,45.88,133.74,3.45,0,2,5,33.24,0,459
460,2019,2,23,0821,45.88,133.76,3.45,0,3,5,2.43,0,459
461,2019,2,23,0821,45.88,133.78,3.45,0,3,5,2.43,0,459
462,2019,2,23,0821,45.88,133.82,3.45,0,2,5,4.47,0,478
463,2019,2,23,0821,45.88,133.90,3.45,0,2,5,2.57,0,449
464,2019,2,23,0821,45.88,134.00,3.45,0,2,3,.71,0,450
465,2019,2,23,0821,45.88,134.02,3.45,0,2,3,.71,0,450
466,2019,2,23,0821,45.86,127.78,3.45,0,2,1,2.86,0,453
467,2019,2,23,0821,45.86,127.80,3.45,0,2,5,4.68,0,453
468,2019,2,23,0821,45.86,127.82,3.45,0,2,5,4.67,0,453
469,2019,2,23,0821,45.86,127.84,3.45,0,2,3,3.00,0,453
470,2019,2,23,0821,45.86,133.74,3.45,0,2,5,33.24,0,459
471,2019,2,23,0821,45.86,133.76,3.45,0,3,5,2.43,0,459
472,2019,2,23,0821,45.86,133.78,3.45,0,3,5,2.43,0,459
473,2019,2,23,0821,45.86,133.82,3.45,0,2,5,4.47,0,478
474,2019,2,23,0821,45.86,133.90,3.45,0,2,3,1.97,0,449
475,2019,2,23,0821,45.84,133.74,3.45,0,2,5,8.04,0,459
476,2019,2,23,0821,45.84,133.76,3.45,0,3,5,1.41,0,459
477,2019,2,23,0821,45.84,133.78,3.45,0,3,5,1.41,0,459
478,2019,2,23,0821,45.84,133.82,3.45,0,2,5,7.30,0,478
479,2019,2,23,0821,45.84,133.84,3.45,0,2,5,7.30,0,478
480,2019,2,23,0821,45.84,133.86,3.45,0,3,5,1.48,0,478
481,2019,2,23,0821,45.84,133.96,3.45,0,3,3,.59,0,506
482,2019,2,23,0821,45.82,128.58,3.45,0,2,3,1.44,0,501
483,2019,2,23,0821,45.82,133.60,3.45,0,2,3,1.01,0,485
484,2019,2,23,0821,45.82,133.62,3.45,0,2,3,1.01,0,485
485,2019,2,23,0821,45.82,133.64,3.45,0,2,5,2.45,0,485
486,2019,2,23,0821,45.82,133.74,3.45,0,2,5,8.04,0,459
487,2019,2,23,0821,45.82,133.76,3.45,0,2,5,8.04,0,459
488,2019,2,23,0821,45.82,133.78,3.45,0,3,5,1.41,0,459
489,2019,2,23,0821,45.82,133.82,3.45,0,2,5,7.30,0,478
490,2019,2,23,0821,45.82,133.84,3.45,0,2,5,7.30,0,478
491,2019,2,23,0821,45.82,133.86,3.45,0,3,5,1.48,0,478
492,2019,2,23,0821,45.82,133.96,3.45,0,3,3,.59,0,506
493,2019,2,23,0821,45.82,133.98,3.45,0,3,3,.59,0,506
494,2019,2,23,0821,45.80,128.58,3.46,0,2,3,1.44,0,501
495,2019,2,23,0821,45.80,133.60,3.46,0,2,3,1.01,0,485
496,2019,2,23,0821,45.80,133.62,3.46,0,2,3,1.01,0,485
497,2019,2,23,0821,45.80,133.64,3.46,0,2,5,2.45,0,485
498,2019,2,23,0821,45.80,133.96,3.46,0,3,5,1.47,0,506
499,2019,2,23,0821,45.80,133.98,3.46,0,3,5,1.47,0,506
500,2019,2,23,0821,45.80,134.00,3.46,0,2,3,.62,0,506
501,2019,2,23,0821,45.78,128.58,3.46,0,2,3,2.89,0,501
502,2019,2,23,0821,45.78,128.60,3.46,0,2,3,1.53,0,501
503,2019,2,23,0821,45.78,128.62,3.46,0,2,3,1.53,0,501
504,2019,2,23,0821,45.78,133.62,3.46,0,2,3,.87,0,485
505,2019,2,23,0821,45.78,133.64,3.46,0,3,5,1.93,0,485
506,2019,2,23,0821,45.78,133.96,3.46,0,2,5,1.95,0,506
507,2019,2,23,0821,45.78,133.98,3.46,0,2,5,1.95,0,506
508,2019,2,23,0821,45.78,134.00,3.46,0,2,3,1.18,0,506
509,2019,2,23,0821,45.76,133.24,3.46,0,2,5,3.70,0,509
510,2019,2,23,0821,45.76,133.26,3.46,0,2,5,1.46,0,509
511,2019,2,23,0821,45.76,133.56,3.46,0,3,5,13.06,0,526
512,2019,2,23,0821,45.76,133.62,3.46,0,2,3,.87,0,485
513,2019,2,23,0821,45.76,133.64,3.46,0,3,5,1.93,0,485
514,2019,2,23,0821,45.76,133.98,3.46,0,2,5,1.95,0,506
515,2019,2,23,0821,45.76,134.00,3.46,0,2,3,1.18,0,506
516,2019,2,23,0821,45.74,133.24,3.46,0,2,5,3.70,0,509
517,2019,2,23,0821,45.74,133.26,3.46,0,2,5,1.46,0,509
518,2019,2,23,0821,45.74,133.56,3.46,0,3,5,13.06,0,526
519,2019,2,23,0821,45.74,133.58,3.46,0,3,5,13.05,0,526
520,2019,2,23,0821,45.74,133.60,3.46,0,2,5,9.05,0,526
521,2019,2,23,0821,45.72,128.54,3.46,0,2,5,7.57,0,521
522,2019,2,23,0821,45.72,128.56,3.46,0,2,5,5.13,0,521
523,2019,2,23,0821,45.72,128.58,3.46,0,2,5,5.13,0,521
524,2019,2,23,0821,45.72,128.68,3.46,0,2,3,1.87,0,524
525,2019,2,23,0821,45.72,133.54,3.46,0,2,5,14.56,0,526
526,2019,2,23,0821,45.72,133.56,3.46,0,2,5,20.13,0,526
527,2019,2,23,0821,45.72,133.58,3.46,0,2,5,20.13,0,526
528,2019,2,23,0821,45.72,133.60,3.46,0,2,5,10.34,0,526
529,2019,2,23,0821,45.70,128.56,3.46,0,2,5,7.57,0,521
530,2019,2,23,0821,45.70,128.58,3.46,0,2,5,5.13,0,521
531,2019,2,23,0821,45.70,128.68,3.46,0,2,3,1.76,0,524
532,2019,2,23,0821,45.70,128.70,3.46,0,2,3,1.76,0,524
533,2019,2,23,0821,45.70,133.54,3.46,0,2,5,14.56,0,526
534,2019,2,23,0821,45.70,133.56,3.46,0,2,5,20.13,0,526
535,2019,2,23,0821,45.70,133.58,3.46,0,2,5,20.13,0,526
536,2019,2,23,0821,45.70,133.60,3.46,0,2,5,10.34,0,526
537,2019,2,23,0821,45.68,128.64,3.46,0,2,3,1.87,0,541
538,2019,2,23,0821,45.68,133.54,3.46,0,3,5,3.31,0,526
539,2019,2,23,0821,45.68,133.56,3.46,0,3,5,3.31,0,526
540,2019,2,23,0821,45.68,133.58,3.46,0,2,5,1.22,0,526
541,2019,2,23,0821,45.66,128.62,3.46,0,2,3,1.88,0,541
542,2019,2,23,0821,45.66,128.64,3.46,0,2,3,1.25,0,541
543,2019,2,23,0821,45.64,128.62,3.47,0,2,3,1.88,0,541
544,2019,2,23,0821,45.64,128.64,3.47,0,2,3,1.25,0,541
545,2019,2,23,0821,45.64,128.66,3.47,0,2,3,1.25,0,541
546,2019,2,23,0821,45.60,133.50,3.47,0,2,5,3.15,0,547
547,2019,2,23,0821,45.60,133.52,3.47,0,2,5,17.42,0,547
548,2019,2,23,0821,45.60,133.54,3.47,0,2,5,17.42,0,547
549,2019,2,23,0821,45.60,133.56,3.47,0,1,5,5.45,0,547
550,2019,2,23,0821,45.58,128.26,3.47,0,2,3,2.23,0,550
551,2019,2,23,0821,45.58,128.28,3.47,0,2,3,2.23,0,550
552,2019,2,23,0821,45.58,133.50,3.47,0,2,5,3.14,0,547
553,2019,2,23,0821,45.58,133.52,3.47,0,2,5,3.14,0,547
554,2019,2,23,0821,45.58,133.54,3.47,0,2,5,17.42,0,547
555,2019,2,23,0821,45.58,133.56,3.47,0,1,5,5.45,0,547
556,2019,2,23,0821,45.56,128.28,3.47,0,2,3,2.23,0,550
557,2019,2,23,0821,45.56,133.54,3.47,0,2,5,13.06,0,547
558,2019,2,23,0821,45.56,133.56,3.47,0,3,5,3.43,0,547
559,2019,2,23,0821,45.54,133.54,3.47,0,2,5,7.05,0,547
560,2019,2,23,0821,45.52,133.54,3.47,0,2,5,7.05,0,547
561,2019,2,23,0821,45.52,133.70,3.47,0,2,5,1.87,0,561
562,2019,2,23,0821,45.52,133.72,3.47,0,2,5,1.87,0,561
563,2019,2,23,0821,45.50,133.44,3.47,0,2,3,1.00,0,567
564,2019,2,23,0821,45.50,133.46,3.47,0,2,5,1.66,0,567
565,2019,2,23,0821,45.50,133.70,3.47,0,3,3,.79,0,561
566,2019,2,23,0821,45.50,133.72,3.47,0,3,3,.79,0,561
567,2019,2,23,0821,45.48,133.46,3.48,0,2,5,1.69,0,567
568,2019,2,23,0821,45.48,133.48,3.48,0,2,5,1.66,0,567
569,2019,2,23,0821,45.48,133.70,3.48,0,3,3,.79,0,561
570,2019,2,23,0821,45.48,133.72,3.48,0,3,3,.79,0,561
571,2019,2,23,0821,45.48,134.26,3.48,0,2,3,.66,0,571
572,2019,2,23,0821,45.44,125.04,3.48,0,2,5,17.44,0,572
573,2019,2,23,0821,45.44,125.06,3.48,0,2,5,17.44,0,572
574,2019,2,23,0821,45.44,125.08,3.48,0,2,5,13.42,0,572
575,2019,2,23,0821,45.42,125.08,3.48,0,1,3,11.44,0,572
576,2019,2,23,0821,45.40,125.08,3.48,0,1,3,11.39,0,572
577,2019,2,23,0821,45.40,125.10,3.48,0,1,3,11.39,0,572
578,2019,2,23,0821,45.40,133.56,3.48,0,2,5,1.85,0,578
579,2019,2,23,0821,45.40,133.58,3.48,0,2,5,1.72,0,578
580,2019,2,23,0821,45.40,133.60,3.48,0,2,5,1.72,0,578
581,2019,2,23,0821,45.40,133.64,3.48,0,2,5,28.80,0,581
582,2019,2,23,0821,45.40,133.66,3.48,0,2,5,19.72,0,581
583,2019,2,23,0821,45.40,133.68,3.48,0,2,5,19.72,0,581
584,2019,2,23,0821,45.38,128.78,3.48,0,2,3,.96,0,584
585,2019,2,23,0821,45.38,133.56,3.48,0,2,5,1.80,0,578
586,2019,2,23,0821,45.38,133.58,3.48,0,2,5,1.83,0,578
587,2019,2,23,0821,45.38,133.60,3.48,0,2,5,1.83,0,578
588,2019,2,23,0821,45.38,133.64,3.48,0,2,5,21.49,0,581
589,2019,2,23,0821,45.38,133.66,3.48,0,3,5,16.56,0,581
590,2019,2,23,0821,45.38,133.68,3.48,0,3,5,16.56,0,581
591,2019,2,23,0821,45.36,128.80,3.48,0,2,3,1.03,0,602
592,2019,2,23,0821,45.36,131.68,3.48,0,2,5,4.66,0,653
593,2019,2,23,0821,45.36,131.70,3.48,0,2,5,4.66,0,653
594,2019,2,23,0821,45.36,131.72,3.48,0,2,5,7.16,0,653
595,2019,2,23,0821,45.36,131.74,3.48,0,2,5,1.42,0,653
596,2019,2,23,0821,45.36,133.56,3.48,0,2,5,1.80,0,578
597,2019,2,23,0821,45.36,133.58,3.48,0,2,5,1.80,0,578
598,2019,2,23,0821,45.36,133.60,3.48,0,2,5,1.83,0,578
599,2019,2,23,0821,45.36,133.64,3.48,0,2,5,21.49,0,581
600,2019,2,23,0821,45.36,133.66,3.48,0,2,5,21.49,0,581
601,2019,2,23,0821,45.36,133.68,3.48,0,3,5,16.56,0,581
602,2019,2,23,0821,45.34,128.80,3.48,0,2,3,1.14,0,602
603,2019,2,23,0821,45.34,131.68,3.48,0,2,5,4.66,0,653
604,2019,2,23,0821,45.34,131.70,3.48,0,2,5,4.66,0,653
605,2019,2,23,0821,45.34,131.72,3.48,0,2,5,7.16,0,653
606,2019,2,23,0821,45.34,131.74,3.48,0,2,5,1.42,0,653
607,2019,2,23,0821,45.34,133.64,3.48,0,2,5,3.85,0,581
608,2019,2,23,0821,45.34,133.66,3.48,0,2,5,3.85,0,581
609,2019,2,23,0821,45.34,133.68,3.48,0,2,5,2.41,0,581
610,2019,2,23,0821,45.32,128.16,3.49,0,2,3,1.82,0,624
611,2019,2,23,0821,45.32,128.18,3.49,0,2,3,1.82,0,624
612,2019,2,23,0821,45.32,128.80,3.49,0,2,3,1.14,0,602
613,2019,2,23,0821,45.32,128.82,3.49,0,2,3,1.14,0,602
614,2019,2,23,0821,45.32,131.56,3.49,0,2,5,3.65,0,653
615,2019,2,23,0821,45.32,131.58,3.49,0,2,5,6.19,0,653
616,2019,2,23,0821,45.32,131.60,3.49,0,2,5,2.62,0,653
617,2019,2,23,0821,45.32,131.62,3.49,0,2,5,2.62,0,653
618,2019,2,23,0821,45.32,131.64,3.49,0,1,5,6.72,0,653
619,2019,2,23,0821,45.32,131.68,3.49,0,2,5,10.69,0,653
620,2019,2,23,0821,45.32,131.70,3.49,0,2,5,10.69,0,653
621,2019,2,23,0821,45.32,131.72,3.49,0,2,5,12.77,0,653
622,2019,2,23,0821,45.32,131.74,3.49,0,2,5,2.06,0,653
623,2019,2,23,0821,45.32,131.76,3.49,0,2,5,2.06,0,653
624,2019,2,23,0821,45.30,128.18,3.49,0,2,3,3.34,0,624
625,2019,2,23,0821,45.30,131.56,3.49,0,1,5,10.72,0,653
626,2019,2,23,0821,45.30,131.58,3.49,0,2,5,10.77,0,653
627,2019,2,23,0821,45.30,131.60,3.49,0,2,5,10.77,0,653
628,2019,2,23,0821,45.30,131.62,3.49,0,2,5,5.84,0,653
629,2019,2,23,0821,45.30,131.70,3.49,0,2,5,10.66,0,653
630,2019,2,23,0821,45.30,131.72,3.49,0,2,5,12.77,0,653
631,2019,2,23,0821,45.30,131.74,3.49,0,2,5,2.06,0,653
632,2019,2,23,0821,45.30,131.76,3.49,0,2,5,2.06,0,653
633,2019,2,23,0821,45.28,128.18,3.49,0,2,3,3.34,0,624
634,2019,2,23,0821,45.28,131.56,3.49,0,1,5,10.72,0,653
635,2019,2,23,0821,45.28,131.58,3.49,0,2,5,10.77,0,653
636,2019,2,23,0821,45.28,131.60,3.49,0,2,5,10.77,0,653
637,2019,2,23,0821,45.28,131.62,3.49,0,2,5,5.84,0,653
638,2019,2,23,0821,45.28,131.72,3.49,0,2,5,6.54,0,653
639,2019,2,23,0821,45.28,131.74,3.49,0,2,5,6.53,0,653
640,2019,2,23,0821,45.28,131.76,3.49,0,2,5,12.16,0,653
641,2019,2,23,0821,45.28,131.78,3.49,0,2,5,9.54,0,653
642,2019,2,23,0821,45.28,133.50,3.49,0,2,3,1.23,0,656
643,2019,2,23,0821,45.28,133.52,3.49,0,2,5,2.45,0,656
644,2019,2,23,0821,45.26,128.78,3.49,0,2,1,.99,0,644
645,2019,2,23,0821,45.26,131.60,3.49,0,2,5,3.20,0,653
646,2019,2,23,0821,45.26,131.62,3.49,0,2,5,1.60,0,653
647,2019,2,23,0821,45.26,131.64,3.49,0,2,3,1.78,0,653
648,2019,2,23,0821,45.26,131.66,3.49,0,2,3,1.78,0,653
649,2019,2,23,0821,45.26,131.68,3.49,0,2,5,3.37,0,653
650,2019,2,23,0821,45.26,131.70,3.49,0,2,3,1.31,0,653
651,2019,2,23,0821,45.26,131.72,3.49,0,2,5,10.94,0,653
652,2019,2,23,0821,45.26,131.74,3.49,0,2,5,10.94,0,653
653,2019,2,23,0821,45.26,131.76,3.49,0,2,5,19.39,0,653
654,2019,2,23,0821,45.26,131.78,3.49,0,2,5,11.91,0,653
655,2019,2,23,0821,45.26,133.50,3.49,0,2,5,2.61,0,656
656,2019,2,23,0821,45.26,133.52,3.49,0,2,5,5.01,0,656
657,2019,2,23,0821,45.26,133.54,3.49,0,2,3,.78,0,656
658,2019,2,23,0821,45.26,133.56,3.49,0,2,3,.78,0,656
659,2019,2,23,0821,45.24,128.26,3.49,0,2,1,1.19,0,659
660,2019,2,23,0821,45.24,128.28,3.49,0,2,1,1.19,0,659
661,2019,2,23,0821,45.24,131.62,3.49,0,2,5,1.60,0,653
662,2019,2,23,0821,45.24,131.64,3.49,0,2,3,1.78,0,653
663,2019,2,23,0821,45.24,131.66,3.49,0,2,3,1.78,0,653
664,2019,2,23,0821,45.24,131.68,3.49,0,2,5,3.37,0,653
665,2019,2,23,0821,45.24,131.70,3.49,0,2,3,1.31,0,653
666,2019,2,23,0821,45.24,131.72,3.49,0,2,3,1.31,0,653
667,2019,2,23,0821,45.24,131.74,3.49,0,2,5,10.94,0,653
668,2019,2,23,0821,45.24,131.76,3.49,0,2,5,19.39,0,653
669,2019,2,23,0821,45.24,131.78,3.49,0,2,5,11.91,0,653
670,2019,2,23,0821,45.24,131.80,3.49,0,2,5,11.91,0,653
671,2019,2,23,0821,45.24,133.50,3.49,0,2,5,2.61,0,656
672,2019,2,23,0821,45.24,133.52,3.49,0,2,5,5.01,0,656
673,2019,2,23,0821,45.24,133.54,3.49,0,2,5,5.01,0,656
674,2019,2,23,0821,45.24,133.56,3.49,0,2,3,.78,0,656
675,2019,2,23,0821,45.24,133.60,3.49,0,2,3,1.22,0,677
676,2019,2,23,0821,45.24,133.62,3.49,0,2,3,1.22,0,677
677,2019,2,23,0821,45.24,133.64,3.49,0,2,3,1.30,0,677
678,2019,2,23,0821,45.22,128.28,3.49,0,2,1,1.19,0,659
679,2019,2,23,0821,45.22,131.68,3.49,0,2,5,3.87,0,653
680,2019,2,23,0821,45.22,131.70,3.49,0,2,5,2.71,0,653
681,2019,2,23,0821,45.22,131.72,3.49,0,2,5,2.71,0,653
682,2019,2,23,0821,45.22,131.74,3.49,0,2,3,1.19,0,653
683,2019,2,23,0821,45.22,131.76,3.49,0,3,1,.56,0,653
684,2019,2,23,0821,45.22,133.56,3.49,0,2,5,1.70,0,656
685,2019,2,23,0821,45.22,133.60,3.49,0,2,3,1.08,0,677
686,2019,2,23,0821,45.22,133.62,3.49,0,2,3,1.08,0,677
687,2019,2,23,0821,45.22,133.64,3.49,0,2,3,1.29,0,677
688,2019,2,23,0821,45.20,133.56,3.49,0,2,5,1.70,0,656
689,2019,2,23,0821,45.20,133.62,3.49,0,2,3,1.08,0,677
690,2019,2,23,0821,45.20,133.64,3.49,0,2,3,1.29,0,677
691,2019,2,23,0821,45.14,133.26,3.50,0,2,5,1.54,0,691
692,2019,2,23,0821,45.14,133.28,3.50,0,2,5,1.54,0,691
693,2019,2,23,0821,45.14,133.30,3.50,0,2,3,.72,0,691
694,2019,2,23,0821,45.12,133.28,3.50,0,2,5,1.54,0,691
695,2019,2,23,0821,45.12,133.30,3.50,0,2,3,.72,0,691
696,2019,2,23,0821,45.08,127.34,3.50,0,2,1,3.46,0,697
697,2019,2,23,0821,45.08,127.36,3.50,0,2,3,4.18,0,697
698,2019,2,23,0821,45.08,127.38,3.50,0,2,3,4.18,0,697
699,2019,2,23,0821,45.08,127.92,3.50,0,1,1,4.00,0,699
700,2019,2,23,0821,45.06,127.34,3.50,0,2,1,3.46,0,697
701,2019,2,23,0821,45.06,127.36,3.50,0,2,1,3.46,0,697
702,2019,2,23,0821,45.06,127.38,3.50,0,2,3,4.18,0,697
703,2019,2,23,0821,45.06,133.58,3.50,0,2,1,.49,0,704
704,2019,2,23,0821,45.06,133.60,3.50,0,2,5,2.55,0,704
705,2019,2,23,0821,45.06,133.62,3.50,0,2,5,2.55,0,704
706,2019,2,23,0821,45.06,133.64,3.50,0,2,3,.99,0,704
707,2019,2,23,0821,45.04,126.68,3.50,0,2,1,3.11,0,707
708,2019,2,23,0821,45.04,126.70,3.50,0,2,3,3.11,0,707
709,2019,2,23,0821,45.04,133.34,3.50,0,2,5,3.57,0,730
710,2019,2,23,0821,45.04,133.36,3.50,0,2,3,.96,0,730
711,2019,2,23,0821,45.04,133.38,3.50,0,2,3,.96,0,730
712,2019,2,23,0821,45.04,133.60,3.50,0,2,5,1.78,0,704
713,2019,2,23,0821,45.04,133.62,3.50,0,2,5,1.78,0,704
714,2019,2,23,0821,45.02,126.68,3.50,0,2,3,3.11,0,707
715,2019,2,23,0821,45.02,126.70,3.50,0,2,3,3.11,0,707
716,2019,2,23,0821,45.02,132.96,3.50,0,2,5,1.64,0,733
717,2019,2,23,0821,45.02,133.04,3.50,0,2,5,7.43,0,717
718,2019,2,23,0821,45.02,133.06,3.50,0,2,5,7.43,0,717
719,2019,2,23,0821,45.02,133.34,3.50,0,2,5,3.57,0,730
720,2019,2,23,0821,45.02,133.36,3.50,0,2,3,.96,0,730
721,2019,2,23,0821,45.02,133.38,3.50,0,2,3,.96,0,730
722,2019,2,23,0821,45.02,133.62,3.50,0,2,5,1.78,0,704
723,2019,2,23,0821,45.00,132.96,3.50,0,2,5,1.64,0,733
724,2019,2,23,0821,45.00,132.98,3.50,0,2,5,1.64,0,733
725,2019,2,23,0821,45.00,133.04,3.50,0,2,5,7.42,0,717
726,2019,2,23,0821,45.00,133.06,3.50,0,2,5,7.42,0,717
727,2019,2,23,0821,45.00,133.20,3.50,0,2,5,7.42,0,737
728,2019,2,23,0821,45.00,133.22,3.50,0,2,5,7.42,0,737
729,2019,2,23,0821,45.00,133.24,3.50,0,2,5,6.26,0,737
730,2019,2,23,0821,45.00,133.34,3.50,0,2,5,27.25,0,730
731,2019,2,23,0821,45.00,133.36,3.50,0,2,5,27.25,0,730
732,2019,2,23,0821,45.00,133.38,3.50,0,2,5,9.48,0,730
733,2019,2,23,0821,44.98,132.96,3.51,0,2,5,2.81,0,733
734,2019,2,23,0821,44.98,132.98,3.51,0,2,5,2.81,0,733
735,2019,2,23,0821,44.98,133.04,3.51,0,2,5,2.18,0,717
736,2019,2,23,0821,44.98,133.06,3.51,0,2,5,2.18,0,717
737,2019,2,23,0821,44.98,133.22,3.51,0,2,5,14.28,0,737
738,2019,2,23,0821,44.98,133.24,3.51,0,2,5,11.42,0,737
739,2019,2,23,0821,44.98,133.32,3.51,0,1,5,16.13,0,730
740,2019,2,23,0821,44.98,133.34,3.51,0,2,5,15.60,0,730
741,2019,2,23,0821,44.98,133.36,3.51,0,2,5,15.60,0,730
742,2019,2,23,0821,44.96,133.22,3.51,0,2,5,14.28,0,737
743,2019,2,23,0821,44.96,133.24,3.51,0,2,5,11.42,0,737
744,2019,2,23,0821,44.96,133.32,3.51,0,1,5,16.13,0,730
745,2019,2,23,0821,44.96,133.34,3.51,0,2,5,15.60,0,730
746,2019,2,23,0821,44.96,133.36,3.51,0,2,5,15.60,0,730
747,2019,2,23,0821,44.92,133.20,3.51,0,2,5,7.15,0,747
748,2019,2,23,0821,44.92,133.22,3.51,0,2,5,5.88,0,747
749,2019,2,23,0821,44.92,133.24,3.51,0,2,5,1.15,0,747
750,2019,2,23,0821,44.92,133.26,3.51,0,2,5,1.15,0,747
751,2019,2,23,0821,44.90,133.20,3.51,0,2,5,7.15,0,747
752,2019,2,23,0821,44.90,133.22,3.51,0,2,5,5.88,0,747
753,2019,2,23,0821,44.90,133.24,3.51,0,2,5,5.88,0,747
754,2019,2,23,0821,44.90,133.26,3.51,0,2,5,1.15,0,747
755,2019,2,23,0821,44.90,133.62,3.51,0,3,3,.85,0,755
756,2019,2,23,0821,44.90,133.64,3.51,0,3,3,.85,0,755
757,2019,2,23,0821,44.88,133.20,3.51,0,2,5,4.34,0,747
758,2019,2,23,0821,44.88,133.22,3.51,0,2,5,1.81,0,747
759,2019,2,23,0821,44.88,133.24,3.51,0,2,5,1.81,0,747
760,2019,2,23,0821,44.88,133.74,3.51,0,2,3,1.72,0,760
761,2019,2,23,0821,44.88,133.76,3.51,0,3,3,.51,0,760
762,2019,2,23,0821,44.88,133.78,3.51,0,3,3,.51,0,760
763,2019,2,23,0821,44.86,131.58,3.51,0,1,3,3.94,0,782
764,2019,2,23,0821,44.86,131.60,3.51,0,2,5,2.03,0,782
765,2019,2,23,0821,44.86,131.62,3.51,0,2,5,2.03,0,782
766,2019,2,23,0821,44.86,133.00,3.51,0,2,3,1.19,0,766
767,2019,2,23,0821,44.86,133.20,3.51,0,2,3,.95,0,747
768,2019,2,23,0821,44.86,133.74,3.51,0,2,3,1.72,0,760
769,2019,2,23,0821,44.86,133.76,3.51,0,3,3,.51,0,760
770,2019,2,23,0821,44.86,133.78,3.51,0,3,3,.51,0,760
771,2019,2,23,0821,44.84,131.58,3.51,0,1,3,3.94,0,782
772,2019,2,23,0821,44.84,131.60,3.51,0,1,3,3.94,0,782
773,2019,2,23,0821,44.84,131.62,3.51,0,2,5,2.03,0,782
774,2019,2,23,0821,44.84,133.00,3.51,0,2,1,1.19,0,766
775,2019,2,23,0821,44.84,133.20,3.51,0,2,3,.95,0,747
776,2019,2,23,0821,44.84,133.22,3.51,0,2,3,.95,0,747
777,2019,2,23,0821,44.82,128.54,3.52,0,2,5,3.53,0,777
778,2019,2,23,0821,44.82,128.56,3.52,0,3,3,1.15,0,777
779,2019,2,23,0821,44.82,128.58,3.52,0,3,3,1.15,0,777
780,2019,2,23,0821,44.82,131.58,3.52,0,2,5,5.83,0,782
781,2019,2,23,0821,44.82,131.60,3.52,0,2,5,5.83,0,782
782,2019,2,23,0821,44.82,131.62,3.52,0,2,5,7.83,0,782
783,2019,2,23,0821,44.82,131.84,3.52,0,2,5,4.51,0,792
784,2019,2,23,0821,44.82,133.12,3.52,0,2,5,3.27,0,784
785,2019,2,23,0821,44.82,133.14,3.52,0,2,5,3.27,0,784
786,2019,2,23,0821,44.82,133.16,3.52,0,2,5,1.65,0,784
787,2019,2,23,0821,44.82,133.18,3.52,0,2,3,.99,0,784
788,2019,2,23,0821,44.80,131.60,3.52,0,2,5,4.42,0,782
789,2019,2,23,0821,44.80,131.62,3.52,0,2,5,1.66,0,782
790,2019,2,23,0821,44.80,131.76,3.52,0,2,5,9.99,0,816
791,2019,2,23,0821,44.80,131.78,3.52,0,3,5,8.09,0,816
792,2019,2,23,0821,44.80,131.84,3.52,0,2,5,11.66,0,792
793,2019,2,23,0821,44.80,131.86,3.52,0,2,5,2.53,0,792
794,2019,2,23,0821,44.80,131.92,3.52,0,2,5,8.34,0,794
795,2019,2,23,0821,44.80,132.02,3.52,0,2,1,1.47,0,795
796,2019,2,23,0821,44.80,132.04,3.52,0,2,1,1.47,0,795
797,2019,2,23,0821,44.80,133.14,3.52,0,1,3,2.50,0,784
798,2019,2,23,0821,44.80,133.16,3.52,0,2,5,1.66,0,784
799,2019,2,23,0821,44.78,127.14,3.52,0,2,1,1.24,0,799
800,2019,2,23,0821,44.78,131.60,3.52,0,2,5,4.42,0,782
801,2019,2,23,0821,44.78,131.62,3.52,0,2,5,1.66,0,782
802,2019,2,23,0821,44.78,131.64,3.52,0,2,5,1.66,0,782
803,2019,2,23,0821,44.78,131.76,3.52,0,2,5,9.99,0,816
804,2019,2,23,0821,44.78,131.78,3.52,0,3,5,8.09,0,816
805,2019,2,23,0821,44.78,131.80,3.52,0,3,5,8.09,0,816
806,2019,2,23,0821,44.78,131.84,3.52,0,2,5,11.66,0,792
807,2019,2,23,0821,44.78,131.86,3.52,0,2,5,2.53,0,792
808,2019,2,23,0821,44.78,131.88,3.52,0,2,5,2.53,0,792
809,2019,2,23,0821,44.78,131.92,3.52,0,2,5,8.34,0,794
810,2019,2,23,0821,44.78,133.14,3.52,0,1,3,2.50,0,784
811,2019,2,23,0821,44.78,133.16,3.52,0,2,5,1.66,0,784
812,2019,2,23,0821,44.76,127.14,3.52,0,2,1,1.24,0,799
813,2019,2,23,0821,44.76,127.16,3.52,0,2,1,1.24,0,799
814,2019,2,23,0821,44.76,127.90,3.52,0,2,5,5.47,0,814
815,2019,2,23,0821,44.76,127.92,3.52,0,2,3,2.38,0,814
816,2019,2,23,0821,44.76,131.76,3.52,0,2,5,34.83,0,816
817,2019,2,23,0821,44.76,131.78,3.52,0,2,5,23.25,0,816
818,2019,2,23,0821,44.76,131.80,3.52,0,2,5,23.25,0,816
819,2019,2,23,0821,44.76,131.84,3.52,0,2,5,10.36,0,792
820,2019,2,23,0821,44.76,131.86,3.52,0,2,5,5.31,0,792
821,2019,2,23,0821,44.76,131.88,3.52,0,2,5,5.31,0,792
822,2019,2,23,0821,44.76,131.90,3.52,0,2,3,2.76,0,792
823,2019,2,23,0821,44.76,132.98,3.52,0,2,5,5.34,0,835
824,2019,2,23,0821,44.76,133.00,3.52,0,2,5,9.40,0,835
825,2019,2,23,0821,44.76,133.02,3.52,0,2,5,5.09,0,835
826,2019,2,23,0821,44.76,133.04,3.52,0,2,5,5.09,0,835
827,2019,2,23,0821,44.76,133.06,3.52,0,2,5,2.72,0,835
828,2019,2,23,0821,44.76,133.62,3.52,0,2,5,3.11,0,852
829,2019,2,23,0821,44.76,133.64,3.52,0,2,5,3.69,0,852
830,2019,2,23,0821,44.76,133.66,3.52,0,2,5,3.69,0,852
831,2019,2,23,0821,44.74,127.90,3.52,0,2,5,5.47,0,814
832,2019,2,23,0821,44.74,127.92,3.52,0,2,3,2.38,0,814
833,2019,2,23,0821,44.74,127.94,3.52,0,2,3,2.38,0,814
834,2019,2,23,0821,44.74,132.98,3.52,0,2,5,8.49,0,835
835,2019,2,23,0821,44.74,133.00,3.52,0,2,5,14.46,0,835
836,2019,2,23,0821,44.74,133.02,3.52,0,2,5,14.46,0,835
837,2019,2,23,0821,44.74,133.04,3.52,0,2,5,4.83,0,835
838,2019,2,23,0821,44.74,133.62,3.52,0,2,5,3.11,0,852
839,2019,2,23,0821,44.74,133.64,3.52,0,2,5,3.69,0,852
840,2019,2,23,0821,44.74,133.66,3.52,0,2,5,3.69,0,852
841,2019,2,23,0821,44.72,125.18,3.52,0,2,3,1.10,0,841
842,2019,2,23,0821,44.72,125.20,3.52,0,2,3,1.10,0,841
843,2019,2,23,0821,44.72,127.90,3.52,0,2,3,1.51,0,814
844,2019,2,23,0821,44.72,127.92,3.52,0,2,3,1.51,0,814
845,2019,2,23,0821,44.72,132.98,3.52,0,2,5,8.49,0,835
846,2019,2,23,0821,44.72,133.00,3.52,0,2,5,14.46,0,835
847,2019,2,23,0821,44.72,133.02,3.52,0,2,5,14.46,0,835
848,2019,2,23,0821,44.72,133.04,3.52,0,2,5,4.83,0,835
849,2019,2,23,0821,44.72,133.58,3.52,0,2,3,.65,0,849
850,2019,2,23,0821,44.72,133.62,3.52,0,2,5,4.61,0,852
851,2019,2,23,0821,44.72,133.64,3.52,0,2,5,4.61,0,852
852,2019,2,23,0821,44.72,133.66,3.52,0,2,5,8.27,0,852
853,2019,2,23,0821,44.72,133.68,3.52,0,2,3,1.28,0,852
854,2019,2,23,0821,44.70,127.90,3.52,0,2,3,1.51,0,814
855,2019,2,23,0821,44.70,127.92,3.52,0,2,3,1.51,0,814
856,2019,2,23,0821,44.68,132.82,3.52,0,1,3,4.35,0,856
857,2019,2,23,0821,44.68,132.84,3.52,0,1,3,4.35,0,856
858,2019,2,23,0821,44.68,132.86,3.52,0,2,5,3.60,0,856
859,2019,2,23,0821,44.66,126.18,3.53,0,2,3,2.71,0,859
860,2019,2,23,0821,44.66,132.82,3.53,0,1,3,4.35,0,856
861,2019,2,23,0821,44.66,132.84,3.53,0,1,3,4.35,0,856
862,2019,2,23,0821,44.66,132.86,3.53,0,2,5,3.60,0,856
863,2019,2,23,0821,44.64,126.18,3.53,0,2,3,2.71,0,859
864,2019,2,23,0821,44.64,126.20,3.53,0,2,3,2.71,0,859
865,2019,2,23,0821,44.64,132.86,3.53,0,2,3,1.70,0,856
866,2019,2,23,0821,44.62,131.74,3.53,0,1,5,5.47,0,866
867,2019,2,23,0821,44.60,131.74,3.53,0,1,5,5.47,0,866
868,2019,2,23,0821,44.60,135.62,3.53,0,2,5,6.11,0,868
869,2019,2,23,0821,44.60,135.64,3.53,0,2,5,2.56,0,868
870,2019,2,23,0821,44.60,135.66,3.53,0,2,5,2.56,0,868
871,2019,2,23,0821,44.58,131.74,3.53,0,2,5,4.02,0,866
872,2019,2,23,0821,44.58,131.76,3.53,0,2,5,2.03,0,866
873,2019,2,23,0821,44.58,131.78,3.53,0,2,5,2.03,0,866
874,2019,2,23,0821,44.56,126.30,3.53,0,2,3,2.54,0,877
875,2019,2,23,0821,44.56,131.64,3.53,0,2,3,1.20,0,875
876,2019,2,23,0821,44.56,131.66,3.53,0,2,3,.78,0,875
877,2019,2,23,0821,44.54,126.30,3.53,0,2,5,4.39,0,877
878,2019,2,23,0821,44.54,131.64,3.53,0,2,3,1.20,0,875
879,2019,2,23,0821,44.54,131.66,3.53,0,2,3,.78,0,875
880,2019,2,23,0821,44.54,131.68,3.53,0,2,3,.78,0,875
881,2019,2,23,0821,44.52,126.30,3.53,0,2,5,4.39,0,877
882,2019,2,23,0821,44.52,126.32,3.53,0,2,5,4.39,0,877
883,2019,2,23,0821,44.52,131.64,3.53,0,2,1,.68,0,875
884,2019,2,23,0821,44.50,132.24,3.54,0,2,5,28.57,0,884
885,2019,2,23,0821,44.50,132.26,3.54,0,3,5,6.56,0,884
886,2019,2,23,0821,44.50,132.28,3.54,0,3,5,6.56,0,884
887,2019,2,23,0821,44.50,132.62,3.54,0,2,5,5.90,0,887
888,2019,2,23,0821,44.48,132.24,3.54,0,2,5,8.97,0,884
889,2019,2,23,0821,44.48,132.26,3.54,0,2,3,1.89,0,884
890,2019,2,23,0821,44.48,132.28,3.54,0,2,3,1.89,0,884
891,2019,2,23,0821,44.48,132.62,3.54,0,2,3,2.02,0,887
892,2019,2,23,0821,44.46,124.34,3.54,0,2,3,4.59,0,894
893,2019,2,23,0821,44.46,124.36,3.54,0,2,3,4.59,0,894
894,2019,2,23,0821,44.46,124.38,3.54,0,2,5,5.53,0,894
895,2019,2,23,0821,44.46,131.78,3.54,0,1,5,11.89,0,912
896,2019,2,23,0821,44.46,131.80,3.54,0,1,5,11.89,0,912
897,2019,2,23,0821,44.46,132.24,3.54,0,2,5,8.97,0,884
898,2019,2,23,0821,44.46,132.26,3.54,0,2,3,1.89,0,884
899,2019,2,23,0821,44.46,132.28,3.54,0,2,3,1.89,0,884
900,2019,2,23,0821,44.46,132.62,3.54,0,2,3,2.02,0,887
901,2019,2,23,0821,44.44,124.36,3.54,0,2,3,4.59,0,894
902,2019,2,23,0821,44.44,124.38,3.54,0,2,5,5.53,0,894
903,2019,2,23,0821,44.44,131.80,3.54,0,1,5,11.89,0,912
904,2019,2,23,0821,44.44,132.54,3.54,0,2,5,8.25,0,904
905,2019,2,23,0821,44.44,132.56,3.54,0,2,5,5.34,0,904
906,2019,2,23,0821,44.44,132.58,3.54,0,2,5,5.34,0,904
907,2019,2,23,0821,44.42,131.80,3.54,0,2,5,29.59,0,912
908,2019,2,23,0821,44.42,131.82,3.54,0,3,5,13.23,0,912
909,2019,2,23,0821,44.42,131.96,3.54,0,2,5,4.58,0,915
910,2019,2,23,0821,44.42,131.98,3.54,0,2,5,2.92,0,915
911,2019,2,23,0821,44.42,132.56,3.54,0,2,1,1.44,0,904
912,2019,2,23,0821,44.40,131.80,3.54,0,1,5,30.51,0,912
913,2019,2,23,0821,44.40,131.82,3.54,0,2,5,7.82,0,912
914,2019,2,23,0821,44.40,131.84,3.54,0,2,5,7.82,0,912
915,2019,2,23,0821,44.40,131.96,3.54,0,2,5,7.31,0,915
916,2019,2,23,0821,44.40,132.56,3.54,0,2,1,1.44,0,904
917,2019,2,23,0821,44.38,131.80,3.54,0,1,5,30.51,0,912
918,2019,2,23,0821,44.38,131.82,3.54,0,2,5,7.82,0,912
919,2019,2,23,0821,44.38,131.84,3.54,0,2,5,7.82,0,912
920,2019,2,23,0821,44.38,131.96,3.54,0,2,5,7.31,0,915
921,2019,2,23,0821,44.34,133.42,3.54,0,2,5,3.87,0,921
922,2019,2,23,0821,44.32,133.42,3.55,0,2,5,3.87,0,921
923,2019,2,23,0821,44.30,133.34,3.55,0,2,3,1.19,0,930
924,2019,2,23,0821,44.30,133.36,3.55,0,2,3,1.01,0,930
925,2019,2,23,0821,44.30,133.42,3.55,0,2,3,1.63,0,921
926,2019,2,23,0821,44.28,126.50,3.55,0,2,3,.99,0,926
927,2019,2,23,0821,44.28,126.52,3.55,0,2,3,.99,0,926
928,2019,2,23,0821,44.28,126.78,3.55,0,2,5,3.01,0,928
929,2019,2,23,0821,44.28,126.80,3.55,0,2,5,3.01,0,928
930,2019,2,23,0821,44.28,133.34,3.55,0,3,5,1.48,0,930
931,2019,2,23,0821,44.28,133.42,3.55,0,2,3,2.20,0,921
932,2019,2,23,0821,44.28,133.44,3.55,0,2,5,2.24,0,921
933,2019,2,23,0821,44.28,133.46,3.55,0,2,5,2.24,0,921
934,2019,2,23,0821,44.26,126.78,3.55,0,2,5,3.01,0,928
935,2019,2,23,0821,44.26,126.80,3.55,0,2,5,3.01,0,928
936,2019,2,23,0821,44.26,133.34,3.55,0,3,5,1.48,0,930
937,2019,2,23,0821,44.26,133.42,3.55,0,2,3,2.20,0,921
938,2019,2,23,0821,44.26,133.44,3.55,0,2,5,2.24,0,921
939,2019,2,23,0821,44.26,133.46,3.55,0,2,5,2.24,0,921
940,2019,2,23,0821,44.18,127.06,3.55,0,2,5,3.89,0,940
941,2019,2,23,0821,44.18,132.12,3.55,0,2,3,1.91,0,973
942,2019,2,23,0821,44.18,132.14,3.55,0,2,3,1.91,0,973
943,2019,2,23,0821,44.16,127.06,3.56,0,2,5,3.89,0,940
944,2019,2,23,0821,44.16,132.14,3.56,0,2,3,1.91,0,973
945,2019,2,23,0821,44.14,132.10,3.56,0,2,5,4.81,0,973
946,2019,2,23,0821,44.14,132.12,3.56,0,2,5,4.81,0,973
947,2019,2,23,0821,44.14,132.14,3.56,0,2,5,5.06,0,973
948,2019,2,23,0821,44.12,127.50,3.56,0,2,3,2.30,0,948
949,2019,2,23,0821,44.12,127.52,3.56,0,2,3,2.30,0,948
950,2019,2,23,0821,44.12,131.04,3.56,0,2,3,.90,0,950
951,2019,2,23,0821,44.12,131.06,3.56,0,2,3,.90,0,950
952,2019,2,23,0821,44.12,131.98,3.56,0,2,3,2.94,0,952
953,2019,2,23,0821,44.12,132.12,3.56,0,2,3,2.11,0,973
954,2019,2,23,0821,44.12,132.14,3.56,0,2,5,3.61,0,973
955,2019,2,23,0821,44.12,133.66,3.56,0,2,5,2.23,0,955
956,2019,2,23,0821,44.10,131.04,3.56,0,2,3,.90,0,950
957,2019,2,23,0821,44.10,131.06,3.56,0,2,3,.90,0,950
958,2019,2,23,0821,44.10,131.44,3.56,0,2,5,1.39,0,996
959,2019,2,23,0821,44.10,131.46,3.56,0,2,5,1.39,0,996
960,2019,2,23,0821,44.10,131.48,3.56,0,2,5,3.51,0,996
961,2019,2,23,0821,44.10,131.50,3.56,0,2,3,1.60,0,996
962,2019,2,23,0821,44.10,132.12,3.56,0,2,3,2.11,0,973
963,2019,2,23,0821,44.10,132.14,3.56,0,2,5,3.61,0,973
964,2019,2,23,0821,44.10,133.12,3.56,0,2,3,1.46,0,966
965,2019,2,23,0821,44.10,133.14,3.56,0,2,3,1.46,0,966
966,2019,2,23,0821,44.10,133.16,3.56,0,2,3,1.55,0,966
967,2019,2,23,0821,44.10,133.66,3.56,0,2,5,2.23,0,955
968,2019,2,23,0821,44.08,131.46,3.56,0,2,5,5.04,0,996
969,2019,2,23,0821,44.08,131.48,3.56,0,2,5,6.50,0,996
970,2019,2,23,0821,44.08,131.50,3.56,0,3,5,1.44,0,996
971,2019,2,23,0821,44.08,131.52,3.56,0,3,5,1.44,0,996
972,2019,2,23,0821,44.08,132.12,3.56,0,2,5,6.06,0,973
973,2019,2,23,0821,44.08,132.14,3.56,0,2,5,10.70,0,973
974,2019,2,23,0821,44.08,132.16,3.56,0,2,5,10.70,0,973
975,2019,2,23,0821,44.08,133.12,3.56,0,2,3,1.46,0,966
976,2019,2,23,0821,44.08,133.14,3.56,0,2,3,1.46,0,966
977,2019,2,23,0821,44.08,133.16,3.56,0,2,3,1.55,0,966
978,2019,2,23,0821,44.06,131.46,3.56,0,2,5,5.04,0,996
979,2019,2,23,0821,44.06,131.48,3.56,0,2,5,6.50,0,996
980,2019,2,23,0821,44.06,131.50,3.56,0,3,5,1.44,0,996
981,2019,2,23,0821,44.06,131.52,3.56,0,3,5,1.44,0,996
982,2019,2,23,0821,44.06,131.96,3.56,0,2,3,1.66,0,991
983,2019,2,23,0821,44.06,132.34,3.56,0,2,3,2.80,0,983
984,2019,2,23,0821,44.04,131.40,3.56,0,3,3,.61,0,984
985,2019,2,23,0821,44.04,131.42,3.56,0,3,3,.61,0,984
986,2019,2,23,0821,44.04,131.46,3.56,0,2,3,.99,0,996
987,2019,2,23,0821,44.04,131.48,3.56,0,2,5,7.55,0,996
988,2019,2,23,0821,44.04,131.50,3.56,0,2,5,7.55,0,996
989,2019,2,23,0821,44.04,131.52,3.56,0,2,5,37.83,0,996
990,2019,2,23,0821,44.04,131.54,3.56,0,2,5,6.47,0,996
991,2019,2,23,0821,44.04,131.96,3.56,0,2,3,3.14,0,991
992,2019,2,23,0821,44.04,131.98,3.56,0,2,3,3.14,0,991
993,2019,2,23,0821,44.04,132.34,3.56,0,2,5,2.80,0,983
994,2019,2,23,0821,44.02,131.48,3.56,0,2,5,10.27,0,996
995,2019,2,23,0821,44.02,131.50,3.56,0,2,5,10.27,0,996
996,2019,2,23,0821,44.02,131.52,3.56,0,2,5,79.99,0,996
997,2019,2,23,0821,44.02,131.54,3.56,0,2,5,31.21,0,996
998,2019,2,23,0821,44.02,131.56,3.56,0,1,3,6.65,0,996
999,2019,2,23,0821,44.02,131.58,3.56,0,1,3,6.65,0,996
1000,2019,2,23,0821,44.02,131.96,3.56,0,2,5,3.14,0,991
1001,2019,2,23,0821,44.02,131.98,3.56,0,2,5,3.14,0,991
1002,2019,2,23,0821,44.02,132.28,3.56,0,2,5,6.03,0,1010
1003,2019,2,23,0821,44.02,132.30,3.56,0,2,5,6.03,0,1010
1004,2019,2,23,0821,44.02,132.32,3.56,0,2,5,3.79,0,1010
1005,2019,2,23,0821,44.00,131.50,3.57,0,2,5,10.27,0,996
1006,2019,2,23,0821,44.00,131.52,3.57,0,2,5,79.98,0,996
1007,2019,2,23,0821,44.00,131.54,3.57,0,2,5,31.17,0,996
1008,2019,2,23,0821,44.00,131.56,3.57,0,2,5,31.17,0,996
1009,2019,2,23,0821,44.00,131.58,3.57,0,1,3,6.64,0,996
1010,2019,2,23,0821,44.00,132.30,3.57,0,2,5,64.80,0,1010
1011,2019,2,23,0821,44.00,132.32,3.57,0,2,5,28.81,0,1010
1012,2019,2,23,0821,44.00,132.38,3.57,0,2,5,6.17,0,1044
1013,2019,2,23,0821,44.00,132.40,3.57,0,2,3,2.52,0,1044
1014,2019,2,23,0821,43.98,124.50,3.57,0,2,1,.79,0,1014
1015,2019,2,23,0821,43.98,131.36,3.57,0,2,3,.72,0,1027
1016,2019,2,23,0821,43.98,131.50,3.57,0,2,5,2.18,0,996
1017,2019,2,23,0821,43.98,131.52,3.57,0,2,5,14.86,0,996
1018,2019,2,23,0821,43.98,131.54,3.57,0,2,5,28.50,0,996
1019,2019,2,23,0821,43.98,131.56,3.57,0,2,5,28.50,0,996
1020,2019,2,23,0821,43.98,131.58,3.57,0,3,5,3.64,0,996
1021,2019,2,23,0821,43.98,132.30,3.57,0,2,5,64.80,0,1010
1022,2019,2,23,0821,43.98,132.32,3.57,0,2,5,28.81,0,1010
1023,2019,2,23,0821,43.98,132.38,3.57,0,2,5,6.17,0,1044
1024,2019,2,23,0821,43.98,132.40,3.57,0,2,3,2.52,0,1044
1025,2019,2,23,0821,43.98,132.58,3.57,0,2,5,1.31,0,1025
1026,2019,2,23,0821,43.98,132.60,3.57,0,2,3,1.31,0,1025
1027,2019,2,23,0821,43.96,131.36,3.57,0,2,5,1.83,0,1027
1028,2019,2,23,0821,43.96,131.38,3.57,0,2,5,1.83,0,1027
1029,2019,2,23,0821,43.96,131.40,3.57,0,2,3,1.42,0,1027
1030,2019,2,23,0821,43.96,131.56,3.57,0,1,5,5.71,0,996
1031,2019,2,23,0821,43.96,132.30,3.57,0,2,5,6.98,0,1010
1032,2019,2,23,0821,43.96,132.32,3.57,0,2,5,5.11,0,1010
1033,2019,2,23,0821,43.96,132.34,3.57,0,2,5,5.11,0,1010
1034,2019,2,23,0821,43.96,132.38,3.57,0,2,5,15.10,0,1044
1035,2019,2,23,0821,43.96,132.40,3.57,0,3,5,7.71,0,1044
1036,2019,2,23,0821,43.96,132.42,3.57,0,3,5,7.71,0,1044
1037,2019,2,23,0821,43.94,125.92,3.57,0,2,5,4.71,0,1037
1038,2019,2,23,0821,43.94,125.94,3.57,0,2,3,1.59,0,1037
1039,2019,2,23,0821,43.94,125.96,3.57,0,2,3,1.59,0,1037
1040,2019,2,23,0821,43.94,131.36,3.57,0,2,5,1.83,0,1027
1041,2019,2,23,0821,43.94,131.38,3.57,0,2,5,1.83,0,1027
1042,2019,2,23,0821,43.94,131.40,3.57,0,2,3,1.42,0,1027
1043,2019,2,23,0821,43.94,131.56,3.57,0,1,5,5.71,0,996
1044,2019,2,23,0821,43.94,132.38,3.57,0,2,5,23.44,0,1044
1045,2019,2,23,0821,43.94,132.40,3.57,0,2,5,15.65,0,1044
1046,2019,2,23,0821,43.94,132.42,3.57,0,2,5,15.65,0,1044
1047,2019,2,23,0821,43.92,125.92,3.57,0,2,3,1.17,0,1037
1048,2019,2,23,0821,43.92,125.94,3.57,0,2,3,1.17,0,1037
1049,2019,2,23,0821,43.92,131.96,3.57,0,2,5,2.87,0,1074
1050,2019,2,23,0821,43.92,131.98,3.57,0,2,5,1.77,0,1074
1051,2019,2,23,0821,43.92,132.00,3.57,0,2,5,1.77,0,1074
1052,2019,2,23,0821,43.92,132.38,3.57,0,2,5,23.44,0,1044
1053,2019,2,23,0821,43.92,132.40,3.57,0,2,5,15.65,0,1044
1054,2019,2,23,0821,43.92,132.42,3.57,0,2,5,15.65,0,1044
1055,2019,2,23,0821,43.90,125.92,3.57,0,2,3,1.17,0,1037
1056,2019,2,23,0821,43.90,125.94,3.57,0,2,3,1.17,0,1037
1057,2019,2,23,0821,43.90,131.32,3.57,0,3,3,.72,0,1082
1058,2019,2,23,0821,43.90,131.34,3.57,0,3,3,.72,0,1082
1059,2019,2,23,0821,43.90,131.36,3.57,0,2,5,3.61,0,1082
1060,2019,2,23,0821,43.90,131.38,3.57,0,2,3,.84,0,1082
1061,2019,2,23,0821,43.90,131.40,3.57,0,2,3,.94,0,1082
1062,2019,2,23,0821,43.90,131.42,3.57,0,2,3,.94,0,1082
1063,2019,2,23,0821,43.90,131.96,3.57,0,2,5,2.87,0,1074
1064,2019,2,23,0821,43.90,131.98,3.57,0,2,5,1.77,0,1074
1065,2019,2,23,0821,43.90,132.00,3.57,0,2,5,1.77,0,1074
1066,2019,2,23,0821,43.90,132.96,3.57,0,3,3,.71,0,1066
1067,2019,2,23,0821,43.90,132.98,3.57,0,3,3,.71,0,1066
1068,2019,2,23,0821,43.88,131.32,3.57,0,3,3,.72,0,1082
1069,2019,2,23,0821,43.88,131.34,3.57,0,3,3,.72,0,1082
1070,2019,2,23,0821,43.88,131.36,3.57,0,2,5,3.61,0,1082
1071,2019,2,23,0821,43.88,131.38,3.57,0,2,3,.84,0,1082
1072,2019,2,23,0821,43.88,131.40,3.57,0,2,3,.94,0,1082
1073,2019,2,23,0821,43.88,131.42,3.57,0,2,3,.94,0,1082
1074,2019,2,23,0821,43.88,131.96,3.57,0,2,5,4.87,0,1074
1075,2019,2,23,0821,43.88,131.98,3.57,0,2,5,4.87,0,1074
1076,2019,2,23,0821,43.88,132.00,3.57,0,2,5,2.43,0,1074
1077,2019,2,23,0821,43.88,132.36,3.57,0,2,5,1.87,0,1077
1078,2019,2,23,0821,43.88,132.38,3.57,0,2,1,.54,0,1077
1079,2019,2,23,0821,43.88,132.40,3.57,0,2,1,.54,0,1077
1080,2019,2,23,0821,43.88,132.98,3.57,0,3,3,.71,0,1066
1081,2019,2,23,0821,43.86,131.34,3.57,0,2,3,1.33,0,1082
1082,2019,2,23,0821,43.86,131.36,3.57,0,2,5,4.07,0,1082
1083,2019,2,23,0821,43.86,131.38,3.57,0,2,5,2.13,0,1082
1084,2019,2,23,0821,43.86,131.40,3.57,0,2,5,2.13,0,1082
1085,2019,2,23,0821,43.86,131.42,3.57,0,2,3,1.10,0,1082
1086,2019,2,23,0821,43.86,131.96,3.57,0,2,3,1.75,0,1074
1087,2019,2,23,0821,43.86,131.98,3.57,0,2,3,1.75,0,1074
1088,2019,2,23,0821,43.86,132.36,3.57,0,2,5,1.87,0,1077
1089,2019,2,23,0821,43.86,132.38,3.57,0,2,5,1.87,0,1077
1090,2019,2,23,0821,43.84,131.52,3.58,0,2,5,4.13,0,1090
1091,2019,2,23,0821,43.84,131.54,3.58,0,2,5,3.56,0,1090
1092,2019,2,23,0821,43.84,131.56,3.58,0,2,5,3.56,0,1090
1093,2019,2,23,0821,43.84,131.98,3.58,0,2,3,1.75,0,1074
1094,2019,2,23,0821,43.82,131.52,3.58,0,2,5,4.13,0,1090
1095,2019,2,23,0821,43.82,131.54,3.58,0,2,5,4.13,0,1090
1096,2019,2,23,0821,43.82,131.56,3.58,0,2,5,3.56,0,1090
1097,2019,2,23,0821,43.80,124.08,3.58,0,2,1,1.39,0,1106
1098,2019,2,23,0821,43.80,124.10,3.58,0,2,1,1.39,0,1106
1099,2019,2,23,0821,43.80,131.52,3.58,0,2,5,2.43,0,1090
1100,2019,2,23,0821,43.80,131.54,3.58,0,2,5,2.43,0,1090
1101,2019,2,23,0821,43.80,131.56,3.58,0,2,5,2.16,0,1090
1102,2019,2,23,0821,43.80,131.68,3.58,0,2,5,2.17,0,1117
1103,2019,2,23,0821,43.80,131.70,3.58,0,2,5,2.17,0,1117
1104,2019,2,23,0821,43.80,131.72,3.58,0,2,5,1.81,0,1117
1105,2019,2,23,0821,43.80,131.88,3.58,0,2,3,.83,0,1113
1106,2019,2,23,0821,43.78,124.10,3.58,0,2,3,2.24,0,1106
1107,2019,2,23,0821,43.78,131.70,3.58,0,2,5,2.17,0,1117
1108,2019,2,23,0821,43.78,131.72,3.58,0,2,5,1.81,0,1117
1109,2019,2,23,0821,43.78,131.88,3.58,0,2,3,.83,0,1113
1110,2019,2,23,0821,43.76,124.10,3.58,0,2,3,2.24,0,1106
1111,2019,2,23,0821,43.76,131.70,3.58,0,2,5,14.83,0,1117
1112,2019,2,23,0821,43.76,131.72,3.58,0,2,5,16.83,0,1117
1113,2019,2,23,0821,43.76,131.88,3.58,0,2,3,2.20,0,1113
1114,2019,2,23,0821,43.76,131.90,3.58,0,2,1,.95,0,1113
1115,2019,2,23,0821,43.76,131.92,3.58,0,2,1,.95,0,1113
1116,2019,2,23,0821,43.74,131.70,3.58,0,2,5,11.82,0,1117
1117,2019,2,23,0821,43.74,131.72,3.58,0,2,5,17.77,0,1117
1118,2019,2,23,0821,43.74,132.02,3.58,0,2,5,3.39,0,1144
1119,2019,2,23,0821,43.72,131.70,3.58,0,2,5,11.82,0,1117
1120,2019,2,23,0821,43.72,131.72,3.58,0,2,5,17.77,0,1117
1121,2019,2,23,0821,43.72,131.74,3.58,0,2,5,17.74,0,1117
1122,2019,2,23,0821,43.72,132.02,3.58,0,2,5,3.39,0,1144
1123,2019,2,23,0821,43.70,125.24,3.58,0,2,1,.87,0,1123
1124,2019,2,23,0821,43.70,125.26,3.58,0,2,3,.87,0,1123
1125,2019,2,23,0821,43.70,132.02,3.58,0,2,3,2.20,0,1144
1126,2019,2,23,0821,43.68,123.68,3.58,0,2,3,2.57,0,1128
1127,2019,2,23,0821,43.68,123.70,3.58,0,2,3,2.57,0,1128
1128,2019,2,23,0821,43.68,123.72,3.58,0,2,3,3.47,0,1128
1129,2019,2,23,0821,43.68,125.26,3.58,0,2,3,.87,0,1123
1130,2019,2,23,0821,43.68,132.00,3.58,0,2,3,2.28,0,1144
1131,2019,2,23,0821,43.68,132.02,3.58,0,2,5,2.06,0,1144
1132,2019,2,23,0821,43.68,132.04,3.58,0,2,5,2.06,0,1144
1133,2019,2,23,0821,43.66,123.70,3.59,0,2,3,2.57,0,1128
1134,2019,2,23,0821,43.66,123.72,3.59,0,2,3,3.47,0,1128
1135,2019,2,23,0821,43.66,128.22,3.59,0,2,5,10.22,0,1136
1136,2019,2,23,0821,43.66,128.24,3.59,0,2,5,10.29,0,1136
1137,2019,2,23,0821,43.66,128.26,3.59,0,2,5,10.29,0,1136
1138,2019,2,23,0821,43.66,132.00,3.59,0,2,3,2.28,0,1144
1139,2019,2,23,0821,43.66,132.02,3.59,0,2,5,2.06,0,1144
1140,2019,2,23,0821,43.66,132.04,3.59,0,2,5,2.06,0,1144
1141,2019,2,23,0821,43.64,128.22,3.59,0,2,5,10.22,0,1136
1142,2019,2,23,0821,43.64,128.24,3.59,0,2,5,10.29,0,1136
1143,2019,2,23,0821,43.64,128.26,3.59,0,2,5,10.28,0,1136
1144,2019,2,23,0821,43.64,132.00,3.59,0,2,5,3.48,0,1144
1145,2019,2,23,0821,43.64,132.02,3.59,0,2,5,3.48,0,1144
1146,2019,2,23,0821,43.64,132.04,3.59,0,2,5,2.33,0,1144
1147,2019,2,23,0821,43.62,128.22,3.59,0,2,3,4.95,0,1136
1148,2019,2,23,0821,43.62,128.24,3.59,0,2,3,4.95,0,1136
1149,2019,2,23,0821,43.62,128.26,3.59,0,2,3,4.59,0,1136
1150,2019,2,23,0821,43.60,123.38,3.59,0,2,3,2.05,0,1150
1151,2019,2,23,0821,43.58,123.38,3.59,0,2,3,2.05,0,1150
1152,2019,2,23,0821,43.58,124.32,3.59,0,2,3,1.99,0,1152
1153,2019,2,23,0821,43.58,124.34,3.59,0,2,3,1.99,0,1152
1154,2019,2,23,0821,43.56,131.86,3.59,0,2,3,1.14,0,1154
1155,2019,2,23,0821,43.54,131.86,3.59,0,2,5,1.14,0,1154
1156,2019,2,23,0821,43.50,131.76,3.60,0,2,3,1.14,0,1163
1157,2019,2,23,0821,43.50,131.78,3.60,0,2,3,1.14,0,1163
1158,2019,2,23,0821,43.48,124.72,3.60,0,2,5,4.96,0,1158
1159,2019,2,23,0821,43.48,131.72,3.60,0,2,5,13.30,0,1163
1160,2019,2,23,0821,43.48,131.76,3.60,0,2,3,1.14,0,1163
1161,2019,2,23,0821,43.48,131.78,3.60,0,2,3,1.14,0,1163
1162,2019,2,23,0821,43.46,131.72,3.60,0,2,5,13.30,0,1163
1163,2019,2,23,0821,43.46,131.74,3.60,0,2,5,53.13,0,1163
1164,2019,2,23,0821,43.46,131.76,3.60,0,2,5,53.13,0,1163
1165,2019,2,23,0821,43.46,131.78,3.60,0,2,5,16.90,0,1163
1166,2019,2,23,0821,43.46,131.84,3.60,0,2,5,3.86,0,1166
1167,2019,2,23,0821,43.46,131.86,3.60,0,2,5,3.86,0,1166
1168,2019,2,23,0821,43.46,132.46,3.60,0,2,3,.97,0,1169
1169,2019,2,23,0821,43.46,132.48,3.60,0,2,5,2.75,0,1169
1170,2019,2,23,0821,43.44,123.60,3.60,0,2,3,1.45,0,1178
1171,2019,2,23,0821,43.44,131.72,3.60,0,2,5,23.10,0,1163
1172,2019,2,23,0821,43.44,131.74,3.60,0,2,5,27.00,0,1163
1173,2019,2,23,0821,43.44,131.76,3.60,0,2,5,27.00,0,1163
1174,2019,2,23,0821,43.44,131.78,3.60,0,3,5,2.16,0,1163
1175,2019,2,23,0821,43.44,132.46,3.60,0,2,3,.97,0,1169
1176,2019,2,23,0821,43.44,132.48,3.60,0,2,5,2.75,0,1169
1177,2019,2,23,0821,43.44,132.50,3.60,0,2,5,2.75,0,1169
1178,2019,2,23,0821,43.42,123.60,3.60,0,2,3,2.08,0,1178
1179,2019,2,23,0821,43.42,123.62,3.60,0,2,3,2.08,0,1178
1180,2019,2,23,0821,43.42,131.78,3.60,0,3,3,2.16,0,1163
1181,2019,2,23,0821,43.40,123.60,3.60,0,2,3,2.08,0,1178
1182,2019,2,23,0821,43.40,123.62,3.60,0,2,3,2.08,0,1178
1183,2019,2,23,0821,43.40,132.32,3.60,0,2,1,.83,0,1195
1184,2019,2,23,0821,43.38,131.84,3.60,0,2,3,1.44,0,1196
1185,2019,2,23,0821,43.38,131.96,3.60,0,2,3,1.54,0,1185
1186,2019,2,23,0821,43.38,131.98,3.60,0,2,3,1.54,0,1185
1187,2019,2,23,0821,43.38,132.04,3.60,0,2,3,1.51,0,1187
1188,2019,2,23,0821,43.38,132.06,3.60,0,2,3,1.51,0,1187
1189,2019,2,23,0821,43.38,132.08,3.60,0,2,3,1.50,0,1187
1190,2019,2,23,0821,43.38,132.32,3.60,0,2,1,.83,0,1195
1191,2019,2,23,0821,43.36,131.84,3.60,0,2,3,1.44,0,1196
1192,2019,2,23,0821,43.36,131.98,3.60,0,2,3,1.54,0,1185
1193,2019,2,23,0821,43.36,132.06,3.60,0,2,3,1.51,0,1187
1194,2019,2,23,0821,43.36,132.08,3.60,0,2,3,1.50,0,1187
1195,2019,2,23,0821,43.36,132.32,3.60,0,2,3,1.19,0,1195
1196,2019,2,23,0821,43.34,131.82,3.60,0,2,5,6.11,0,1196
1197,2019,2,23,0821,43.34,131.84,3.60,0,2,5,3.10,0,1196
1198,2019,2,23,0821,43.34,131.98,3.60,0,2,3,1.34,0,1185
1199,2019,2,23,0821,43.32,124.40,3.61,0,2,3,1.63,0,1199
1200,2019,2,23,0821,43.32,124.42,3.61,0,2,3,1.63,0,1199
1201,2019,2,23,0821,43.30,124.42,3.61,0,2,3,1.63,0,1199
1202,2019,2,23,0821,43.30,131.64,3.61,0,2,5,6.81,0,1202
1203,2019,2,23,0821,43.28,131.64,3.61,0,2,5,6.81,0,1202
1204,2019,2,23,0821,43.24,132.44,3.61,0,2,5,3.96,0,1204
1205,2019,2,23,0821,43.22,132.44,3.61,0,2,5,2.15,0,1204
1206,2019,2,23,0821,43.20,132.44,3.61,0,2,5,2.15,0,1204
1207,2019,2,23,0821,43.04,131.36,3.62,0,2,5,6.08,0,1209
1208,2019,2,23,0821,43.04,131.38,3.62,0,2,5,6.08,0,1209
1209,2019,2,23,0821,43.04,131.40,3.62,0,2,5,21.04,0,1209
1210,2019,2,23,0821,43.02,131.38,3.62,0,2,5,6.08,0,1209
1211,2019,2,23,0821,43.02,131.40,3.62,0,2,5,21.04,0,1209
1212,2019,2,23,0821,43.00,131.38,3.63,0,2,5,2.91,0,1209
1213,2019,2,23,0821,43.00,131.40,3.63,0,2,5,9.59,0,1209
1214,2019,2,23,0821,42.94,132.72,3.63,0,3,1,.53,0,1215
1215,2019,2,23,0821,42.92,132.72,3.63,0,3,3,.73,0,1215
1216,2019,2,23,0821,42.90,132.72,3.63,0,3,3,.68,0,1215
1217,2019,2,23,0821,42.70,123.84,3.64,0,2,3,2.05,0,1217
1218,2019,2,23,0821,42.70,123.94,3.64,0,2,3,1.10,0,1218
1219,2019,2,23,0821,42.70,123.96,3.64,0,2,3,1.10,0,1218
1220,2019,2,23,0821,42.68,123.84,3.64,0,2,3,2.05,0,1217
1221,2019,2,23,0821,42.68,123.94,3.64,0,2,3,1.10,0,1218
1222,2019,2,23,0821,42.68,123.96,3.64,0,2,3,1.10,0,1218
1223,2019,2,23,0821,42.46,125.72,3.66,0,2,3,.83,0,1223
1224,2019,2,23,0821,42.44,125.72,3.66,0,2,3,.83,0,1223
1225,2019,2,23,0821,42.34,140.98,3.66,0,2,1,3.19,0,1225
1226,2019,2,23,0821,42.34,141.00,3.66,0,2,1,3.19,0,1225
1227,2019,2,23,0821,42.24,123.04,3.67,0,2,3,7.14,0,1229
1228,2019,2,23,0821,42.24,123.06,3.67,0,2,3,5.16,0,1229
1229,2019,2,23,0821,42.22,123.04,3.67,0,2,5,15.10,0,1229
1230,2019,2,23,0821,42.22,123.06,3.67,0,2,5,11.11,0,1229
1231,2019,2,23,0821,42.22,123.08,3.67,0,2,5,11.11,0,1229
1232,2019,2,23,0821,42.20,123.04,3.67,0,2,5,15.10,0,1229
1233,2019,2,23,0821,42.20,123.06,3.67,0,2,5,15.10,0,1229
1234,2019,2,23,0821,42.20,123.08,3.67,0,2,5,11.11,0,1229
1235,2019,2,23,0821,42.10,119.34,3.68,0,1,3,5.20,0,1235
1236,2019,2,23,0821,42.08,119.34,3.68,0,1,3,5.20,0,1235
1237,2019,2,23,0821,42.08,119.36,3.68,0,1,3,5.20,0,1235
1238,2019,2,23,0821,41.58,122.46,3.71,0,2,3,1.58,0,1238
1239,2019,2,23,0821,41.58,122.48,3.71,0,2,1,1.58,0,1238
1240,2019,2,23,0821,41.34,123.00,3.72,0,2,3,2.84,0,1246
1241,2019,2,23,0821,41.34,123.02,3.72,0,2,5,4.78,0,1246
1242,2019,2,23,0821,41.34,123.04,3.72,0,2,5,4.78,0,1246
1243,2019,2,23,0821,41.32,123.00,3.72,0,2,3,2.84,0,1246
1244,2019,2,23,0821,41.32,123.02,3.72,0,2,3,2.84,0,1246
1245,2019,2,23,0821,41.32,123.04,3.72,0,2,5,4.78,0,1246
1246,2019,2,23,0821,41.30,123.02,3.72,0,1,1,6.27,0,1246
1247,2019,2,23,0821,41.30,123.04,3.72,0,2,3,4.83,0,1246
1248,2019,2,23,0821,41.22,123.62,3.73,0,2,1,2.35,0,1248
1249,2019,2,23,0821,41.04,121.90,3.74,0,2,5,16.96,0,1270
1250,2019,2,23,0821,41.04,121.92,3.74,0,2,5,12.64,0,1270
1251,2019,2,23,0821,41.02,121.88,3.74,0,2,5,8.99,0,1270
1252,2019,2,23,0821,41.02,121.90,3.74,0,2,5,25.33,0,1270
1253,2019,2,23,0821,41.02,121.92,3.74,0,2,5,13.02,0,1270
1254,2019,2,23,0821,41.02,121.94,3.74,0,2,5,13.02,0,1270
1255,2019,2,23,0821,41.00,121.88,3.74,0,2,5,8.99,0,1270
1256,2019,2,23,0821,41.00,121.90,3.74,0,2,5,25.33,0,1270
1257,2019,2,23,0821,41.00,121.92,3.74,0,2,5,25.33,0,1270
1258,2019,2,23,0821,41.00,121.94,3.74,0,2,5,13.02,0,1270
1259,2019,2,23,0821,40.98,121.86,3.74,0,2,5,14.93,0,1270
1260,2019,2,23,0821,40.98,121.88,3.74,0,2,5,37.86,0,1270
1261,2019,2,23,0821,40.98,121.90,3.74,0,2,5,37.86,0,1270
1262,2019,2,23,0821,40.98,121.92,3.74,0,2,5,54.74,0,1270
1263,2019,2,23,0821,40.98,121.94,3.74,0,2,5,21.21,0,1270
1264,2019,2,23,0821,40.96,121.40,3.74,0,2,3,1.42,0,1264
1265,2019,2,23,0821,40.96,121.42,3.74,0,2,3,1.42,0,1264
1266,2019,2,23,0821,40.96,121.84,3.74,0,2,3,2.72,0,1270
1267,2019,2,23,0821,40.96,121.86,3.74,0,2,5,11.83,0,1270
1268,2019,2,23,0821,40.96,121.88,3.74,0,2,5,11.83,0,1270
1269,2019,2,23,0821,40.96,121.90,3.74,0,2,5,35.48,0,1270
1270,2019,2,23,0821,40.96,121.92,3.74,0,2,5,114.00,0,1270
1271,2019,2,23,0821,40.96,121.94,3.74,0,2,5,76.26,0,1270
1272,2019,2,23,0821,40.96,121.96,3.74,0,2,5,76.25,0,1270
1273,2019,2,23,0821,40.94,121.42,3.74,0,2,3,1.42,0,1264
1274,2019,2,23,0821,40.94,121.84,3.74,0,3,5,4.58,0,1270
1275,2019,2,23,0821,40.94,121.86,3.74,0,3,5,4.58,0,1270
1276,2019,2,23,0821,40.94,121.88,3.74,0,2,5,10.94,0,1270
1277,2019,2,23,0821,40.94,121.90,3.74,0,2,5,14.67,0,1270
1278,2019,2,23,0821,40.94,121.92,3.74,0,3,5,9.61,0,1270
1279,2019,2,23,0821,40.94,121.94,3.74,0,3,5,9.61,0,1270
1280,2019,2,23,0821,40.94,121.96,3.74,0,2,5,76.25,0,1270
1281,2019,2,23,0821,40.92,121.86,3.75,0,3,5,4.58,0,1270
1282,2019,2,23,0821,40.92,121.88,3.75,0,2,5,10.94,0,1270
1283,2019,2,23,0821,40.92,121.90,3.75,0,2,5,14.65,0,1270
1284,2019,2,23,0821,40.92,121.92,3.75,0,2,5,14.65,0,1270
1285,2019,2,23,0821,40.92,121.94,3.75,0,3,5,9.61,0,1270
1286,2019,2,23,0821,40.92,121.96,3.75,0,3,5,4.37,0,1270
1287,2019,2,23,0821,40.90,121.86,3.75,0,3,5,3.64,0,1270
1288,2019,2,23,0821,40.90,121.88,3.75,0,2,5,3.28,0,1270
1289,2019,2,23,0821,40.90,121.90,3.75,0,2,5,3.28,0,1270
1290,2019,2,23,0821,40.86,122.40,3.75,0,2,3,1.85,0,1290
1291,2019,2,23,0821,40.86,122.42,3.75,0,2,3,1.85,0,1290
1292,2019,2,23,0821,40.84,122.42,3.75,0,2,3,1.85,0,1290
1293,2019,2,23,0821,40.82,122.52,3.75,0,2,1,1.53,0,1293
1294,2019,2,23,0821,40.82,122.54,3.75,0,2,1,1.53,0,1293
1295,2019,2,23,0821,40.40,110.84,3.77,0,3,1,1.64,0,1295
1296,2019,2,23,0821,40.06,123.68,3.79,0,2,3,1.12,0,1296
1297,2019,2,23,0821,40.04,123.70,3.79,0,2,3,1.47,0,1297
1298,2019,2,23,0821,39.96,124.02,3.80,0,2,3,1.33,0,1298
1299,2019,2,23,0821,39.88,123.24,3.80,0,2,3,1.50,0,1299
1300,2019,2,23,0821,39.88,123.48,3.80,0,2,1,1.06,0,1301
1301,2019,2,23,0821,39.88,123.50,3.80,0,2,3,1.70,0,1301
1302,2019,2,23,0821,39.86,123.48,3.80,0,2,3,1.06,0,1301
1303,2019,2,23,0821,39.86,123.50,3.80,0,2,3,1.70,0,1301
1304,2019,2,23,0821,39.84,118.74,3.81,0,3,3,1.18,0,1304
1305,2019,2,23,0821,39.78,118.38,3.81,0,2,3,1.58,0,1305
1306,2019,2,23,0821,39.78,118.40,3.81,0,2,3,1.47,0,1305
1307,2019,2,23,0821,39.76,118.40,3.81,0,2,3,1.47,0,1305
1308,2019,2,23,0821,39.52,113.24,3.82,0,2,3,2.34,0,1317
1309,2019,2,23,0821,39.50,113.22,3.82,0,2,3,2.68,0,1317
1310,2019,2,23,0821,39.50,113.24,3.82,0,2,3,2.75,0,1317
1311,2019,2,23,0821,39.48,113.22,3.83,0,2,3,2.68,0,1317
1312,2019,2,23,0821,39.48,113.24,3.83,0,2,3,2.68,0,1317
1313,2019,2,23,0821,39.48,113.26,3.83,0,2,3,2.75,0,1317
1314,2019,2,23,0821,39.48,113.28,3.83,0,2,1,2.04,0,1317
1315,2019,2,23,0821,39.46,113.20,3.83,0,2,3,4.82,0,1317
1316,2019,2,23,0821,39.46,113.22,3.83,0,2,3,4.82,0,1317
1317,2019,2,23,0821,39.46,113.24,3.83,0,2,5,6.70,0,1317
1318,2019,2,23,0821,39.46,113.26,3.83,0,2,3,2.47,0,1317
1319,2019,2,23,0821,39.30,118.60,3.84,0,2,3,3.60,0,1319
1320,2019,2,23,0821,39.28,116.92,3.84,0,2,5,3.88,0,1320
1321,2019,2,23,0821,39.28,116.94,3.84,0,2,5,3.88,0,1320
1322,2019,2,23,0821,39.28,116.96,3.84,0,2,1,1.49,0,1320
1323,2019,2,23,0821,39.28,118.60,3.84,0,2,3,2.21,0,1319
1324,2019,2,23,0821,39.28,118.62,3.84,0,2,3,2.21,0,1319
1325,2019,2,23,0821,38.80,116.88,3.86,0,3,3,1.32,0,1325
1326,2019,2,23,0821,38.68,116.74,3.87,0,2,3,1.52,0,1326
1327,2019,2,23,0821,38.62,112.62,3.87,0,3,3,1.49,0,1330
1328,2019,2,23,0821,38.62,112.64,3.87,0,3,3,1.46,0,1330
1329,2019,2,23,0821,38.62,112.66,3.87,0,3,3,1.46,0,1330
1330,2019,2,23,0821,38.60,112.64,3.87,0,3,3,1.49,0,1330
1331,2019,2,23,0821,38.60,112.66,3.87,0,3,3,1.46,0,1330
1332,2019,2,23,0821,38.54,116.90,3.88,0,3,3,1.05,0,1332
1333,2019,2,23,0821,38.02,117.22,3.90,0,2,3,1.27,0,1333
1334,2019,2,23,0821,38.02,118.22,3.90,0,2,3,2.80,0,1334
1335,2019,2,23,0821,37.80,118.02,3.92,0,2,1,1.25,0,1335
1336,2019,2,23,0821,37.60,117.88,3.93,0,2,3,1.67,0,1336
1337,2019,2,23,0821,37.58,118.78,3.93,0,2,5,8.31,0,1337
1338,2019,2,23,0821,37.56,115.68,3.93,0,2,1,2.23,0,1339
1339,2019,2,23,0821,37.54,115.68,3.93,0,2,1,2.23,0,1339
1340,2019,2,23,0821,37.52,115.70,3.93,0,2,5,4.63,0,1340
1341,2019,2,23,0821,37.52,118.48,3.93,0,2,1,1.36,0,1341
1342,2019,2,23,0821,37.52,118.56,3.93,0,2,5,4.71,0,1342
1343,2019,2,23,0821,37.50,118.56,3.93,0,2,5,4.70,0,1342
1344,2019,2,23,0821,37.50,118.58,3.93,0,2,5,4.70,0,1342
1345,2019,2,23,0821,37.36,118.00,3.94,0,2,3,1.60,0,1345
1346,2019,2,23,0821,37.34,118.34,3.94,0,2,3,2.25,0,1346
1347,2019,2,23,0821,37.10,117.48,3.95,0,2,3,3.04,0,1347
1348,2019,2,23,0821,36.98,121.42,3.96,0,2,3,1.31,0,1348
1349,2019,2,23,0821,36.96,121.42,3.96,0,2,3,1.31,0,1348
1350,2019,2,23,0821,36.82,120.84,3.97,0,3,3,.78,0,1350
1351,2019,2,23,0821,36.74,120.72,3.97,0,2,5,2.26,0,1351
1352,2019,2,23,0821,36.74,120.74,3.97,0,2,5,2.26,0,1351
1353,2019,2,23,0821,36.74,120.76,3.97,0,2,3,1.31,0,1351
1354,2019,2,23,0821,36.46,120.48,3.99,0,2,3,1.38,0,1354
1355,2019,2,23,0821,36.46,120.50,3.99,0,2,3,1.38,0,1354
1356,2019,2,23,0821,36.44,120.50,3.99,0,2,3,1.29,0,1354
1357,2019,2,23,0821,36.42,120.50,3.99,0,2,3,1.35,0,1354
1358,2019,2,23,0821,35.32,127.14,4.04,0,2,3,1.17,0,1358
1359,2019,2,23,0821,35.32,127.16,4.04,0,2,3,1.17,0,1358
1360,2019,2,23,0821,35.30,127.16,4.05,0,2,3,1.17,0,1358
1361,2019,2,23,0821,34.46,133.44,4.09,0,2,1,4.59,0,1361
1362,2019,2,23,0821,34.42,119.84,4.09,0,2,1,3.74,0,1362
1363,2019,2,23,0821,34.40,119.84,4.09,0,2,1,3.74,0,1362
1364,2019,2,23,0821,32.30,110.80,4.19,0,3,1,3.02,2,1364
1365,2019,2,23,0821,32.24,110.10,4.19,0,2,3,1.50,0,1370
1366,2019,2,23,0821,32.24,110.12,4.19,0,3,3,1.75,0,1370
1367,2019,2,23,0821,32.24,110.14,4.19,0,3,3,1.75,0,1370
1368,2019,2,23,0821,32.22,110.10,4.19,0,2,3,1.50,0,1370
1369,2019,2,23,0821,32.22,110.12,4.19,0,2,3,1.50,0,1370
1370,2019,2,23,0821,32.22,110.14,4.19,0,3,3,1.75,0,1370
1371,2019,2,23,0821,27.44,89.50,4.40,0,2,5,22.57,0,1371
1372,2019,2,23,0821,27.44,89.52,4.40,0,2,5,22.57,0,1371
1373,2019,2,23,0821,27.42,89.52,4.40,0,2,3,11.15,0,1371
1374,2019,2,23,0821,27.42,89.54,4.40,0,2,3,11.15,0,1371
1375,2019,2,23,0821,25.88,89.22,4.46,0,3,3,2.90,0,1375
1376,2019,2,23,0821,25.88,89.24,4.46,0,3,3,2.87,0,1375
1377,2019,2,23,0821,25.88,89.26,4.46,0,3,3,2.75,0,1375
1378,2019,2,23,0821,25.88,89.28,4.46,0,3,3,2.75,0,1375
1379,2019,2,23,0821,25.26,95.88,4.48,0,3,3,2.10,0,1380
1380,2019,2,23,0821,25.26,95.90,4.48,0,3,3,2.10,0,1380
1381,2019,2,23,0821,25.12,93.32,4.49,0,2,5,7.13,0,1382
1382,2019,2,23,0821,25.12,93.34,4.49,0,2,5,7.13,0,1382
1383,2019,2,23,0821,24.76,96.74,4.50,0,2,1,6.83,0,1383
1384,2019,2,23,0821,24.16,88.96,4.52,0,3,3,2.39,2,1385
1385,2019,2,23,0821,24.16,88.98,4.52,0,3,3,2.39,2,1385
1386,2019,2,23,0821,23.78,86.34,4.54,0,1,1,15.02,0,1388
1387,2019,2,23,0821,23.78,86.36,4.54,0,1,1,15.07,0,1388
1388,2019,2,23,0821,23.78,86.38,4.54,0,1,1,15.07,0,1388
1389,2019,2,23,0821,22.68,101.10,4.57,0,2,5,17.20,0,1389
1390,2019,2,23,0821,22.68,101.12,4.57,0,2,5,17.20,0,1389
1391,2019,2,23,0821,22.68,101.14,4.57,0,2,5,8.11,0,1389
1392,2019,2,23,0821,22.66,101.12,4.57,0,2,3,9.00,0,1389
1393,2019,2,23,0821,22.66,101.14,4.57,0,2,5,8.11,0,1389
1394,2019,2,23,0821,22.66,101.16,4.57,0,2,5,8.11,0,1389
1395,2019,2,23,0821,22.64,101.12,4.57,0,2,3,9.00,0,1389
1396,2019,2,23,0821,22.64,101.14,4.57,0,2,3,9.00,0,1389
1397,2019,2,23,0821,22.60,93.12,4.58,0,1,3,13.82,0,1398
1398,2019,2,23,0821,22.60,93.14,4.58,0,1,3,13.82,0,1398
1399,2019,2,23,0821,22.38,102.46,4.58,0,2,3,5.97,0,1404
1400,2019,2,23,0821,22.38,102.48,4.58,0,2,3,5.97,0,1404
1401,2019,2,23,0821,22.36,97.04,4.58,0,2,3,9.77,0,1401
1402,2019,2,23,0821,22.36,97.06,4.58,0,3,3,4.47,0,1401
1403,2019,2,23,0821,22.36,97.08,4.58,0,3,3,4.47,0,1401
1404,2019,2,23,0821,22.36,102.48,4.58,0,2,3,7.14,0,1404
1405,2019,2,23,0821,22.20,97.02,4.59,0,2,1,5.19,0,1412
1406,2019,2,23,0821,22.18,96.98,4.59,0,2,1,5.35,0,1412
1407,2019,2,23,0821,22.18,97.00,4.59,0,2,1,5.35,0,1412
1408,2019,2,23,0821,22.18,97.02,4.59,0,2,1,5.19,0,1412
1409,2019,2,23,0821,22.18,97.04,4.59,0,2,1,5.19,0,1412
1410,2019,2,23,0821,22.16,97.00,4.59,0,2,1,5.35,0,1412
1411,2019,2,23,0821,22.16,97.02,4.59,0,2,1,5.35,0,1412
1412,2019,2,23,0821,22.16,97.04,4.59,0,2,3,7.64,0,1412
1413,2019,2,23,0821,22.12,101.60,4.59,0,3,3,2.78,0,1413
1414,2019,2,23,0821,22.02,102.20,4.60,0,2,3,3.78,0,1414
1415,2019,2,23,0821,22.00,102.22,4.60,0,2,3,3.66,0,1415
1416,2019,2,23,0821,21.90,93.94,4.60,0,2,3,5.82,0,1416
1417,2019,2,23,0821,21.88,93.94,4.60,0,2,3,4.38,0,1416
1418,2019,2,23,0821,21.88,93.96,4.60,0,2,3,4.38,0,1416
1419,2019,2,23,0821,21.84,99.56,4.60,0,2,3,5.36,0,1419
1420,2019,2,23,0821,21.84,99.58,4.60,0,2,3,5.36,0,1419
1421,2019,2,23,0821,21.62,103.32,4.61,0,2,3,5.74,0,1421
1422,2019,2,23,0821,21.60,96.92,4.61,0,3,3,4.57,0,1422
1423,2019,2,23,0821,21.52,100.80,4.61,0,2,3,4.51,0,1423
1424,2019,2,23,0821,21.50,100.80,4.61,0,2,1,3.68,0,1423
1425,2019,2,23,0821,21.34,100.22,4.62,0,3,5,9.91,0,1425
1426,2019,2,23,0821,21.32,100.20,4.62,0,2,5,123.74,0,1426
1427,2019,2,23,0821,21.30,100.24,4.62,0,1,3,20.04,0,1427
1428,2019,2,23,0821,21.20,102.88,4.62,0,2,3,5.34,0,1428
1429,2019,2,23,0821,21.20,102.90,4.62,0,2,3,5.34,0,1428
1430,2019,2,23,0821,21.14,103.30,4.62,0,2,3,5.65,0,1430
1431,2019,2,23,0821,21.14,103.32,4.62,0,3,3,4.60,0,1430
1432,2019,2,23,0821,21.06,100.40,4.63,0,2,5,7.85,0,1432
1433,2019,2,23,0821,21.06,103.04,4.63,0,2,5,9.34,0,1433
1434,2019,2,23,0821,21.06,103.06,4.63,0,2,3,9.34,0,1433
1435,2019,2,23,0821,21.04,103.06,4.63,0,3,3,4.80,0,1433
1436,2019,2,23,0821,21.02,103.14,4.63,0,2,5,9.57,0,1436
1437,2019,2,23,0821,21.00,103.14,4.63,0,2,3,9.20,0,1436
1438,2019,2,23,0821,21.00,103.16,4.63,0,2,3,9.20,0,1436
1439,2019,2,23,0821,21.00,103.64,4.63,0,2,5,11.21,0,1439
1440,2019,2,23,0821,21.00,103.66,4.63,0,2,5,11.04,0,1439
1441,2019,2,23,0821,21.00,103.68,4.63,0,2,3,7.04,0,1439
1442,2019,2,23,0821,20.92,103.12,4.63,0,2,5,8.35,0,1442
1443,2019,2,23,0821,20.92,103.14,4.63,0,2,5,8.35,0,1442
1444,2019,2,23,0821,20.74,103.48,4.64,0,2,3,7.13,0,1444
1445,2019,2,23,0821,20.74,103.50,4.64,0,2,3,7.13,0,1444
1446,2019,2,23,0821,20.64,103.38,4.64,0,2,3,9.78,0,1446
1447,2019,2,23,0821,20.64,103.40,4.64,0,2,3,9.78,0,1446
1448,2019,2,23,0821,20.58,99.70,4.64,0,2,3,12.63,0,1448
1449,2019,2,23,0821,20.56,99.22,4.64,0,3,1,1.96,0,1450
1450,2019,2,23,0821,20.56,99.24,4.64,0,3,1,1.96,0,1450
1451,2019,2,23,0821,20.54,99.60,4.64,0,2,5,6.89,0,1451
1452,2019,2,23,0821,20.40,102.98,4.65,0,2,5,8.51,0,1452
1453,2019,2,23,0821,20.40,103.44,4.65,0,2,3,7.21,0,1453
1454,2019,2,23,0821,20.36,101.12,4.65,0,1,3,14.58,0,1456
1455,2019,2,23,0821,20.36,101.14,4.65,0,1,3,14.58,0,1456
1456,2019,2,23,0821,20.34,101.10,4.65,0,1,3,18.91,0,1456
1457,2019,2,23,0821,20.34,101.12,4.65,0,1,3,18.91,0,1456
1458,2019,2,23,0821,20.34,101.14,4.65,0,2,5,11.96,0,1456
1459,2019,2,23,0821,20.32,104.06,4.65,0,2,5,6.86,0,1459
1460,2019,2,23,0821,20.32,104.08,4.65,0,2,5,6.86,0,1459
1461,2019,2,23,0821,20.30,100.52,4.65,0,2,5,5.11,0,1461
1462,2019,2,23,0821,20.30,104.08,4.65,0,2,3,3.78,0,1459
1463,2019,2,23,0821,20.28,100.52,4.65,0,2,5,5.11,0,1461
1464,2019,2,23,0821,20.26,103.30,4.65,0,2,5,21.69,0,1469
1465,2019,2,23,0821,20.26,103.32,4.65,0,2,3,5.02,0,1469
1466,2019,2,23,0821,20.26,103.34,4.65,0,2,3,5.02,0,1469
1467,2019,2,23,0821,20.24,94.50,4.65,0,2,3,10.57,0,1467
1468,2019,2,23,0821,20.24,94.52,4.65,0,2,3,10.57,0,1467
1469,2019,2,23,0821,20.24,103.30,4.65,0,2,5,37.34,0,1469
1470,2019,2,23,0821,20.24,103.32,4.65,0,2,5,37.33,0,1469
1471,2019,2,23,0821,20.24,103.34,4.65,0,2,5,8.07,0,1469
1472,2019,2,23,0821,20.22,94.52,4.65,0,2,3,6.56,0,1467
1473,2019,2,23,0821,20.06,96.94,4.66,0,2,3,11.04,0,1473
1474,2019,2,23,0821,20.06,96.96,4.66,0,2,3,11.04,0,1473
1475,2019,2,23,0821,20.06,101.46,4.66,0,2,1,3.27,0,1475
1476,2019,2,23,0821,20.06,101.48,4.66,0,2,1,3.27,0,1475
1477,2019,2,23,0821,19.96,103.50,4.66,0,2,3,9.40,0,1479
1478,2019,2,23,0821,19.96,103.52,4.66,0,2,3,9.40,0,1479
1479,2019,2,23,0821,19.96,103.54,4.66,0,2,5,19.44,0,1479
1480,2019,2,23,0821,19.94,103.52,4.66,0,2,3,6.25,0,1479
1481,2019,2,23,0821,19.94,103.54,4.66,0,2,5,13.61,0,1479
1482,2019,2,23,0821,19.86,96.06,4.66,0,2,3,13.27,0,1482
1483,2019,2,23,0821,19.86,96.08,4.66,0,2,3,13.26,0,1482
1484,2019,2,23,0821,19.86,97.38,4.66,0,2,3,13.23,0,1484
1485,2019,2,23,0821,19.86,98.52,4.66,0,2,3,6.59,0,1485
1486,2019,2,23,0821,19.86,98.54,4.66,0,3,3,6.32,0,1485
1487,2019,2,23,0821,19.86,98.56,4.66,0,3,3,6.32,0,1485
1488,2019,2,23,0821,19.82,104.40,4.66,0,2,5,10.41,0,1488
1489,2019,2,23,0821,19.82,104.42,4.66,0,2,5,6.94,0,1488
1490,2019,2,23,0821,19.80,104.40,4.66,0,2,3,5.61,0,1488
1491,2019,2,23,0821,19.76,99.28,4.66,0,2,3,7.31,0,1491
1492,2019,2,23,0821,19.66,97.36,4.67,0,2,5,21.20,0,1492
1493,2019,2,23,0821,19.66,97.38,4.67,0,2,5,21.19,0,1492
1494,2019,2,23,0821,19.66,97.40,4.67,0,2,3,8.46,0,1492
1495,2019,2,23,0821,19.66,103.38,4.67,0,2,3,7.98,0,1495
1496,2019,2,23,0821,19.66,103.40,4.67,0,2,3,7.98,0,1495
1497,2019,2,23,0821,19.54,103.90,4.67,0,2,3,7.00,0,1497
1498,2019,2,23,0821,19.52,95.54,4.67,0,2,5,12.35,0,1498
1499,2019,2,23,0821,19.52,96.34,4.67,0,3,3,4.40,0,1501
1500,2019,2,23,0821,19.52,96.36,4.67,0,3,3,4.40,0,1501
1501,2019,2,23,0821,19.50,96.36,4.67,0,3,3,4.82,0,1501
1502,2019,2,23,0821,19.48,96.38,4.67,0,2,1,4.29,0,1502
1503,2019,2,23,0821,19.40,98.12,4.68,0,2,3,7.50,0,1503
1504,2019,2,23,0821,19.36,94.64,4.68,0,2,3,6.14,0,1506
1505,2019,2,23,0821,19.36,94.66,4.68,0,2,3,6.14,0,1506
1506,2019,2,23,0821,19.34,94.66,4.68,0,2,3,6.58,0,1506
1507,2019,2,23,0821,19.30,101.16,4.68,0,2,3,7.16,0,1507
1508,2019,2,23,0821,19.30,101.18,4.68,0,2,3,7.16,0,1507
1509,2019,2,23,0821,19.28,94.04,4.68,0,3,3,3.96,0,1510
1510,2019,2,23,0821,19.28,94.06,4.68,0,3,3,3.96,0,1510
1511,2019,2,23,0821,19.22,98.34,4.68,0,3,3,4.73,0,1511
1512,2019,2,23,0821,19.22,98.36,4.68,0,3,3,4.73,0,1511
1513,2019,2,23,0821,19.22,102.62,4.68,0,2,1,3.41,0,1515
1514,2019,2,23,0821,19.22,102.64,4.68,0,2,1,3.41,0,1515
1515,2019,2,23,0821,19.20,102.64,4.68,0,2,3,5.64,0,1515
1516,2019,2,23,0821,19.18,101.10,4.68,0,2,5,9.94,0,1520
1517,2019,2,23,0821,19.18,101.16,4.68,0,2,1,7.21,0,1517
1518,2019,2,23,0821,19.18,102.58,4.68,0,2,5,7.14,0,1518
1519,2019,2,23,0821,19.18,102.60,4.68,0,2,5,7.14,0,1518
1520,2019,2,23,0821,19.16,101.10,4.68,0,2,5,42.71,0,1520
1521,2019,2,23,0821,19.16,101.12,4.68,0,2,5,42.71,0,1520
1522,2019,2,23,0821,19.14,101.10,4.68,0,2,3,11.34,0,1520
1523,2019,2,23,0821,19.14,101.12,4.68,0,2,3,11.34,0,1520
1524,2019,2,23,0821,19.14,102.26,4.68,0,2,5,10.75,0,1524
1525,2019,2,23,0821,19.14,102.28,4.68,0,2,5,10.75,0,1524
1526,2019,2,23,0821,19.12,103.92,4.68,0,2,1,3.54,0,1526
1527,2019,2,23,0821,19.08,101.18,4.68,0,2,3,7.14,0,1527
1528,2019,2,23,0821,19.08,101.20,4.68,0,2,3,7.14,0,1527
1529,2019,2,23,0821,19.06,101.36,4.68,0,2,3,6.60,0,1529
1530,2019,2,23,0821,19.06,101.38,4.68,0,2,3,6.60,0,1529
1531,2019,2,23,0821,19.06,103.34,4.68,0,2,3,6.52,0,1534
1532,2019,2,23,0821,19.06,103.36,4.68,0,2,3,6.17,0,1534
1533,2019,2,23,0821,19.06,103.38,4.68,0,2,3,6.16,0,1534
1534,2019,2,23,0821,19.04,103.34,4.69,0,2,3,6.57,0,1534
1535,2019,2,23,0821,19.04,103.36,4.69,0,2,3,6.57,0,1534
1536,2019,2,23,0821,19.04,103.38,4.69,0,3,3,6.40,0,1534
1537,2019,2,23,0821,19.00,103.38,4.69,0,2,3,4.74,0,1537
1538,2019,2,23,0821,19.00,103.40,4.69,0,2,3,4.74,0,1537
1539,2019,2,23,0821,19.00,103.46,4.69,0,2,3,6.51,0,1539
1540,2019,2,23,0821,19.00,103.48,4.69,0,2,3,6.51,0,1539
1541,2019,2,23,0821,18.98,97.30,4.69,0,2,3,8.72,0,1541
1542,2019,2,23,0821,18.96,95.12,4.69,0,2,1,8.50,0,1542
1543,2019,2,23,0821,18.94,95.14,4.69,0,2,1,8.13,0,1543
1544,2019,2,23,0821,18.92,95.44,4.69,0,2,3,11.71,0,1546
1545,2019,2,23,0821,18.92,95.46,4.69,0,2,3,11.71,0,1546
1546,2019,2,23,0821,18.90,95.44,4.69,0,2,5,25.77,0,1546
1547,2019,2,23,0821,18.90,95.46,4.69,0,2,5,25.77,0,1546
1548,2019,2,23,0821,18.90,95.48,4.69,0,2,3,10.99,0,1546
1549,2019,2,23,0821,18.90,95.50,4.69,0,2,3,10.99,0,1546
1550,2019,2,23,0821,18.90,98.40,4.69,0,2,3,17.60,0,1550
1551,2019,2,23,0821,18.90,98.42,4.69,0,2,3,17.60,0,1550
1552,2019,2,23,0821,18.90,98.44,4.69,0,3,1,5.32,0,1550
1553,2019,2,23,0821,18.88,103.96,4.69,0,2,3,9.07,0,1553
1554,2019,2,23,0821,18.88,103.98,4.69,0,2,3,9.07,0,1553
1555,2019,2,23,0821,18.84,102.14,4.69,0,2,5,15.55,0,1555
1556,2019,2,23,0821,18.84,102.16,4.69,0,2,5,15.55,0,1555
1557,2019,2,23,0821,18.82,102.14,4.69,0,2,3,7.66,0,1555
1558,2019,2,23,0821,18.82,102.16,4.69,0,2,3,7.66,0,1555
1559,2019,2,23,0821,18.80,97.30,4.69,0,2,1,14.37,0,1559
1560,2019,2,23,0826,18.74,80.00,4.69,0,3,3,3.39,0,1560
1561,2019,2,23,0821,18.74,97.48,4.69,0,2,3,9.84,0,1563
1562,2019,2,23,0821,18.74,97.50,4.69,0,2,3,9.84,0,1563
1563,2019,2,23,0821,18.72,97.50,4.69,0,2,3,13.12,0,1563
1564,2019,2,23,0821,18.72,98.32,4.69,0,2,1,4.19,0,1566
1565,2019,2,23,0821,18.72,98.34,4.69,0,2,3,4.19,0,1566
1566,2019,2,23,0821,18.72,98.36,4.69,0,2,3,8.04,0,1566
1567,2019,2,23,0826,18.70,80.12,4.69,0,3,1,4.33,0,1569
1568,2019,2,23,0826,18.70,80.14,4.69,0,3,1,4.34,0,1569
1569,2019,2,23,0826,18.70,80.16,4.69,0,3,1,4.34,0,1569
1570,2019,2,23,0821,18.68,97.32,4.70,0,2,5,26.87,0,1570
1571,2019,2,23,0821,18.68,97.34,4.70,0,2,5,26.87,0,1570
1572,2019,2,23,0821,18.64,101.40,4.70,0,2,1,6.06,0,1572
1573,2019,2,23,0821,18.64,103.60,4.70,0,3,3,6.00,0,1573
1574,2019,2,23,0821,18.64,103.62,4.70,0,3,3,6.00,0,1573
1575,2019,2,23,0821,18.62,103.66,4.70,0,2,3,17.61,0,1575
1576,2019,2,23,0821,18.62,103.68,4.70,0,2,3,17.61,0,1575
1577,2019,2,23,0821,18.62,103.70,4.70,0,2,3,6.69,0,1575
1578,2019,2,23,0821,18.60,103.68,4.70,0,2,5,16.66,0,1575
1579,2019,2,23,0821,18.60,103.70,4.70,0,2,3,12.74,0,1575
1580,2019,2,23,0821,18.46,95.80,4.70,0,2,5,16.13,0,1581
1581,2019,2,23,0821,18.46,95.82,4.70,0,2,5,17.08,0,1581
1582,2019,2,23,0821,18.46,95.84,4.70,0,2,5,17.05,0,1581
1583,2019,2,23,0821,18.38,101.54,4.70,0,2,3,6.89,0,1585
1584,2019,2,23,0821,18.36,101.52,4.70,0,2,3,5.95,0,1585
1585,2019,2,23,0821,18.36,101.54,4.70,0,2,3,12.78,0,1585
1586,2019,2,23,0821,18.36,101.56,4.70,0,2,3,12.78,0,1585
1587,2019,2,23,0821,18.34,104.50,4.70,0,2,3,10.43,0,1587
1588,2019,2,23,0821,18.34,105.02,4.70,0,2,3,9.69,0,1588
1589,2019,2,23,0821,18.34,105.04,4.70,0,2,3,9.69,0,1588
1590,2019,2,23,0821,18.28,94.46,4.71,0,3,3,3.60,0,1590
1591,2019,2,23,0821,18.28,94.48,4.71,0,3,3,3.51,0,1590
1592,2019,2,23,0821,18.24,102.80,4.71,0,2,3,7.12,0,1592
1593,2019,2,23,0821,18.24,102.82,4.71,0,2,3,7.12,0,1592
1594,2019,2,23,0821,18.18,104.66,4.71,0,1,5,48.05,0,1594
1595,2019,2,23,0826,17.68,98.40,4.72,0,2,1,6.62,0,1595
1596,2019,2,23,0826,17.56,98.84,4.73,0,2,3,16.87,0,1596
1597,2019,2,23,0826,17.56,98.86,4.73,0,2,3,11.68,0,1596
1598,2019,2,23,0826,17.56,98.88,4.73,0,2,3,11.68,0,1596
1599,2019,2,23,0826,17.52,104.20,4.73,0,2,3,4.89,0,1599
1600,2019,2,23,0826,17.52,104.22,4.73,0,2,1,4.89,0,1599
1601,2019,2,23,0826,17.42,103.02,4.73,0,3,3,3.14,0,1605
1602,2019,2,23,0826,17.42,103.04,4.73,0,3,3,3.14,0,1605
1603,2019,2,23,0826,17.42,103.06,4.73,0,2,3,3.95,0,1603
1604,2019,2,23,0826,17.42,105.68,4.73,0,2,3,9.95,0,1604
1605,2019,2,23,0826,17.40,103.04,4.73,0,2,3,5.23,0,1605
1606,2019,2,23,0826,17.20,104.26,4.73,0,2,3,7.70,0,1606
1607,2019,2,23,0826,17.20,104.28,4.73,0,2,3,7.70,0,1606
1608,2019,2,23,0826,16.96,103.54,4.74,0,2,5,15.60,0,1608
1609,2019,2,23,0826,16.94,103.54,4.74,0,2,5,8.14,0,1608
1610,2019,2,23,0826,16.92,120.70,4.74,0,3,3,7.01,0,1611
1611,2019,2,23,0826,16.92,120.72,4.74,0,2,1,9.92,0,1611
1612,2019,2,23,0826,16.84,121.32,4.74,0,2,3,7.50,0,1612
1613,2019,2,23,0826,16.62,100.00,4.75,0,2,3,4.86,0,1613
1614,2019,2,23,0826,16.54,105.90,4.75,0,3,3,7.33,0,1614
1615,2019,2,23,0826,16.50,107.42,4.75,0,2,1,2.82,0,1615
1616,2019,2,23,0826,16.48,107.44,4.75,0,2,1,2.97,0,1616
1617,2019,2,23,0826,16.40,102.64,4.75,0,2,1,4.21,0,1617
1618,2019,2,23,0826,16.10,101.62,4.76,0,2,5,22.35,0,1618
1619,2019,2,23,0826,16.10,101.64,4.76,0,2,5,22.33,0,1618
1620,2019,2,23,0826,16.06,97.70,4.76,0,3,3,6.43,0,1625
1621,2019,2,23,0826,16.06,97.74,4.76,0,3,1,5.47,0,1625
1622,2019,2,23,0826,16.06,102.36,4.76,0,2,3,11.77,0,1622
1623,2019,2,23,0826,16.04,95.52,4.76,0,2,3,4.92,0,1623
1624,2019,2,23,0826,16.04,97.70,4.76,0,2,5,15.31,0,1625
1625,2019,2,23,0826,16.04,97.72,4.76,0,2,5,17.27,0,1625
1626,2019,2,23,0826,16.04,97.74,4.76,0,2,5,17.27,0,1625
1627,2019,2,23,0826,16.02,103.84,4.76,0,3,3,9.90,0,1629
1628,2019,2,23,0826,16.02,103.86,4.76,0,3,3,9.90,0,1629
1629,2019,2,23,0826,16.00,103.86,4.76,0,3,5,15.39,0,1629
1630,2019,2,23,0826,15.94,107.58,4.77,0,3,3,4.09,0,1630
1631,2019,2,23,0826,15.58,106.66,4.77,0,3,3,8.98,0,1631
1632,2019,2,23,0826,15.34,97.78,4.78,0,3,3,4.49,0,1632
1633,2019,2,23,0826,15.02,102.92,4.79,0,2,1,11.27,0,1633
1634,2019,2,23,0826,15.02,102.94,4.79,0,2,1,11.27,0,1633
1635,2019,2,23,0826,14.92,99.84,4.79,0,2,3,6.64,0,1635
1636,2019,2,23,0826,14.92,99.86,4.79,0,2,3,6.64,0,1635
1637,2019,2,23,0826,14.78,99.08,4.79,0,2,3,9.89,0,1638
1638,2019,2,23,0826,14.78,99.10,4.79,0,2,3,13.84,0,1638
1639,2019,2,23,0826,14.78,99.12,4.79,0,2,3,13.84,0,1638
1640,2019,2,23,0826,14.56,108.02,4.80,0,2,5,21.93,0,1640
1641,2019,2,23,0826,14.54,108.02,4.80,0,2,3,14.78,0,1640
1642,2019,2,23,0826,14.44,108.08,4.80,0,2,3,9.09,0,1642
1643,2019,2,23,0826,14.44,108.10,4.80,0,2,3,9.09,0,1642
1644,2019,2,23,0826,14.14,107.64,4.81,0,2,3,6.67,0,1644
1645,2019,2,23,0826,13.84,107.16,4.81,0,2,3,14.01,0,1645
1646,2019,2,23,0826,13.80,106.68,4.81,0,2,5,35.86,0,1646
1647,2019,2,23,0826,13.80,106.70,4.81,0,2,5,35.86,0,1646
1648,2019,2,23,0826,13.74,105.68,4.81,0,3,3,8.44,0,1648
1649,2019,2,23,0826,13.70,104.28,4.82,0,2,3,9.46,0,1649
1650,2019,2,23,0826,13.44,106.96,4.82,0,2,3,10.12,0,1650
1651,2019,2,23,0826,13.06,107.00,4.83,0,1,3,15.06,0,1651
1652,2019,2,23,0826,13.06,107.02,4.83,0,1,3,15.06,0,1651
1653,2019,2,23,0826,13.06,107.04,4.83,0,2,3,4.76,0,1651
1654,2019,2,23,0826,13.02,107.14,4.83,0,2,3,7.87,0,1654
1655,2019,2,23,0826,12.78,105.48,4.83,0,2,3,13.93,0,1655
1656,2019,2,23,0826,12.78,105.50,4.83,0,2,3,13.93,0,1655
1657,2019,2,23,0826,12.16,108.10,4.85,0,2,3,8.90,0,1657
1658,2019,2,23,0826,11.78,120.02,4.85,0,3,1,2.37,0,1658
1659,2019,2,23,0826,11.50,107.32,4.86,0,2,1,4.16,0,1662
1660,2019,2,23,0826,11.50,107.34,4.86,0,2,1,4.16,0,1662
1661,2019,2,23,0826,11.50,107.36,4.86,0,3,1,4.07,0,1662
1662,2019,2,23,0826,11.48,107.34,4.86,0,2,3,8.09,0,1662
1663,2019,2,23,0826,11.48,107.36,4.86,0,2,3,5.76,0,1662
1664,2019,2,23,0826,10.96,103.22,4.87,0,2,3,7.44,0,1666
1665,2019,2,23,0826,10.96,103.24,4.87,0,2,1,7.44,0,1666
1666,2019,2,23,0826,10.96,103.26,4.87,0,2,5,9.37,0,1666
1667,2019,2,23,0826,10.88,122.44,4.87,0,1,3,23.41,0,1667
1668,2019,2,23,0826,10.04,105.76,4.88,0,3,1,2.39,0,1669
1669,2019,2,23,0826,10.02,105.76,4.88,0,3,1,2.39,0,1669
1670,2019,2,23,0826,9.94,106.34,4.88,0,3,3,2.63,0,1670
1671,2019,2,23,0826,9.60,105.98,4.89,0,2,1,2.30,0,1671
1672,2019,2,23,0826,6.88,124.80,4.92,0,2,3,6.13,0,1672
1673,2019,2,23,0826,6.06,125.08,4.93,0,2,3,11.53,0,1674
1674,2019,2,23,0826,6.04,125.08,4.93,0,2,5,23.70,0,1674
1675,2019,2,23,0826,6.04,125.10,4.93,0,3,1,7.83,0,1674
1676,2019,2,23,0826,5.38,103.10,4.93,0,3,1,2.31,0,1676
1677,2019,2,23,0826,4.74,103.40,4.94,0,3,1,3.17,0,1677
1678,2019,2,23,0826,4.58,103.44,4.94,0,3,1,4.24,0,1678
1679,2019,2,23,0826,4.56,103.44,4.94,0,3,1,2.88,0,1678
1680,2019,2,23,0826,4.48,97.96,4.94,0,3,1,2.26,0,1680
1681,2019,2,23,0826,4.12,102.06,4.94,0,2,1,4.09,0,1681
1682,2019,2,23,0826,4.12,102.10,4.94,0,2,1,8.26,0,1682
1683,2019,2,23,0826,1.84,101.70,4.95,0,2,1,4.43,0,1683
1684,2019,2,23,0826,1.74,101.58,4.95,0,2,1,8.14,0,1684
1685,2019,2,23,0826,1.74,101.60,4.95,0,2,1,7.30,0,1684
1686,2019,2,23,0826,1.48,104.24,4.95,0,2,1,66.41,0,1688
1687,2019,2,23,0826,1.48,104.26,4.95,0,2,1,17.59,0,1688
1688,2019,2,23,0826,1.46,104.24,4.95,0,2,1,96.57,0,1688
1689,2019,2,23,0826,1.46,104.26,4.95,0,2,1,22.29,0,1688
1690,2019,2,23,0826,1.38,102.42,4.96,0,2,1,3.93,0,1690
1691,2019,2,23,0826,1.38,102.44,4.96,0,2,1,3.93,0,1690
1692,2019,2,23,0826,.76,117.06,4.96,0,2,3,12.02,0,1692
1693,2019,2,23,0826,.72,102.84,4.96,0,2,1,27.32,0,1693
1694,2019,2,23,0826,.72,102.86,4.96,0,2,1,14.15,0,1693
1695,2019,2,23,0826,.70,102.84,4.96,0,2,1,18.16,0,1693
1696,2019,2,23,0826,.70,102.86,4.96,0,2,1,11.86,0,1693
1697,2019,2,23,0826,.16,117.36,4.96,0,3,3,3.13,0,1697
1698,2019,2,23,0826,.14,117.36,4.96,0,3,1,2.79,0,1697
1699,2019,2,23,0826,.10,117.34,4.96,0,3,3,3.33,0,1699
1700,2019,2,23,0826,.10,117.46,4.96,0,2,3,3.62,0,1700
1701,2019,2,23,0826,.04,101.84,4.96,0,3,1,2.46,0,1701
1702,2019,2,23,0826,-2.04,111.76,4.95,0,3,1,1.76,0,1702
1703,2019,2,23,0826,-2.04,111.78,4.95,0,3,1,1.76,0,1702
1704,2019,2,23,0826,-2.06,111.78,4.95,0,3,1,1.72,0,1702
1705,2019,2,23,0826,-2.06,111.80,4.95,0,3,1,1.72,0,1702
1706,2019,2,23,0826,-2.08,111.82,4.95,0,3,1,1.61,0,1707
1707,2019,2,23,0826,-2.08,111.84,4.95,0,3,1,1.96,0,1707
1708,2019,2,23,0826,-13.26,132.84,4.82,0,2,3,7.79,0,1708
1709,2019,2,23,0826,-13.46,132.56,4.82,0,2,3,3.69,0,1709
1710,2019,2,23,0826,-14.90,130.22,4.79,0,2,3,14.45,0,1713
1711,2019,2,23,0826,-14.92,130.18,4.79,0,2,3,16.59,0,1713
1712,2019,2,23,0826,-14.92,130.20,4.79,0,3,1,15.37,0,1713
1713,2019,2,23,0826,-14.92,130.22,4.79,0,2,5,35.11,0,1713
1714,2019,2,23,0826,-14.94,130.18,4.79,0,2,5,27.72,0,1713
1715,2019,2,23,0826,-14.94,130.20,4.79,0,3,1,10.65,0,1713
1716,2019,2,23,0826,-14.96,130.14,4.79,0,2,5,68.66,0,1716
1717,2019,2,23,0826,-14.96,130.16,4.79,0,2,5,32.12,0,1716
1718,2019,2,23,0826,-14.98,130.14,4.79,0,2,5,19.52,0,1716
1719,2019,2,23,0826,-14.98,130.16,4.79,0,3,5,12.01,0,1716
1720,2019,2,23,0826,-15.04,130.26,4.79,0,2,3,10.00,0,1720
1721,2019,2,23,0826,-15.54,130.64,4.78,0,2,3,4.12,0,1722
1722,2019,2,23,0826,-15.54,130.66,4.78,0,2,3,4.19,0,1722
1723,2019,2,23,0826,-16.24,136.08,4.76,0,2,5,6.52,0,1723
1724,2019,2,23,0826,-16.34,132.88,4.76,0,2,5,11.70,0,1724
1725,2019,2,23,0826,-16.36,132.88,4.76,0,2,3,9.45,0,1724
1726,2019,2,23,0826,-16.36,132.90,4.76,0,2,1,5.99,0,1724
1727,2019,2,23,0826,-16.44,124.74,4.75,0,2,1,3.67,0,1727
1728,2019,2,23,0826,-16.58,137.54,4.75,0,2,3,7.67,0,1729
1729,2019,2,23,0826,-16.60,137.54,4.75,0,2,5,13.69,0,1729
1730,2019,2,23,0826,-16.64,137.58,4.75,0,2,3,8.84,0,1730
1731,2019,2,23,0826,-16.66,130.30,4.75,0,2,3,9.04,0,1731
1732,2019,2,23,0826,-16.72,137.22,4.75,0,2,3,4.80,0,1732
1733,2019,2,23,0826,-16.76,137.50,4.75,0,2,3,11.46,0,1734
1734,2019,2,23,0826,-16.76,137.52,4.75,0,2,5,11.48,0,1734
1735,2019,2,23,0826,-16.78,137.32,4.75,0,2,1,5.24,0,1735
1736,2019,2,23,0826,-16.78,137.52,4.75,0,2,3,9.79,0,1734
1737,2019,2,23,0826,-16.80,137.26,4.75,0,2,5,26.49,0,1737
1738,2019,2,23,0826,-16.80,137.28,4.75,0,2,5,6.93,0,1737
1739,2019,2,23,0826,-16.82,137.26,4.74,0,2,5,24.94,0,1737
1740,2019,2,23,0826,-16.82,137.28,4.74,0,2,5,6.10,0,1737
1741,2019,2,23,0826,-17.74,127.24,4.72,0,2,1,2.12,0,1741
1742,2019,2,23,0826,-18.68,127.50,4.70,0,3,5,8.45,0,1742
1743,2019,2,23,0826,-18.70,127.50,4.69,0,2,1,6.57,0,1742
1744,2019,2,23,0826,-19.54,169.44,4.67,0,2,1,9.45,0,1744
1745,2019,2,23,0826,-19.90,123.62,4.66,0,2,1,5.63,0,1745
1746,2019,2,23,0826,-19.98,129.78,4.66,0,2,3,7.52,0,1751
1747,2019,2,23,0826,-20.00,129.76,4.66,0,2,5,12.53,0,1751
1748,2019,2,23,0826,-20.00,129.78,4.66,0,2,5,28.63,0,1751
1749,2019,2,23,0826,-20.00,129.80,4.66,0,2,5,17.50,0,1751
1750,2019,2,23,0826,-20.02,129.72,4.66,0,2,5,5.83,0,1750
1751,2019,2,23,0826,-20.02,129.76,4.66,0,2,5,30.24,0,1751
1752,2019,2,23,0826,-20.02,129.78,4.66,0,2,5,17.02,0,1751
1753,2019,2,23,0826,-20.02,129.82,4.66,0,1,3,13.09,0,1753
1754,2019,2,23,0826,-20.04,129.82,4.66,0,2,5,8.47,0,1753
1755,2019,2,23,0826,-20.30,128.54,4.65,0,2,3,2.55,0,1755
1756,2019,2,23,0826,-20.48,119.96,4.64,0,2,1,10.43,0,1756
1757,2019,2,23,0826,-20.50,119.98,4.64,0,2,3,7.29,0,1757
1758,2019,2,23,0826,-20.52,119.98,4.64,0,3,1,6.08,0,1757
1759,2019,2,23,0826,-20.54,119.96,4.64,0,2,1,6.76,0,1759
1760,2019,2,23,0826,-21.22,126.90,4.62,0,2,5,18.89,0,1760
1761,2019,2,23,0826,-21.22,126.92,4.62,0,2,5,16.61,0,1760
1762,2019,2,23,0826,-21.24,126.90,4.62,0,2,5,11.15,0,1760
1763,2019,2,23,0826,-21.24,126.92,4.62,0,2,5,17.56,0,1760
1764,2019,2,23,0826,-21.24,126.94,4.62,0,2,5,10.29,0,1760
1765,2019,2,23,0826,-21.26,126.88,4.62,0,1,3,17.01,0,1765
1766,2019,2,23,0826,-21.26,126.96,4.62,0,2,3,4.20,0,1766
1767,2019,2,23,0826,-21.28,126.86,4.62,0,2,5,9.80,0,1765
1768,2019,2,23,0826,-21.28,126.88,4.62,0,2,5,9.80,0,1765
1769,2019,2,23,0826,-21.30,126.84,4.62,0,2,3,10.64,0,1765
1770,2019,2,23,0826,-21.30,126.86,4.62,0,2,5,12.91,0,1765
1771,2019,2,23,0826,-21.30,126.88,4.62,0,2,3,5.30,0,1765
1772,2019,2,23,0826,-21.46,116.56,4.61,0,2,5,30.03,0,1781
1773,2019,2,23,0826,-21.46,116.58,4.61,0,2,5,30.03,0,1781
1774,2019,2,23,0826,-21.46,116.60,4.61,0,2,5,31.78,0,1781
1775,2019,2,23,0826,-21.48,116.56,4.61,0,1,5,148.74,0,1781
1776,2019,2,23,0826,-21.48,116.58,4.61,0,2,5,46.62,0,1781
1777,2019,2,23,0826,-21.48,131.24,4.61,0,2,1,4.55,0,1777
1778,2019,2,23,0826,-21.50,116.58,4.61,0,2,5,130.66,0,1781
1779,2019,2,23,0826,-21.52,116.54,4.61,0,2,3,12.32,0,1781
1780,2019,2,23,0826,-21.52,116.56,4.61,0,2,5,194.71,0,1781
1781,2019,2,23,0826,-21.52,116.58,4.61,0,2,5,216.62,0,1781
1782,2019,2,23,0826,-21.52,117.98,4.61,0,2,3,19.46,0,1782
1783,2019,2,23,0826,-21.54,116.56,4.61,0,2,5,32.39,0,1781
1784,2019,2,23,0826,-21.54,116.58,4.61,0,2,5,49.63,0,1781
1785,2019,2,23,0826,-21.54,117.98,4.61,0,2,1,16.67,0,1782
1786,2019,2,23,0826,-21.64,126.96,4.61,0,3,3,6.62,0,1787
1787,2019,2,23,0826,-21.64,126.98,4.61,0,2,5,60.70,0,1787
1788,2019,2,23,0826,-21.64,127.00,4.61,0,2,5,22.61,0,1787
1789,2019,2,23,0826,-21.66,126.92,4.61,0,2,5,7.27,0,1789
1790,2019,2,23,0826,-21.66,126.98,4.61,0,2,5,43.19,0,1787
1791,2019,2,23,0826,-21.66,127.00,4.61,0,2,5,32.38,0,1787
1792,2019,2,23,0826,-21.68,126.94,4.61,0,2,1,3.82,0,1787
1793,2019,2,23,0826,-21.68,126.96,4.61,0,2,3,7.91,0,1787
1794,2019,2,23,0826,-21.68,126.98,4.61,0,2,5,9.74,0,1787
1795,2019,2,23,0826,-21.68,127.00,4.61,0,2,3,9.29,0,1787
1796,2019,2,23,0826,-21.70,127.00,4.61,0,2,5,8.33,0,1787
1797,2019,2,23,0826,-21.70,127.26,4.61,0,2,3,5.51,0,1798
1798,2019,2,23,0826,-21.70,127.28,4.61,0,2,3,8.35,0,1798
1799,2019,2,23,0826,-22.24,115.36,4.59,0,2,3,3.57,0,1799
1800,2019,2,23,0826,-23.16,119.74,4.56,0,2,5,33.00,0,1800
1801,2019,2,23,0826,-24.32,150.26,4.52,0,2,1,5.66,0,1801
1802,2019,2,23,0826,-24.34,150.28,4.52,0,1,3,8.46,0,1802
1803,2019,2,23,0826,-24.36,150.76,4.52,0,2,5,11.31,0,1803
1804,2019,2,23,0826,-24.36,150.78,4.52,0,2,3,2.60,0,1803
1805,2019,2,23,0826,-24.38,150.80,4.51,0,2,3,4.52,0,1805
1806,2019,2,23,0826,-24.38,150.82,4.51,0,2,3,3.17,0,1805
1807,2019,2,23,0826,-24.84,148.90,4.50,0,2,5,10.87,0,1807
1808,2019,2,23,0826,-24.84,148.92,4.50,0,2,5,6.59,0,1807
1809,2019,2,23,0826,-25.02,148.50,4.49,0,2,3,9.00,0,1814
1810,2019,2,23,0826,-25.04,148.50,4.49,0,2,3,9.01,0,1814
1811,2019,2,23,0826,-25.06,148.46,4.49,0,2,3,7.88,0,1814
1812,2019,2,23,0826,-25.06,148.48,4.49,0,2,5,24.65,0,1814
1813,2019,2,23,0826,-25.06,148.50,4.49,0,2,5,13.04,0,1814
1814,2019,2,23,0826,-25.08,148.48,4.49,0,2,5,36.93,0,1814
1815,2019,2,23,0826,-25.08,148.50,4.49,0,2,5,17.66,0,1814
1816,2019,2,23,0826,-25.10,148.48,4.49,0,2,5,25.15,0,1814
1817,2019,2,23,0826,-25.10,148.50,4.49,0,2,5,14.33,0,1814
1818,2019,2,23,0826,-25.12,148.48,4.49,0,1,3,22.00,0,1814
1819,2019,2,23,0826,-25.12,148.50,4.49,0,2,5,12.44,0,1814
1820,2019,2,23,0826,-25.12,148.52,4.49,0,2,5,12.44,0,1814
1821,2019,2,23,0826,-25.12,149.84,4.49,0,2,3,4.08,0,1821
1822,2019,2,23,0826,-25.26,149.20,4.48,0,2,5,5.31,0,1826
1823,2019,2,23,0826,-25.28,149.20,4.48,0,2,5,6.04,0,1826
1824,2019,2,23,0826,-25.28,149.22,4.48,0,2,3,4.47,0,1826
1825,2019,2,23,0826,-25.28,149.26,4.48,0,2,5,6.45,0,1825
1826,2019,2,23,0826,-25.30,149.20,4.48,0,2,5,7.22,0,1826
1827,2019,2,23,0826,-25.30,149.22,4.48,0,2,5,4.58,0,1826
1828,2019,2,23,0826,-25.30,149.24,4.48,0,2,1,2.00,0,1826
1829,2019,2,23,0826,-25.32,149.20,4.48,0,2,3,3.47,0,1826
1830,2019,2,23,0826,-25.36,145.90,4.48,0,2,3,4.30,0,1830
1831,2019,2,23,0826,-25.70,151.76,4.47,0,2,3,1.94,0,1831
1832,2019,2,23,0826,-25.74,116.82,4.46,0,2,3,8.95,0,1832
1833,2019,2,23,0826,-26.12,146.44,4.45,0,2,3,3.48,0,1835
1834,2019,2,23,0826,-26.14,121.56,4.45,0,2,3,43.96,0,1834
1835,2019,2,23,0826,-26.14,146.44,4.45,0,2,5,4.59,0,1835
1836,2019,2,23,0826,-26.16,121.56,4.45,0,2,5,39.28,0,1834
1837,2019,2,23,0826,-26.16,121.58,4.45,0,2,3,21.57,0,1834
1838,2019,2,23,0826,-27.04,122.96,4.41,0,2,5,90.88,0,1839
1839,2019,2,23,0826,-27.06,122.96,4.41,0,2,5,119.48,0,1839
1840,2019,2,23,0826,-27.10,123.82,4.41,0,2,1,26.08,0,1842
1841,2019,2,23,0826,-27.10,123.84,4.41,0,2,5,27.13,0,1842
1842,2019,2,23,0826,-27.12,123.84,4.41,0,2,5,27.23,0,1842
1843,2019,2,23,0826,-27.46,122.18,4.40,0,2,5,41.88,0,1843
1844,2019,2,23,0826,-27.48,122.16,4.40,0,2,5,35.25,0,1844
1845,2019,2,23,0826,-27.50,122.12,4.40,0,2,5,92.70,0,1847
1846,2019,2,23,0826,-27.50,122.14,4.40,0,2,3,23.10,0,1847
1847,2019,2,23,0826,-27.52,122.12,4.40,0,2,5,118.58,0,1847
1848,2019,2,23,0826,-27.52,122.14,4.40,0,2,1,13.45,0,1847
1849,2019,2,23,0826,-28.20,125.16,4.37,0,1,3,25.27,0,1849
1850,2019,2,23,0826,-28.22,125.16,4.37,0,2,3,10.73,0,1849
1851,2019,2,23,0826,-28.22,125.18,4.37,0,2,3,5.11,0,1849
1852,2019,2,23,0826,-28.24,125.06,4.37,0,2,5,58.86,0,1852
1853,2019,2,23,0826,-28.24,125.08,4.37,0,2,5,50.77,0,1852
1854,2019,2,23,0826,-28.24,125.10,4.37,0,2,5,21.89,0,1852
1855,2019,2,23,0826,-28.26,125.06,4.37,0,2,5,17.63,0,1852
1856,2019,2,23,0826,-28.26,125.08,4.37,0,2,5,19.12,0,1852
1857,2019,2,23,0826,-28.28,125.08,4.36,0,2,3,6.44,0,1852
1858,2019,2,23,0826,-28.28,125.12,4.36,0,2,3,6.98,0,1861
1859,2019,2,23,0826,-28.28,125.14,4.36,0,2,3,5.08,0,1861
1860,2019,2,23,0826,-28.30,125.08,4.36,0,2,3,6.44,0,1852
1861,2019,2,23,0826,-28.30,125.12,4.36,0,2,3,6.98,0,1861
1862,2019,2,23,0826,-28.34,125.02,4.36,0,2,5,9.22,0,1864
1863,2019,2,23,0826,-28.34,125.04,4.36,0,2,3,8.69,0,1864
1864,2019,2,23,0826,-28.34,125.06,4.36,0,2,5,33.10,0,1864
1865,2019,2,23,0826,-28.34,125.08,4.36,0,2,5,33.10,0,1864
1866,2019,2,23,0826,-28.34,125.10,4.36,0,2,5,11.22,0,1864
1867,2019,2,23,0826,-28.34,125.12,4.36,0,2,3,9.66,0,1864
1868,2019,2,23,0826,-28.36,125.02,4.36,0,2,3,5.28,0,1864
1869,2019,2,23,0826,-28.36,125.04,4.36,0,2,3,4.71,0,1864
1870,2019,2,23,0826,-28.36,125.06,4.36,0,2,5,31.38,0,1864
1871,2019,2,23,0826,-28.36,125.08,4.36,0,2,5,13.12,0,1864
1872,2019,2,23,0826,-28.36,125.10,4.36,0,2,3,6.77,0,1864
1873,2019,2,23,0826,-28.36,125.12,4.36,0,2,3,6.77,0,1864
1874,2019,2,23,0826,-28.38,150.46,4.36,0,2,5,10.01,0,1875
1875,2019,2,23,0826,-28.38,150.48,4.36,0,2,5,12.56,0,1875
1876,2019,2,23,0826,-28.40,150.46,4.36,0,2,5,8.25,0,1875
1877,2019,2,23,0826,-28.40,150.48,4.36,0,2,5,9.06,0,1875
1878,2019,2,23,0826,-28.56,116.42,4.35,0,3,3,2.45,0,1878
1879,2019,2,23,0826,-28.58,116.42,4.35,0,3,1,2.40,0,1878
1880,2019,2,23,0826,-28.60,124.00,4.35,0,2,3,16.96,0,1880
1881,2019,2,23,0826,-28.62,124.02,4.35,0,2,3,16.71,0,1882
1882,2019,2,23,0826,-28.64,124.02,4.35,0,2,3,16.74,0,1882
1883,2019,2,23,0826,-28.82,149.56,4.34,0,2,5,4.65,0,1883
1884,2019,2,23,0826,-29.20,123.86,4.33,0,2,5,158.63,0,1884
1885,2019,2,23,0826,-29.20,123.88,4.33,0,2,5,62.65,0,1884
1886,2019,2,23,0826,-29.22,123.86,4.33,0,2,5,144.89,0,1884
1887,2019,2,23,0826,-29.22,123.88,4.33,0,2,5,100.58,0,1884
1888,2019,2,23,0826,-29.40,125.08,4.32,0,2,5,26.78,0,1892
1889,2019,2,23,0826,-29.40,125.10,4.32,0,2,5,50.39,0,1892
1890,2019,2,23,0826,-29.40,125.12,4.32,0,2,5,19.04,0,1892
1891,2019,2,23,0826,-29.42,125.08,4.32,0,2,5,31.82,0,1892
1892,2019,2,23,0826,-29.42,125.10,4.32,0,2,5,66.86,0,1892
1893,2019,2,23,0826,-29.42,125.12,4.32,0,2,5,14.18,0,1892
1894,2019,2,23,0826,-29.48,124.28,4.31,0,2,3,8.17,0,1898
1895,2019,2,23,0826,-29.48,124.30,4.31,0,2,3,13.82,0,1898
1896,2019,2,23,0826,-29.50,124.26,4.31,0,2,3,11.42,0,1898
1897,2019,2,23,0826,-29.50,124.28,4.31,0,2,3,9.81,0,1898
1898,2019,2,23,0826,-29.50,124.30,4.31,0,2,5,22.60,0,1898
1899,2019,2,23,0826,-29.60,123.90,4.31,0,2,5,38.35,0,1899
1900,2019,2,23,0826,-29.60,124.26,4.31,0,2,3,14.26,0,1902
1901,2019,2,23,0826,-29.60,124.28,4.31,0,2,3,15.89,0,1901
1902,2019,2,23,0826,-29.62,124.26,4.31,0,2,3,14.26,0,1902
1903,2019,2,23,0826,-29.64,124.24,4.31,0,2,3,12.95,0,1902
1904,2019,2,23,0826,-29.64,124.26,4.31,0,2,3,12.95,0,1902
1905,2019,2,23,0826,-29.94,148.68,4.30,0,2,3,3.16,0,1905
1906,2019,2,23,0826,-30.28,123.74,4.28,0,2,3,18.27,0,1910
1907,2019,2,23,0826,-30.28,123.76,4.28,0,2,3,32.88,0,1910
1908,2019,2,23,0826,-30.28,123.78,4.28,0,2,5,52.38,0,1910
1909,2019,2,23,0826,-30.30,123.76,4.28,0,2,5,70.48,0,1910
1910,2019,2,23,0826,-30.30,123.78,4.28,0,2,5,74.98,0,1910
1911,2019,2,23,0826,-30.30,123.80,4.28,0,2,3,40.36,0,1910
1912,2019,2,23,0826,-30.32,123.78,4.28,0,2,3,14.78,0,1910
1913,2019,2,23,0826,-30.78,147.06,4.26,0,2,3,2.83,0,1913
1914,2019,2,23,0826,-30.78,147.08,4.26,0,2,3,2.83,0,1913
1915,2019,2,23,0826,-31.58,146.46,4.22,0,2,3,3.66,0,1919
1916,2019,2,23,0826,-31.58,146.48,4.22,0,3,5,6.48,0,1919
1917,2019,2,23,0826,-31.60,146.46,4.22,0,1,5,77.07,0,1919
1918,2019,2,23,0826,-31.60,146.48,4.22,0,2,5,72.50,0,1919
1919,2019,2,23,0826,-31.62,146.46,4.22,0,1,5,77.07,0,1919
1920,2019,2,23,0826,-31.62,146.48,4.22,0,2,5,72.51,0,1919
1921,2019,2,23,0826,-31.64,123.00,4.22,0,2,3,21.91,0,1931
1922,2019,2,23,0826,-31.64,123.02,4.22,0,2,3,21.91,0,1931
1923,2019,2,23,0826,-31.64,123.04,4.22,0,2,3,25.36,0,1931
1924,2019,2,23,0826,-31.64,123.06,4.22,0,2,5,55.04,0,1931
1925,2019,2,23,0826,-31.64,123.08,4.22,0,2,5,49.82,0,1931
1926,2019,2,23,0826,-31.64,146.48,4.22,0,2,5,8.02,0,1919
1927,2019,2,23,0826,-31.66,123.00,4.22,0,2,1,35.87,0,1931
1928,2019,2,23,0826,-31.66,123.02,4.22,0,2,1,15.28,0,1931
1929,2019,2,23,0826,-31.66,123.04,4.22,0,2,1,71.05,0,1931
1930,2019,2,23,0826,-31.66,123.06,4.22,0,2,1,71.05,0,1931
1931,2019,2,23,0826,-31.66,123.08,4.22,0,2,5,90.64,0,1931
1932,2019,2,23,0826,-31.68,123.00,4.22,0,2,1,13.01,0,1931
1933,2019,2,23,0826,-31.68,123.04,4.22,0,2,1,26.43,0,1931
1934,2019,2,23,0826,-31.68,123.06,4.22,0,2,3,28.26,0,1931
1935,2019,2,23,0826,-31.68,123.08,4.22,0,2,3,28.26,0,1931
1936,2019,2,23,0826,-31.70,123.00,4.22,0,2,1,13.02,0,1931
1937,2019,2,23,0826,-31.70,123.04,4.22,0,2,1,26.43,0,1931
1938,2019,2,23,0826,-31.86,123.20,4.21,0,3,3,8.89,0,1949
1939,2019,2,23,0826,-31.86,123.22,4.21,0,2,3,9.92,0,1949
1940,2019,2,23,0826,-31.88,123.18,4.21,0,3,3,8.89,0,1949
1941,2019,2,23,0826,-31.88,123.20,4.21,0,2,3,9.92,0,1949
1942,2019,2,23,0826,-31.88,123.22,4.21,0,2,3,9.92,0,1949
1943,2019,2,23,0826,-31.90,123.16,4.21,0,2,3,19.10,0,1949
1944,2019,2,23,0826,-31.90,123.18,4.21,0,2,1,41.31,0,1949
1945,2019,2,23,0826,-31.90,123.20,4.21,0,2,1,131.40,0,1949
1946,2019,2,23,0826,-31.90,123.22,4.21,0,2,5,75.41,0,1949
1947,2019,2,23,0826,-31.90,123.24,4.21,0,2,5,75.41,0,1949
1948,2019,2,23,0826,-31.92,123.20,4.21,0,2,1,191.84,0,1949
1949,2019,2,23,0826,-31.92,123.22,4.21,0,2,5,213.48,0,1949
1950,2019,2,23,0826,-32.50,121.44,4.18,0,2,3,16.03,0,1950
1951,2019,2,23,0826,-32.56,120.68,4.18,0,2,3,15.48,0,1954
1952,2019,2,23,0826,-32.58,120.68,4.18,0,2,3,15.49,0,1954
1953,2019,2,23,0826,-32.60,120.64,4.18,0,2,3,20.18,0,1954
1954,2019,2,23,0826,-32.60,120.66,4.18,0,2,5,134.57,0,1954
1955,2019,2,23,0826,-32.60,120.68,4.18,0,2,5,134.56,0,1954
1956,2019,2,23,0826,-32.60,120.70,4.18,0,2,5,113.09,0,1954
1957,2019,2,23,0826,-32.60,120.72,4.18,0,2,5,47.70,0,1954
1958,2019,2,23,0826,-32.62,120.66,4.17,0,2,5,22.28,0,1954
1959,2019,2,23,0826,-32.62,120.68,4.17,0,2,5,82.64,0,1954
1960,2019,2,23,0826,-32.62,120.70,4.17,0,2,5,82.64,0,1954
1961,2019,2,23,0826,-32.62,120.72,4.17,0,2,5,47.37,0,1954
1962,2019,2,23,0826,-32.70,120.52,4.17,0,2,5,87.48,0,1962
1963,2019,2,23,0826,-32.70,120.54,4.17,0,2,5,54.68,0,1962
1964,2019,2,23,0826,-32.72,120.52,4.17,0,2,5,65.08,0,1962
1965,2019,2,23,0826,-32.72,120.54,4.17,0,2,5,40.29,0,1962
1966,2019,2,23,0826,-32.72,120.68,4.17,0,2,3,28.85,0,1966
1967,2019,2,23,0826,-32.74,120.96,4.17,0,2,3,12.90,0,1969
1968,2019,2,23,0826,-32.74,120.98,4.17,0,2,1,12.90,0,1969
1969,2019,2,23,0826,-32.76,120.96,4.17,0,2,3,12.90,0,1969
1970,2019,2,23,0826,-32.92,123.42,4.16,0,2,3,48.48,0,1971
1971,2019,2,23,0826,-32.92,123.44,4.16,0,2,5,53.19,0,1971
1972,2019,2,23,0826,-32.94,123.42,4.16,0,2,3,29.25,0,1971
1973,2019,2,23,0826,-32.94,123.44,4.16,0,2,3,34.66,0,1971
1974,2019,2,23,0826,-32.96,123.40,4.16,0,2,3,29.25,0,1971
1975,2019,2,23,0826,-32.96,123.42,4.16,0,2,3,29.25,0,1971
1976,2019,2,23,0826,-37.26,148.22,3.94,0,2,3,6.15,0,1979
1977,2019,2,23,0826,-37.28,148.22,3.94,0,2,3,6.15,0,1979
1978,2019,2,23,0826,-37.30,148.22,3.94,0,2,3,6.66,0,1979
1979,2019,2,23,0826,-37.32,148.22,3.94,0,2,3,7.42,0,1979
1980,2019,2,23,0826,-37.34,148.20,3.94,0,2,5,7.65,0,1981
1981,2019,2,23,0826,-37.36,148.20,3.94,0,2,5,7.65,0,1981
1982,2019,2,23,0826,-37.38,148.20,3.94,0,2,3,6.89,0,1981
1983,2019,2,23,0826,-37.38,148.22,3.94,0,2,3,6.89,0,1981
1984,2019,2,23,0826,-37.96,146.42,3.91,0,2,5,8.43,0,1986
1985,2019,2,23,0826,-37.96,146.44,3.91,0,2,3,3.59,0,1986
1986,2019,2,23,0826,-37.98,146.42,3.91,0,2,5,8.43,0,1986
1987,2019,2,23,0826,-37.98,146.44,3.91,0,2,3,3.59,0,1986
1988,2019,2,23,0826,-38.00,146.42,3.91,0,2,3,4.96,0,1986
1989,2019,2,23,0826,-41.14,146.84,3.73,0,2,1,3.54,0,1989
1990,2019,2,23,0826,-41.42,173.60,3.72,0,1,1,3.53,0,1990
