# 2019  4 15  8 20 UTC  2020  5  1 15 43 UTC
# ID,Year,Month,Day,Time(UTC),Lat,Lon,Area(km^2),Volcano,Level,Reliability,FRP(Wm^-2),QF,Hot(ID)
1,2019,4,15,0821,56.72,161.36,2.72,0,2,1,22.23,0,1
2,2019,4,15,0821,56.72,161.38,2.72,0,2,1,22.23,0,1
3,2019,4,15,0821,56.72,161.40,2.72,0,1,1,14.53,0,1
4,2019,4,15,0821,56.72,161.42,2.72,0,1,1,14.53,0,1
5,2019,4,15,0821,56.70,161.34,2.72,1,2,1,22.23,0,1
6,2019,4,15,0821,56.70,161.36,2.72,1,2,1,22.23,0,1
7,2019,4,15,0821,56.70,161.38,2.72,0,1,1,14.53,0,1
8,2019,4,15,0821,56.70,161.40,2.72,0,1,1,14.53,0,1
9,2019,4,15,0821,56.68,161.32,2.72,1,2,1,22.23,0,1
10,2019,4,15,0821,56.68,161.34,2.72,1,2,1,21.77,0,1
11,2019,4,15,0821,56.68,161.36,2.72,1,2,1,10.64,0,1
12,2019,4,15,0821,56.68,161.38,2.72,0,2,1,10.64,0,1
13,2019,4,15,0821,56.66,161.32,2.72,1,2,1,21.77,0,1
14,2019,4,15,0821,56.66,161.34,2.72,1,2,1,21.77,0,1
15,2019,4,15,0821,56.66,161.36,2.72,1,2,1,10.64,0,1
16,2019,4,15,0821,56.66,161.38,2.72,0,2,1,10.64,0,1
17,2019,4,15,0821,56.64,161.30,2.73,0,2,1,21.77,0,1
18,2019,4,15,0821,56.64,161.32,2.73,0,2,1,21.77,0,1
19,2019,4,15,0821,56.64,161.34,2.73,0,2,1,10.64,0,1
20,2019,4,15,0821,56.64,161.36,2.73,0,2,1,10.64,0,1
21,2019,4,15,0821,51.30,128.48,3.10,0,2,3,9.51,0,21
22,2019,4,15,0821,51.28,128.48,3.10,0,2,3,9.51,0,21
23,2019,4,15,0821,51.28,128.50,3.10,0,2,3,9.51,0,21
24,2019,4,15,0821,50.34,108.60,3.16,0,2,5,11.20,0,41
25,2019,4,15,0821,50.34,108.62,3.16,0,2,5,11.20,0,41
26,2019,4,15,0821,50.34,108.64,3.16,0,2,3,6.74,0,41
27,2019,4,15,0821,50.34,108.66,3.16,0,2,3,6.74,0,41
28,2019,4,15,0821,50.32,108.62,3.16,0,2,5,11.20,0,41
29,2019,4,15,0821,50.32,108.64,3.16,0,2,5,11.20,0,41
30,2019,4,15,0821,50.32,108.66,3.16,0,2,3,6.74,0,41
31,2019,4,15,0821,50.32,108.68,3.16,0,2,3,6.74,0,41
32,2019,4,15,0821,50.30,108.60,3.17,0,2,5,11.75,0,41
33,2019,4,15,0821,50.30,108.62,3.17,0,2,5,11.75,0,41
34,2019,4,15,0821,50.30,108.64,3.17,0,2,5,25.72,0,41
35,2019,4,15,0821,50.30,108.66,3.17,0,2,5,25.54,0,41
36,2019,4,15,0821,50.30,108.68,3.17,0,1,5,44.44,0,41
37,2019,4,15,0821,50.30,108.70,3.17,0,1,5,44.44,0,41
38,2019,4,15,0821,50.28,108.64,3.17,0,2,5,11.75,0,41
39,2019,4,15,0821,50.28,108.66,3.17,0,2,5,25.54,0,41
40,2019,4,15,0821,50.28,108.68,3.17,0,2,5,25.54,0,41
41,2019,4,15,0821,50.28,108.70,3.17,0,1,5,44.44,0,41
42,2019,4,15,0821,50.28,108.72,3.17,0,1,5,44.44,0,41
43,2019,4,15,0821,50.18,114.90,3.17,0,3,3,9.40,0,85
44,2019,4,15,0821,50.18,114.92,3.17,0,3,3,9.39,0,85
45,2019,4,15,0821,50.16,114.92,3.18,0,3,3,9.39,0,85
46,2019,4,15,0821,50.14,114.82,3.18,0,2,5,31.11,0,46
47,2019,4,15,0821,50.14,114.84,3.18,0,2,5,31.11,0,46
48,2019,4,15,0821,50.14,114.86,3.18,0,2,3,8.76,0,46
49,2019,4,15,0821,50.14,114.88,3.18,0,2,3,8.76,0,46
50,2019,4,15,0821,50.14,114.92,3.18,0,3,3,5.45,0,85
51,2019,4,15,0821,50.14,114.94,3.18,0,3,3,5.45,0,85
52,2019,4,15,0821,50.12,114.88,3.18,0,2,3,8.76,0,46
53,2019,4,15,0821,50.12,114.94,3.18,0,3,3,5.45,0,85
54,2019,4,15,0821,50.12,114.96,3.18,0,3,3,5.45,0,85
55,2019,4,15,0821,50.12,136.34,3.18,0,2,5,66.64,0,56
56,2019,4,15,0821,50.12,136.36,3.18,0,2,5,70.88,0,56
57,2019,4,15,0821,50.12,136.38,3.18,0,2,5,70.88,0,56
58,2019,4,15,0821,50.12,136.40,3.18,0,2,5,16.03,0,56
59,2019,4,15,0821,50.10,114.96,3.18,0,3,3,5.71,0,85
60,2019,4,15,0821,50.10,114.98,3.18,0,2,5,25.06,0,85
61,2019,4,15,0821,50.10,115.00,3.18,0,2,5,25.06,0,85
62,2019,4,15,0821,50.10,115.02,3.18,0,2,5,20.97,0,85
63,2019,4,15,0821,50.10,115.04,3.18,0,2,5,20.97,0,85
64,2019,4,15,0821,50.10,115.06,3.18,0,2,3,7.19,0,85
65,2019,4,15,0821,50.10,136.18,3.18,0,2,3,10.31,0,80
66,2019,4,15,0821,50.10,136.20,3.18,0,2,3,10.31,0,80
67,2019,4,15,0821,50.10,136.34,3.18,0,2,5,66.64,0,56
68,2019,4,15,0821,50.10,136.36,3.18,0,2,5,70.87,0,56
69,2019,4,15,0821,50.10,136.38,3.18,0,2,5,70.87,0,56
70,2019,4,15,0821,50.10,136.40,3.18,0,2,5,16.03,0,56
71,2019,4,15,0821,50.08,114.96,3.18,0,3,3,5.71,0,85
72,2019,4,15,0821,50.08,114.98,3.18,0,3,3,5.71,0,85
73,2019,4,15,0821,50.08,115.00,3.18,0,2,5,25.06,0,85
74,2019,4,15,0821,50.08,115.02,3.18,0,2,5,25.06,0,85
75,2019,4,15,0821,50.08,115.04,3.18,0,2,5,20.97,0,85
76,2019,4,15,0821,50.08,115.06,3.18,0,2,3,7.19,0,85
77,2019,4,15,0821,50.08,115.08,3.18,0,2,3,7.19,0,85
78,2019,4,15,0821,50.08,136.18,3.18,0,2,3,10.31,0,80
79,2019,4,15,0821,50.08,136.20,3.18,0,2,3,10.31,0,80
80,2019,4,15,0821,50.08,136.22,3.18,0,2,5,14.89,0,80
81,2019,4,15,0821,50.08,136.34,3.18,0,2,5,60.48,0,56
82,2019,4,15,0821,50.08,136.36,3.18,0,2,5,60.58,0,56
83,2019,4,15,0821,50.08,136.38,3.18,0,2,5,60.58,0,56
84,2019,4,15,0821,50.08,136.40,3.18,0,2,5,11.35,0,56
85,2019,4,15,0821,50.06,115.02,3.18,0,2,5,26.36,0,85
86,2019,4,15,0821,50.06,136.16,3.18,0,2,1,6.34,0,80
87,2019,4,15,0821,50.06,136.18,3.18,0,2,3,9.87,0,80
88,2019,4,15,0821,50.06,136.20,3.18,0,2,3,9.87,0,80
89,2019,4,15,0821,50.06,136.22,3.18,0,2,3,7.67,0,80
90,2019,4,15,0821,50.04,115.02,3.18,0,2,5,26.36,0,85
91,2019,4,15,0821,50.04,115.04,3.18,0,2,5,26.36,0,85
92,2019,4,15,0821,50.04,136.16,3.18,0,2,1,6.34,0,80
93,2019,4,15,0821,50.04,136.18,3.18,0,2,3,6.34,0,80
94,2019,4,15,0821,50.04,136.20,3.18,0,2,3,9.87,0,80
95,2019,4,15,0821,50.04,136.22,3.18,0,2,3,7.67,0,80
96,2019,4,15,0821,50.04,136.24,3.18,0,2,3,7.67,0,80
97,2019,4,15,0821,49.84,135.62,3.20,0,2,5,18.69,0,97
98,2019,4,15,0821,49.84,135.64,3.20,0,2,5,6.46,0,97
99,2019,4,15,0821,49.84,135.66,3.20,0,2,5,6.46,0,97
100,2019,4,15,0821,49.82,135.54,3.20,0,2,3,5.39,0,97
101,2019,4,15,0821,49.82,135.56,3.20,0,2,5,11.07,0,97
102,2019,4,15,0821,49.82,135.58,3.20,0,2,5,10.34,0,97
103,2019,4,15,0821,49.82,135.60,3.20,0,2,5,10.34,0,97
104,2019,4,15,0821,49.82,135.62,3.20,0,2,3,12.14,0,97
105,2019,4,15,0821,49.80,135.54,3.20,0,2,3,5.39,0,97
106,2019,4,15,0821,49.80,135.56,3.20,0,2,5,11.07,0,97
107,2019,4,15,0821,49.80,135.58,3.20,0,2,5,11.07,0,97
108,2019,4,15,0821,49.80,135.60,3.20,0,2,5,10.34,0,97
109,2019,4,15,0821,49.80,135.62,3.20,0,2,3,12.14,0,97
110,2019,4,15,0821,49.80,135.64,3.20,0,2,3,12.14,0,97
111,2019,4,15,0821,49.78,135.54,3.20,0,2,5,17.00,0,97
112,2019,4,15,0821,49.78,135.56,3.20,0,2,5,12.62,0,97
113,2019,4,15,0821,49.78,135.58,3.20,0,2,5,12.62,0,97
114,2019,4,15,0821,49.76,135.54,3.20,0,2,5,17.00,0,97
115,2019,4,15,0821,49.76,135.56,3.20,0,2,5,12.62,0,97
116,2019,4,15,0821,49.76,135.58,3.20,0,2,5,12.62,0,97
117,2019,4,15,0821,49.74,135.42,3.20,0,2,3,4.28,0,117
118,2019,4,15,0821,49.74,135.44,3.20,0,2,3,4.28,0,117
119,2019,4,15,0821,49.74,135.54,3.20,0,2,5,17.05,0,97
120,2019,4,15,0821,49.74,135.56,3.20,0,2,3,5.12,0,97
121,2019,4,15,0821,49.74,135.58,3.20,0,2,3,5.12,0,97
122,2019,4,15,0821,49.72,135.42,3.20,0,2,3,3.93,0,117
123,2019,4,15,0821,49.72,135.44,3.20,0,2,3,4.28,0,117
124,2019,4,15,0821,49.72,135.54,3.20,0,2,5,17.05,0,97
125,2019,4,15,0821,49.72,135.56,3.20,0,2,5,17.05,0,97
126,2019,4,15,0821,49.72,135.58,3.20,0,2,3,5.12,0,97
127,2019,4,15,0821,49.70,135.42,3.21,0,2,3,3.93,0,117
128,2019,4,15,0821,49.70,135.44,3.21,0,2,3,3.93,0,117
129,2019,4,15,0821,49.70,135.64,3.21,0,2,5,15.56,0,129
130,2019,4,15,0821,49.70,135.66,3.21,0,2,5,10.01,0,129
131,2019,4,15,0821,49.70,135.68,3.21,0,2,5,10.01,0,129
132,2019,4,15,0821,49.68,135.64,3.21,0,2,5,9.48,0,129
133,2019,4,15,0821,49.66,135.64,3.21,0,2,5,9.48,0,129
134,2019,4,15,0821,49.52,112.42,3.22,0,2,5,88.27,0,134
135,2019,4,15,0821,49.52,112.44,3.22,0,2,5,48.57,0,134
136,2019,4,15,0821,49.52,112.46,3.22,0,2,5,48.57,0,134
137,2019,4,15,0821,49.50,112.42,3.22,0,2,5,88.27,0,134
138,2019,4,15,0821,49.50,112.44,3.22,0,2,5,88.27,0,134
139,2019,4,15,0821,49.50,112.46,3.22,0,2,5,48.57,0,134
140,2019,4,15,0821,49.50,112.48,3.22,0,2,5,48.56,0,134
141,2019,4,15,0821,49.50,135.46,3.22,0,2,5,100.06,0,141
142,2019,4,15,0821,49.50,135.48,3.22,0,2,1,60.62,0,141
143,2019,4,15,0821,49.50,135.54,3.22,0,2,3,2.63,0,150
144,2019,4,15,0821,49.48,112.44,3.22,0,2,5,49.95,0,134
145,2019,4,15,0821,49.48,112.46,3.22,0,2,5,49.95,0,134
146,2019,4,15,0821,49.48,112.48,3.22,0,2,5,28.04,0,134
147,2019,4,15,0821,49.48,135.46,3.22,0,2,5,100.05,0,141
148,2019,4,15,0821,49.48,135.48,3.22,0,2,1,60.62,0,141
149,2019,4,15,0821,49.48,135.50,3.22,0,2,1,60.62,0,141
150,2019,4,15,0821,49.48,135.54,3.22,0,2,3,2.63,0,150
151,2019,4,15,0821,49.48,135.56,3.22,0,2,3,2.63,0,150
152,2019,4,15,0821,49.46,112.46,3.22,0,2,5,49.95,0,134
153,2019,4,15,0821,49.46,112.48,3.22,0,2,5,28.04,0,134
154,2019,4,15,0821,49.46,112.50,3.22,0,2,5,28.04,0,134
155,2019,4,15,0821,49.46,135.36,3.22,0,2,3,4.12,0,167
156,2019,4,15,0821,49.46,135.38,3.22,0,2,3,4.12,0,167
157,2019,4,15,0821,49.46,135.40,3.22,0,2,5,10.31,0,157
158,2019,4,15,0821,49.46,135.46,3.22,0,2,5,24.12,0,141
159,2019,4,15,0821,49.46,135.48,3.22,0,3,5,17.21,0,141
160,2019,4,15,0821,49.46,135.50,3.22,0,3,5,17.21,0,141
161,2019,4,15,0821,49.44,135.36,3.22,0,2,3,4.12,0,167
162,2019,4,15,0821,49.44,135.38,3.22,0,2,3,4.12,0,167
163,2019,4,15,0821,49.44,135.40,3.22,0,2,5,10.31,0,157
164,2019,4,15,0821,49.44,135.46,3.22,0,2,5,24.08,0,141
165,2019,4,15,0821,49.44,135.48,3.22,0,3,5,17.21,0,141
166,2019,4,15,0821,49.44,135.50,3.22,0,3,5,17.21,0,141
167,2019,4,15,0821,49.42,135.38,3.22,0,2,5,10.32,0,167
168,2019,4,15,0821,49.42,135.44,3.22,0,2,5,11.76,0,141
169,2019,4,15,0821,49.42,135.46,3.22,0,3,1,4.25,0,141
170,2019,4,15,0821,49.42,135.48,3.22,0,3,3,2.15,0,141
171,2019,4,15,0821,49.42,135.50,3.22,0,3,3,2.15,0,141
172,2019,4,15,0821,49.42,135.76,3.22,0,2,3,4.14,0,172
173,2019,4,15,0821,49.40,135.44,3.23,0,2,5,14.32,0,141
174,2019,4,15,0821,49.40,135.46,3.23,0,3,1,4.49,0,141
175,2019,4,15,0821,49.40,135.48,3.23,0,3,1,4.49,0,141
176,2019,4,15,0821,49.40,135.76,3.23,0,2,3,4.14,0,172
177,2019,4,15,0821,49.38,135.44,3.23,0,2,5,14.32,0,141
178,2019,4,15,0821,49.38,135.46,3.23,0,3,1,4.49,0,141
179,2019,4,15,0821,49.38,135.48,3.23,0,3,1,4.49,0,141
180,2019,4,15,0821,49.38,135.70,3.23,0,1,3,21.35,0,180
181,2019,4,15,0821,49.38,135.72,3.23,0,2,3,2.41,0,180
182,2019,4,15,0821,49.38,135.74,3.23,0,2,3,2.41,0,180
183,2019,4,15,0821,49.36,135.24,3.23,0,2,5,18.61,0,188
184,2019,4,15,0821,49.36,135.44,3.23,0,2,5,12.73,0,141
185,2019,4,15,0821,49.36,135.68,3.23,0,2,1,2.36,0,185
186,2019,4,15,0821,49.34,135.24,3.23,0,2,5,18.61,0,188
187,2019,4,15,0821,49.34,135.44,3.23,0,2,5,12.73,0,141
188,2019,4,15,0821,49.32,135.24,3.23,0,1,5,46.71,0,188
189,2019,4,15,0821,49.32,135.38,3.23,0,2,5,5.54,0,189
190,2019,4,15,0821,49.32,135.40,3.23,0,2,5,5.54,0,189
191,2019,4,15,0821,49.32,135.58,3.23,0,2,5,7.00,0,191
192,2019,4,15,0821,49.32,135.60,3.23,0,2,3,7.00,0,191
193,2019,4,15,0821,49.32,135.62,3.23,0,2,3,3.70,0,191
194,2019,4,15,0821,49.30,135.38,3.23,0,2,5,5.54,0,189
195,2019,4,15,0821,49.30,135.40,3.23,0,2,5,5.54,0,189
196,2019,4,15,0821,49.30,135.60,3.23,0,2,3,7.00,0,191
197,2019,4,15,0821,49.30,135.62,3.23,0,2,3,3.70,0,191
198,2019,4,15,0821,49.24,136.54,3.24,0,2,3,9.59,0,198
199,2019,4,15,0821,49.22,136.54,3.24,0,2,3,9.59,0,198
200,2019,4,15,0821,49.20,136.88,3.24,0,2,3,2.33,0,200
201,2019,4,15,0821,49.20,136.90,3.24,0,2,3,2.33,0,200
202,2019,4,15,0821,49.20,136.92,3.24,0,3,3,1.89,0,200
203,2019,4,15,0821,49.18,136.90,3.24,0,2,3,2.33,0,200
204,2019,4,15,0821,49.18,136.92,3.24,0,3,3,1.89,0,200
205,2019,4,15,0821,49.06,106.54,3.25,0,2,5,88.05,0,210
206,2019,4,15,0821,49.06,106.56,3.25,0,2,5,88.05,0,210
207,2019,4,15,0821,49.06,106.60,3.25,0,1,1,23.54,0,207
208,2019,4,15,0821,49.04,106.56,3.25,0,2,5,88.04,0,210
209,2019,4,15,0821,49.04,106.58,3.25,0,2,5,88.04,0,210
210,2019,4,15,0821,49.02,106.58,3.25,0,2,5,92.52,0,210
211,2019,4,15,0821,49.02,106.60,3.25,0,2,5,92.52,0,210
212,2019,4,15,0821,49.02,133.40,3.25,0,1,3,3.24,0,216
213,2019,4,15,0821,49.02,134.72,3.25,0,2,5,6.68,0,222
214,2019,4,15,0821,49.00,106.60,3.25,0,2,5,92.51,0,210
215,2019,4,15,0821,49.00,106.62,3.25,0,2,5,92.51,0,210
216,2019,4,15,0821,49.00,133.40,3.25,0,1,3,3.24,0,216
217,2019,4,15,0821,49.00,133.42,3.25,0,1,3,3.24,0,216
218,2019,4,15,0821,49.00,134.72,3.25,0,2,5,6.68,0,222
219,2019,4,15,0821,48.98,115.22,3.25,0,3,3,1.03,0,225
220,2019,4,15,0821,48.98,133.40,3.25,0,2,3,1.22,0,216
221,2019,4,15,0821,48.98,133.42,3.25,0,2,3,1.22,0,216
222,2019,4,15,0821,48.98,134.72,3.25,0,2,3,9.04,0,222
223,2019,4,15,0821,48.98,134.74,3.25,0,2,3,9.04,0,222
224,2019,4,15,0821,48.96,115.22,3.25,0,3,3,1.04,0,225
225,2019,4,15,0821,48.96,115.24,3.25,0,3,3,1.04,0,225
226,2019,4,15,0821,48.96,133.42,3.25,0,2,3,1.23,0,216
227,2019,4,15,0821,48.96,134.78,3.25,0,2,3,3.72,0,227
228,2019,4,15,0821,48.96,134.80,3.25,0,2,3,3.72,0,227
229,2019,4,15,0821,48.94,134.78,3.26,0,2,3,3.72,0,227
230,2019,4,15,0821,48.94,134.80,3.26,0,2,3,3.72,0,227
231,2019,4,15,0821,48.88,134.82,3.26,0,2,5,8.22,0,246
232,2019,4,15,0821,48.88,134.84,3.26,0,2,5,8.22,0,246
233,2019,4,15,0821,48.88,134.86,3.26,0,3,3,4.44,0,246
234,2019,4,15,0821,48.88,135.50,3.26,0,2,3,3.46,0,240
235,2019,4,15,0821,48.88,135.52,3.26,0,2,3,1.43,0,240
236,2019,4,15,0821,48.88,135.54,3.26,0,2,3,1.43,0,240
237,2019,4,15,0821,48.86,134.82,3.26,0,2,5,8.22,0,246
238,2019,4,15,0821,48.86,134.84,3.26,0,2,5,8.22,0,246
239,2019,4,15,0821,48.86,134.86,3.26,0,3,3,4.44,0,246
240,2019,4,15,0821,48.86,135.50,3.26,0,2,3,3.46,0,240
241,2019,4,15,0821,48.86,135.52,3.26,0,2,3,1.43,0,240
242,2019,4,15,0821,48.86,135.54,3.26,0,2,3,1.43,0,240
243,2019,4,15,0821,48.84,134.74,3.26,0,2,3,4.54,0,243
244,2019,4,15,0821,48.84,134.76,3.26,0,2,3,4.54,0,243
245,2019,4,15,0821,48.84,134.80,3.26,0,2,3,7.80,0,246
246,2019,4,15,0821,48.84,134.82,3.26,0,2,5,24.53,0,246
247,2019,4,15,0821,48.84,134.84,3.26,0,2,5,24.53,0,246
248,2019,4,15,0821,48.84,134.86,3.26,0,2,5,18.16,0,246
249,2019,4,15,0821,48.84,134.88,3.26,0,1,3,17.19,0,246
250,2019,4,15,0821,48.84,134.90,3.26,0,1,3,17.19,0,246
251,2019,4,15,0821,48.82,134.80,3.26,0,2,3,6.10,0,246
252,2019,4,15,0821,48.82,134.82,3.26,0,2,3,6.10,0,246
253,2019,4,15,0821,48.76,134.26,3.27,0,2,5,8.55,0,253
254,2019,4,15,0821,48.76,134.28,3.27,0,2,5,7.12,0,253
255,2019,4,15,0821,48.76,134.30,3.27,0,2,5,7.12,0,253
256,2019,4,15,0821,48.74,133.16,3.27,0,2,3,1.89,0,260
257,2019,4,15,0821,48.74,134.26,3.27,0,2,5,8.55,0,253
258,2019,4,15,0821,48.74,134.28,3.27,0,2,5,8.55,0,253
259,2019,4,15,0821,48.74,134.30,3.27,0,2,5,7.12,0,253
260,2019,4,15,0821,48.72,133.16,3.27,0,2,3,1.89,0,260
261,2019,4,15,0821,48.70,133.20,3.27,0,1,3,4.06,0,261
262,2019,4,15,0821,48.68,134.58,3.27,0,2,5,8.62,0,262
263,2019,4,15,0821,48.68,134.60,3.27,0,2,3,8.62,0,262
264,2019,4,15,0821,48.68,134.62,3.27,0,2,3,7.95,0,262
265,2019,4,15,0821,48.66,134.60,3.27,0,2,3,8.62,0,262
266,2019,4,15,0821,48.66,134.62,3.27,0,2,3,7.95,0,262
267,2019,4,15,0821,48.60,135.24,3.28,0,2,5,4.32,0,267
268,2019,4,15,0821,48.58,135.24,3.28,0,2,5,4.32,0,267
269,2019,4,15,0821,48.36,133.10,3.29,0,2,3,1.53,0,269
270,2019,4,15,0821,48.36,133.12,3.29,0,2,3,1.53,0,269
271,2019,4,15,0821,48.26,135.30,3.30,0,2,3,13.14,0,271
272,2019,4,15,0821,48.26,135.32,3.30,0,2,3,13.14,0,271
273,2019,4,15,0821,48.24,135.30,3.30,0,2,3,13.14,0,271
274,2019,4,15,0821,48.24,135.32,3.30,0,2,3,13.14,0,271
275,2019,4,15,0821,48.22,131.82,3.30,0,2,5,4.71,0,275
276,2019,4,15,0821,48.22,131.84,3.30,0,2,5,4.71,0,275
277,2019,4,15,0821,48.22,135.26,3.30,0,2,3,7.23,0,271
278,2019,4,15,0821,48.22,135.28,3.30,0,2,3,7.27,0,271
279,2019,4,15,0821,48.22,135.30,3.30,0,2,3,7.27,0,271
280,2019,4,15,0821,48.22,135.32,3.30,0,2,5,12.29,0,271
281,2019,4,15,0821,48.18,135.22,3.31,0,2,1,4.06,0,281
282,2019,4,15,0821,47.98,132.22,3.32,0,2,3,1.99,0,284
283,2019,4,15,0821,47.96,132.20,3.32,0,2,3,2.34,0,284
284,2019,4,15,0821,47.96,132.22,3.32,0,2,3,2.37,0,284
285,2019,4,15,0821,47.96,134.80,3.32,0,2,5,7.38,0,285
286,2019,4,15,0821,47.96,134.82,3.32,0,2,5,5.23,0,285
287,2019,4,15,0821,47.96,134.84,3.32,0,2,5,5.23,0,285
288,2019,4,15,0821,47.94,132.20,3.32,0,2,3,2.28,0,284
289,2019,4,15,0821,47.94,132.22,3.32,0,2,3,2.37,0,284
290,2019,4,15,0821,47.94,132.24,3.32,0,2,3,2.37,0,284
291,2019,4,15,0821,47.92,135.28,3.32,0,2,3,1.72,0,291
292,2019,4,15,0821,47.92,135.30,3.32,0,2,3,1.72,0,291
293,2019,4,15,0821,47.86,131.46,3.33,0,2,3,4.35,0,293
294,2019,4,15,0821,47.84,131.46,3.33,0,2,5,4.28,0,293
295,2019,4,15,0821,47.84,131.48,3.33,0,2,5,4.28,0,293
296,2019,4,15,0821,47.82,131.46,3.33,0,2,5,4.28,0,293
297,2019,4,15,0821,47.82,131.48,3.33,0,2,5,4.28,0,293
298,2019,4,15,0821,47.78,131.02,3.33,0,3,3,1.57,0,300
299,2019,4,15,0821,47.76,131.02,3.33,0,3,3,1.57,0,300
300,2019,4,15,0821,47.74,131.02,3.33,0,3,3,2.07,0,300
301,2019,4,15,0821,47.74,131.04,3.33,0,3,3,2.07,0,300
302,2019,4,15,0821,47.74,134.94,3.33,0,1,3,12.46,0,302
303,2019,4,15,0821,47.72,134.94,3.33,0,1,3,12.46,0,302
304,2019,4,15,0821,47.70,134.94,3.34,0,2,3,2.87,0,302
305,2019,4,15,0821,47.70,134.96,3.34,0,2,3,2.87,0,302
306,2019,4,15,0821,47.70,135.14,3.34,0,2,5,5.60,0,306
307,2019,4,15,0821,47.70,135.16,3.34,0,2,5,5.60,0,306
308,2019,4,15,0821,47.68,134.94,3.34,0,2,3,2.87,0,302
309,2019,4,15,0821,47.68,134.96,3.34,0,2,3,2.87,0,302
310,2019,4,15,0821,47.68,135.14,3.34,0,2,5,5.60,0,306
311,2019,4,15,0821,47.68,135.16,3.34,0,2,5,5.60,0,306
312,2019,4,15,0821,47.48,134.44,3.35,0,2,5,12.92,0,312
313,2019,4,15,0821,47.48,134.46,3.35,0,2,5,9.81,0,312
314,2019,4,15,0821,47.48,134.48,3.35,0,2,5,9.81,0,312
315,2019,4,15,0821,47.46,134.44,3.35,0,2,5,12.91,0,312
316,2019,4,15,0821,47.46,134.46,3.35,0,2,5,9.81,0,312
317,2019,4,15,0821,47.46,134.48,3.35,0,2,5,9.81,0,312
318,2019,4,15,0821,46.98,134.28,3.38,0,1,1,11.33,0,319
319,2019,4,15,0821,46.96,134.28,3.38,0,2,5,11.52,0,319
320,2019,4,15,0821,46.96,134.30,3.38,0,3,3,5.30,0,319
321,2019,4,15,0821,46.96,134.32,3.38,0,3,3,5.30,0,319
322,2019,4,15,0821,46.94,133.02,3.38,0,2,3,1.38,0,322
323,2019,4,15,0821,46.94,134.28,3.38,0,2,5,11.52,0,319
324,2019,4,15,0821,46.94,134.30,3.38,0,2,5,11.52,0,319
325,2019,4,15,0821,46.94,134.32,3.38,0,3,3,5.30,0,319
326,2019,4,15,0821,45.78,133.56,3.46,0,2,3,6.05,0,327
327,2019,4,15,0821,45.76,133.54,3.46,0,2,5,7.20,0,327
328,2019,4,15,0821,45.76,133.56,3.46,0,2,5,4.91,0,327
329,2019,4,15,0821,45.74,133.54,3.46,0,2,5,7.20,0,327
330,2019,4,15,0821,45.74,133.56,3.46,0,2,5,4.91,0,327
331,2019,4,15,0821,45.74,133.58,3.46,0,2,5,4.91,0,327
332,2019,4,15,0821,45.50,119.44,3.47,0,2,1,7.81,0,332
333,2019,4,15,0821,45.48,119.44,3.48,0,2,1,7.81,0,332
334,2019,4,15,0821,45.34,134.22,3.48,0,3,3,1.22,0,334
335,2019,4,15,0821,45.34,134.24,3.48,0,3,3,1.08,0,334
336,2019,4,15,0821,45.34,134.26,3.48,0,3,3,1.08,0,334
337,2019,4,15,0821,45.32,122.16,3.49,0,2,3,4.29,0,339
338,2019,4,15,0821,45.32,122.18,3.49,0,2,3,4.29,0,339
339,2019,4,15,0821,45.32,122.20,3.49,0,1,3,11.89,0,339
340,2019,4,15,0821,45.32,134.22,3.49,0,3,3,1.22,0,334
341,2019,4,15,0821,45.32,134.24,3.49,0,3,3,1.01,0,334
342,2019,4,15,0821,45.32,134.26,3.49,0,3,3,1.01,0,334
343,2019,4,15,0821,45.30,122.18,3.49,0,2,3,4.29,0,339
344,2019,4,15,0821,45.30,122.20,3.49,0,1,3,11.89,0,339
345,2019,4,15,0821,45.30,122.22,3.49,0,1,3,11.89,0,339
346,2019,4,15,0821,45.26,130.66,3.49,0,3,3,1.17,0,346
347,2019,4,15,0821,45.24,130.66,3.49,0,3,3,1.17,0,346
348,2019,4,15,0821,45.24,130.68,3.49,0,3,3,1.17,0,346
349,2019,4,15,0821,45.22,130.64,3.49,0,2,3,1.46,0,349
350,2019,4,15,0821,44.60,131.98,3.53,0,2,3,3.50,0,350
351,2019,4,15,0821,44.48,133.52,3.54,0,2,3,2.01,0,351
352,2019,4,15,0821,44.48,133.54,3.54,0,2,3,2.01,0,351
353,2019,4,15,0821,44.48,133.56,3.54,0,2,3,1.89,0,351
354,2019,4,15,0821,44.46,133.44,3.54,0,3,3,1.02,0,362
355,2019,4,15,0821,44.46,133.46,3.54,0,3,1,1.02,0,362
356,2019,4,15,0821,44.46,133.52,3.54,0,2,3,1.87,0,351
357,2019,4,15,0821,44.46,133.54,3.54,0,2,3,1.87,0,351
358,2019,4,15,0821,44.46,133.56,3.54,0,2,3,1.16,0,351
359,2019,4,15,0821,44.44,133.46,3.54,0,3,1,1.02,0,362
360,2019,4,15,0821,44.44,133.54,3.54,0,2,3,1.87,0,351
361,2019,4,15,0821,44.44,133.56,3.54,0,2,3,1.16,0,351
362,2019,4,15,0821,44.42,133.46,3.54,0,3,3,1.15,0,362
363,2019,4,15,0821,44.24,131.90,3.55,0,2,5,2.51,0,363
364,2019,4,15,0821,44.24,131.92,3.55,0,2,5,2.51,0,363
365,2019,4,15,0821,44.24,132.20,3.55,0,2,5,2.46,0,365
366,2019,4,15,0821,44.22,132.20,3.55,0,2,5,2.46,0,365
367,2019,4,15,0821,44.20,132.20,3.55,0,2,5,2.25,0,365
368,2019,4,15,0821,44.20,132.22,3.55,0,2,5,2.25,0,365
369,2019,4,15,0821,44.18,133.84,3.55,0,2,3,1.70,0,369
370,2019,4,15,0821,44.16,133.84,3.56,0,2,3,1.70,0,369
371,2019,4,15,0821,43.94,132.38,3.57,0,3,3,1.48,0,371
372,2019,4,15,0821,43.92,132.38,3.57,0,3,3,1.48,0,371
373,2019,4,15,0821,43.90,132.38,3.57,0,2,3,1.22,0,371
374,2019,4,15,0821,43.90,132.40,3.57,0,2,3,1.22,0,371
375,2019,4,15,0821,43.22,131.14,3.61,0,3,1,.80,0,375
376,2019,4,15,0821,43.20,131.14,3.61,0,3,1,.80,0,375
377,2019,4,15,0821,42.94,132.66,3.63,0,2,5,7.60,0,377
378,2019,4,15,0821,42.94,132.68,3.63,0,2,5,7.60,0,377
379,2019,4,15,0821,42.94,132.70,3.63,0,2,3,4.35,0,377
380,2019,4,15,0821,42.92,132.66,3.63,0,2,3,3.70,0,377
381,2019,4,15,0821,42.92,132.68,3.63,0,2,3,3.70,0,377
382,2019,4,15,0821,42.50,124.36,3.65,0,3,3,1.36,0,382
383,2019,4,15,0821,42.46,119.26,3.66,0,2,1,7.93,0,383
384,2019,4,15,0821,42.46,124.70,3.66,0,2,3,1.94,0,385
385,2019,4,15,0821,42.46,124.72,3.66,0,3,3,2.29,0,385
386,2019,4,15,0821,42.34,125.78,3.66,0,2,3,2.59,0,386
387,2019,4,15,0821,42.32,125.78,3.66,0,2,5,2.59,0,386
388,2019,4,15,0821,42.00,119.64,3.68,0,2,3,6.62,0,389
389,2019,4,15,0821,42.00,119.66,3.68,0,2,5,6.69,0,389
390,2019,4,15,0821,41.98,119.64,3.68,0,2,3,6.62,0,389
391,2019,4,15,0821,41.98,119.66,3.68,0,2,3,6.69,0,389
392,2019,4,15,0821,41.98,119.68,3.68,0,2,3,6.69,0,389
393,2019,4,15,0821,41.60,123.22,3.71,0,2,1,1.62,0,393
394,2019,4,15,0821,41.16,118.88,3.73,0,2,5,113.66,0,397
395,2019,4,15,0821,41.16,118.90,3.73,0,2,5,40.85,0,397
396,2019,4,15,0821,41.16,118.92,3.73,0,2,5,40.85,0,397
397,2019,4,15,0821,41.14,118.90,3.73,0,2,5,116.49,0,397
398,2019,4,15,0821,41.14,118.92,3.73,0,2,5,40.85,0,397
399,2019,4,15,0821,41.12,118.90,3.73,0,2,5,116.49,0,397
400,2019,4,15,0821,41.12,118.92,3.73,0,2,5,42.13,0,397
401,2019,4,15,0821,41.12,118.94,3.73,0,2,5,42.13,0,397
402,2019,4,15,0821,41.06,120.38,3.74,0,2,5,13.63,0,402
403,2019,4,15,0821,41.06,120.40,3.74,0,2,3,2.84,0,402
404,2019,4,15,0821,41.04,120.38,3.74,0,2,5,13.63,0,402
405,2019,4,15,0821,41.04,120.40,3.74,0,2,3,2.84,0,402
406,2019,4,15,0821,41.04,120.42,3.74,0,2,3,2.84,0,402
407,2019,4,15,0821,40.96,120.76,3.74,0,2,5,78.12,0,408
408,2019,4,15,0821,40.96,120.78,3.74,0,2,5,226.01,0,408
409,2019,4,15,0821,40.96,120.80,3.74,0,2,5,226.00,0,408
410,2019,4,15,0821,40.96,120.82,3.74,0,3,5,6.58,0,408
411,2019,4,15,0821,40.94,120.76,3.74,0,2,5,78.12,0,408
412,2019,4,15,0821,40.94,120.78,3.74,0,2,5,78.11,0,408
413,2019,4,15,0821,40.94,120.80,3.74,0,2,5,225.99,0,408
414,2019,4,15,0821,40.94,120.82,3.74,0,3,5,6.58,0,408
415,2019,4,15,0821,40.94,120.84,3.74,0,3,5,6.57,0,408
416,2019,4,15,0821,40.92,120.78,3.75,0,2,5,76.63,0,408
417,2019,4,15,0821,40.92,120.80,3.75,0,2,5,83.74,0,408
418,2019,4,15,0821,40.92,120.82,3.75,0,2,5,83.63,0,408
419,2019,4,15,0821,40.90,120.82,3.75,0,1,3,39.16,0,408
420,2019,4,15,0821,40.88,120.82,3.75,0,1,3,39.16,0,408
421,2019,4,15,0821,40.66,118.96,3.76,0,2,5,16.57,0,423
422,2019,4,15,0821,40.66,118.98,3.76,0,2,5,16.57,0,423
423,2019,4,15,0821,40.66,119.00,3.76,0,2,5,19.05,0,423
424,2019,4,15,0821,40.64,118.98,3.76,0,2,5,16.57,0,423
425,2019,4,15,0821,40.64,119.00,3.76,0,2,5,19.05,0,423
426,2019,4,15,0821,40.64,119.02,3.76,0,2,5,19.05,0,423
427,2019,4,15,0821,40.62,118.98,3.76,0,2,3,4.93,0,423
428,2019,4,15,0821,40.62,119.00,3.76,0,2,3,4.93,0,423
429,2019,4,15,0821,40.62,119.02,3.76,0,2,3,5.93,0,423
430,2019,4,15,0821,39.56,98.46,3.82,0,2,1,8.99,0,430
431,2019,4,15,0821,38.38,125.04,3.89,0,2,5,5.20,0,431
432,2019,4,15,0821,38.36,125.04,3.89,0,2,5,5.20,0,431
433,2019,4,15,0821,38.00,114.12,3.91,0,2,3,4.91,0,433
434,2019,4,15,0821,37.66,116.78,3.92,0,3,1,1.17,0,436
435,2019,4,15,0821,37.66,116.80,3.92,0,3,1,1.17,0,436
436,2019,4,15,0821,37.64,116.80,3.92,0,3,1,1.17,0,436
437,2019,4,15,0821,37.18,116.44,3.95,0,2,3,1.18,0,437
438,2019,4,15,0821,37.18,116.46,3.95,0,2,3,1.18,0,437
439,2019,4,15,0821,37.18,116.82,3.95,0,3,1,1.03,0,440
440,2019,4,15,0821,37.18,116.84,3.95,0,2,1,1.10,0,440
441,2019,4,15,0821,36.88,116.22,3.96,0,3,1,1.07,0,441
442,2019,4,15,0821,36.84,115.72,3.97,0,3,1,1.11,0,442
443,2019,4,15,0821,36.84,115.74,3.97,0,3,1,1.11,0,442
444,2019,4,15,0821,36.62,116.22,3.98,0,3,1,1.47,0,446
445,2019,4,15,0821,36.62,116.24,3.98,0,3,1,1.45,0,446
446,2019,4,15,0821,36.60,116.22,3.98,0,2,1,1.89,0,446
447,2019,4,15,0821,36.60,116.24,3.98,0,3,1,1.69,0,446
448,2019,4,15,0821,36.60,116.26,3.98,0,3,1,1.69,0,446
449,2019,4,15,0821,36.16,100.62,4.00,0,3,5,17.88,0,449
450,2019,4,15,0821,36.12,115.78,4.00,0,3,1,1.22,0,451
451,2019,4,15,0821,36.10,115.78,4.00,0,3,3,1.22,0,451
452,2019,4,15,0821,35.84,114.12,4.02,0,2,3,6.53,0,452
453,2019,4,15,0821,35.72,116.48,4.02,0,3,1,1.09,0,453
454,2019,4,15,0821,35.54,115.52,4.03,0,3,3,.97,0,454
455,2019,4,15,0821,35.34,139.86,4.04,0,2,1,2.64,0,455
456,2019,4,15,0821,35.34,139.88,4.04,0,2,1,2.64,0,455
457,2019,4,15,0821,35.30,115.08,4.05,0,3,1,.92,0,458
458,2019,4,15,0821,35.30,115.10,4.05,0,3,1,.92,0,458
459,2019,4,15,0821,35.00,115.18,4.06,0,3,1,1.40,0,461
460,2019,4,15,0821,34.98,115.18,4.06,0,3,1,1.40,0,461
461,2019,4,15,0821,34.98,115.20,4.06,0,3,1,1.40,0,461
462,2019,4,15,0821,34.48,133.42,4.09,0,1,1,7.39,0,462
463,2019,4,15,0821,34.48,133.44,4.09,0,1,1,7.39,0,462
464,2019,4,15,0821,34.46,133.44,4.09,0,2,1,7.38,0,462
465,2019,4,15,0821,31.74,130.76,4.22,0,3,1,1.47,0,465
466,2019,4,15,0821,26.84,100.54,4.42,0,2,3,16.03,0,466
467,2019,4,15,0821,25.68,84.42,4.47,0,2,3,3.88,0,470
468,2019,4,15,0821,25.68,84.44,4.47,0,2,3,3.89,0,470
469,2019,4,15,0821,25.66,84.44,4.47,0,2,3,3.89,0,470
470,2019,4,15,0821,25.66,84.46,4.47,0,2,3,3.89,0,470
471,2019,4,15,0821,25.64,98.00,4.47,0,2,3,12.44,0,471
472,2019,4,15,0821,25.64,98.02,4.47,0,2,3,12.44,0,471
473,2019,4,15,0821,25.52,97.62,4.47,0,2,3,18.16,0,473
474,2019,4,15,0821,25.52,97.64,4.47,0,2,3,18.16,0,473
475,2019,4,15,0821,25.48,83.96,4.47,0,2,1,2.87,0,475
476,2019,4,15,0821,25.34,85.90,4.48,0,1,3,11.03,0,476
477,2019,4,15,0821,25.34,85.92,4.48,0,1,1,9.43,0,476
478,2019,4,15,0821,25.32,85.94,4.48,0,2,1,3.04,0,478
479,2019,4,15,0821,25.22,84.06,4.48,0,2,3,7.69,0,487
480,2019,4,15,0821,25.22,84.08,4.48,0,2,3,7.69,0,487
481,2019,4,15,0821,25.22,84.10,4.48,0,2,3,7.44,0,487
482,2019,4,15,0821,25.22,84.12,4.48,0,2,3,5.15,0,487
483,2019,4,15,0821,25.22,84.14,4.48,0,2,3,5.16,0,487
484,2019,4,15,0821,25.20,84.08,4.48,0,2,5,7.70,0,487
485,2019,4,15,0821,25.20,84.10,4.48,0,2,5,7.72,0,487
486,2019,4,15,0821,25.20,84.12,4.48,0,2,5,7.72,0,487
487,2019,4,15,0821,25.20,84.14,4.48,0,2,3,7.86,0,487
488,2019,4,15,0821,25.20,84.16,4.48,0,2,3,7.36,0,487
489,2019,4,15,0821,25.14,97.50,4.49,0,2,3,24.59,0,493
490,2019,4,15,0821,25.14,97.52,4.49,0,2,3,24.59,0,493
491,2019,4,15,0821,25.12,97.48,4.49,0,2,3,17.16,0,493
492,2019,4,15,0821,25.12,97.50,4.49,0,2,3,17.15,0,493
493,2019,4,15,0821,25.12,97.52,4.49,0,2,5,47.71,0,493
494,2019,4,15,0821,25.12,97.54,4.49,0,2,3,28.12,0,493
495,2019,4,15,0821,25.12,97.56,4.49,0,2,3,28.12,0,493
496,2019,4,15,0821,25.10,97.54,4.49,0,2,5,47.71,0,493
497,2019,4,15,0821,25.10,97.56,4.49,0,2,3,28.12,0,493
498,2019,4,15,0821,25.10,97.58,4.49,0,2,3,28.12,0,493
499,2019,4,15,0821,24.14,94.20,4.52,0,2,5,53.84,0,499
500,2019,4,15,0821,24.14,94.22,4.52,0,2,5,53.84,0,499
501,2019,4,15,0821,24.14,94.24,4.52,0,2,3,8.05,0,499
502,2019,4,15,0821,24.14,94.26,4.52,0,2,3,8.05,0,499
503,2019,4,15,0821,24.12,93.56,4.52,0,2,3,5.32,0,507
504,2019,4,15,0821,24.12,94.22,4.52,0,2,5,14.15,0,499
505,2019,4,15,0821,24.12,94.24,4.52,0,2,5,14.15,0,499
506,2019,4,15,0821,24.10,93.56,4.52,0,2,3,5.32,0,507
507,2019,4,15,0821,24.10,93.58,4.52,0,2,3,5.32,0,507
508,2019,4,15,0821,24.08,92.36,4.53,0,2,5,5.24,0,508
509,2019,4,15,0821,23.94,94.04,4.53,0,2,5,18.60,0,509
510,2019,4,15,0821,23.94,94.06,4.53,0,2,5,18.60,0,509
511,2019,4,15,0821,23.92,94.06,4.53,0,2,5,18.60,0,509
512,2019,4,15,0821,23.92,94.08,4.53,0,2,5,18.59,0,509
513,2019,4,15,0821,23.76,92.00,4.54,0,2,3,15.12,0,513
514,2019,4,15,0821,23.76,92.02,4.54,0,2,5,15.12,0,513
515,2019,4,15,0821,23.76,92.14,4.54,0,2,3,15.56,0,515
516,2019,4,15,0821,23.76,92.16,4.54,0,2,3,15.56,0,515
517,2019,4,15,0821,23.54,97.66,4.54,0,2,3,28.02,0,517
518,2019,4,15,0821,23.54,97.68,4.54,0,2,3,28.02,0,517
519,2019,4,15,0821,23.54,97.70,4.54,0,2,3,13.97,0,517
520,2019,4,15,0821,23.50,92.20,4.55,0,2,5,16.99,0,522
521,2019,4,15,0821,23.50,92.22,4.55,0,3,3,7.57,0,522
522,2019,4,15,0821,23.48,92.20,4.55,0,2,5,42.85,0,522
523,2019,4,15,0821,23.48,92.22,4.55,0,2,5,16.98,0,522
524,2019,4,15,0821,23.48,92.24,4.55,0,3,3,7.57,0,522
525,2019,4,15,0821,23.48,92.26,4.55,0,3,3,7.57,0,522
526,2019,4,15,0821,23.46,92.22,4.55,0,2,5,42.85,0,522
527,2019,4,15,0821,23.46,92.24,4.55,0,2,5,42.85,0,522
528,2019,4,15,0821,23.46,92.26,4.55,0,2,5,17.08,0,522
529,2019,4,15,0821,23.46,92.28,4.55,0,2,5,17.08,0,522
530,2019,4,15,0821,23.46,97.36,4.55,0,2,3,11.88,0,530
531,2019,4,15,0821,23.40,92.22,4.55,0,2,5,53.85,0,531
532,2019,4,15,0821,23.40,92.24,4.55,0,2,5,53.85,0,531
533,2019,4,15,0821,23.40,92.26,4.55,0,2,5,31.23,0,531
534,2019,4,15,0821,23.40,92.28,4.55,0,2,5,31.19,0,531
535,2019,4,15,0821,23.38,92.24,4.55,0,2,5,14.05,0,531
536,2019,4,15,0821,23.38,92.26,4.55,0,2,3,8.36,0,531
537,2019,4,15,0821,23.38,92.28,4.55,0,2,3,8.36,0,531
538,2019,4,15,0821,23.32,92.20,4.55,0,2,3,6.85,0,538
539,2019,4,15,0821,23.32,92.22,4.55,0,2,3,6.85,0,538
540,2019,4,15,0821,23.22,92.32,4.56,0,2,5,21.58,0,544
541,2019,4,15,0821,23.22,92.34,4.56,0,2,5,21.58,0,544
542,2019,4,15,0821,23.22,93.26,4.56,0,2,3,8.34,0,548
543,2019,4,15,0821,23.22,93.28,4.56,0,2,3,8.34,0,548
544,2019,4,15,0821,23.20,92.30,4.56,0,1,5,63.50,0,544
545,2019,4,15,0821,23.20,92.32,4.56,0,1,5,63.50,0,544
546,2019,4,15,0821,23.20,92.34,4.56,0,2,5,24.60,0,544
547,2019,4,15,0821,23.20,92.36,4.56,0,2,5,24.60,0,544
548,2019,4,15,0821,23.20,93.28,4.56,0,2,5,16.03,0,548
549,2019,4,15,0821,23.20,93.30,4.56,0,2,5,16.03,0,548
550,2019,4,15,0821,23.20,93.32,4.56,0,2,3,10.45,0,548
551,2019,4,15,0821,23.16,98.42,4.56,0,2,3,13.62,0,556
552,2019,4,15,0821,23.16,98.44,4.56,0,2,3,12.29,0,556
553,2019,4,15,0821,23.16,98.46,4.56,0,2,3,12.29,0,556
554,2019,4,15,0821,23.14,98.42,4.56,0,2,3,14.17,0,556
555,2019,4,15,0821,23.14,98.44,4.56,0,2,3,14.17,0,556
556,2019,4,15,0821,23.14,98.46,4.56,0,2,5,14.42,0,556
557,2019,4,15,0821,23.00,99.04,4.56,0,2,5,25.93,0,557
558,2019,4,15,0821,23.00,99.06,4.56,0,2,5,25.93,0,557
559,2019,4,15,0821,22.66,92.94,4.57,0,1,3,36.52,0,559
560,2019,4,15,0821,22.66,92.96,4.57,0,1,3,36.52,0,559
561,2019,4,15,0821,22.40,92.26,4.58,0,2,3,10.51,0,561
562,2019,4,15,0821,22.38,92.28,4.58,0,2,3,9.81,0,563
563,2019,4,15,0821,22.38,92.30,4.58,0,2,3,9.81,0,563
564,2019,4,15,0821,22.30,93.04,4.59,0,2,5,12.99,0,564
565,2019,4,15,0821,22.30,93.06,4.59,0,2,5,12.99,0,564
566,2019,4,15,0821,22.28,93.02,4.59,0,2,3,10.91,0,564
567,2019,4,15,0821,22.28,93.04,4.59,0,2,3,10.91,0,564
568,2019,4,15,0821,22.24,92.36,4.59,0,2,3,5.66,0,569
569,2019,4,15,0821,22.24,92.38,4.59,0,2,3,5.66,0,569
570,2019,4,15,0821,22.22,102.38,4.59,0,2,3,4.15,0,570
571,2019,4,15,0821,22.22,102.40,4.59,0,2,3,4.15,0,570
572,2019,4,15,0821,22.00,92.24,4.60,0,2,5,17.01,0,574
573,2019,4,15,0821,22.00,92.26,4.60,0,2,5,17.01,0,574
574,2019,4,15,0821,21.98,92.26,4.60,0,2,5,22.42,0,574
575,2019,4,15,0821,21.98,92.28,4.60,0,2,5,22.42,0,574
576,2019,4,15,0821,21.54,101.88,4.61,0,2,3,3.11,0,576
577,2019,4,15,0821,21.44,92.56,4.61,0,2,3,8.23,0,577
578,2019,4,15,0821,21.44,92.58,4.61,0,2,3,8.23,0,577
579,2019,4,15,0821,21.30,99.12,4.62,0,2,3,16.29,0,579
580,2019,4,15,0821,21.28,99.14,4.62,0,2,3,11.98,0,580
581,2019,4,15,0821,21.28,99.16,4.62,0,2,3,8.04,0,580
582,2019,4,15,0821,21.28,99.18,4.62,0,2,3,8.04,0,580
583,2019,4,15,0821,21.22,92.50,4.62,0,2,5,11.14,0,583
584,2019,4,15,0821,21.22,92.52,4.62,0,2,3,11.14,0,583
585,2019,4,15,0821,21.12,100.46,4.62,0,2,3,16.26,0,588
586,2019,4,15,0821,21.12,100.48,4.62,0,2,5,21.40,0,588
587,2019,4,15,0821,21.12,100.50,4.62,0,2,5,21.40,0,588
588,2019,4,15,0821,21.10,100.46,4.62,0,2,5,42.80,0,588
589,2019,4,15,0821,21.10,100.48,4.62,0,2,5,42.80,0,588
590,2019,4,15,0821,20.98,100.66,4.63,0,2,3,8.96,0,590
591,2019,4,15,0821,20.96,100.66,4.63,0,2,3,8.96,0,590
592,2019,4,15,0821,20.96,100.68,4.63,0,2,3,8.96,0,590
593,2019,4,15,0821,20.94,100.68,4.63,0,2,1,5.75,0,590
594,2019,4,15,0821,20.84,100.24,4.63,0,2,3,18.19,0,596
595,2019,4,15,0821,20.84,100.26,4.63,0,2,3,18.19,0,596
596,2019,4,15,0821,20.84,100.28,4.63,0,2,5,24.13,0,596
597,2019,4,15,0821,20.82,100.26,4.63,0,2,3,13.03,0,596
598,2019,4,15,0821,20.82,100.28,4.63,0,2,5,16.42,0,596
599,2019,4,15,0821,20.78,102.70,4.63,0,2,5,47.49,0,599
600,2019,4,15,0821,20.78,102.72,4.63,0,2,5,13.46,0,599
601,2019,4,15,0821,20.78,102.74,4.63,0,2,5,13.46,0,599
602,2019,4,15,0821,20.76,102.70,4.63,0,2,5,16.13,0,599
603,2019,4,15,0821,20.76,102.72,4.63,0,2,5,16.13,0,599
604,2019,4,15,0821,20.72,100.18,4.64,0,2,3,7.98,0,609
605,2019,4,15,0821,20.72,100.32,4.64,0,2,3,15.16,0,606
606,2019,4,15,0821,20.72,100.34,4.64,0,2,5,73.50,0,606
607,2019,4,15,0821,20.72,100.36,4.64,0,2,5,73.37,0,606
608,2019,4,15,0821,20.72,100.38,4.64,0,2,5,19.47,0,606
609,2019,4,15,0821,20.70,100.18,4.64,0,2,3,20.98,0,609
610,2019,4,15,0821,20.70,100.20,4.64,0,2,3,20.98,0,609
611,2019,4,15,0821,20.70,100.36,4.64,0,2,5,36.12,0,606
612,2019,4,15,0821,20.56,100.12,4.64,0,2,3,11.51,0,613
613,2019,4,15,0821,20.54,100.12,4.64,0,2,5,28.10,0,613
614,2019,4,15,0821,20.54,100.14,4.64,0,2,5,28.10,0,613
615,2019,4,15,0821,20.54,100.48,4.64,0,2,3,20.78,0,616
616,2019,4,15,0821,20.52,100.48,4.64,0,2,5,34.58,0,616
617,2019,4,15,0821,20.52,100.50,4.64,0,2,5,34.58,0,616
618,2019,4,15,0821,20.52,100.52,4.64,0,2,3,12.14,0,616
619,2019,4,15,0821,20.52,100.66,4.64,0,2,3,11.27,0,619
620,2019,4,15,0821,20.30,104.18,4.65,0,2,5,28.21,0,620
621,2019,4,15,0821,20.30,104.20,4.65,0,2,5,28.21,0,620
622,2019,4,15,0821,20.28,104.16,4.65,0,3,3,6.48,0,620
623,2019,4,15,0821,20.28,104.18,4.65,0,2,3,8.55,0,620
624,2019,4,15,0821,20.28,104.20,4.65,0,2,3,8.55,0,620
625,2019,4,15,0821,20.04,99.78,4.66,0,1,5,60.75,0,625
626,2019,4,15,0821,20.04,99.80,4.66,0,1,5,59.91,0,625
627,2019,4,15,0821,20.04,99.82,4.66,0,2,5,24.53,0,625
628,2019,4,15,0821,20.02,99.82,4.66,0,2,5,24.52,0,625
629,2019,4,15,0821,20.02,99.84,4.66,0,2,5,24.52,0,625
630,2019,4,15,0821,19.96,99.52,4.66,0,1,3,72.99,0,630
631,2019,4,15,0821,19.96,99.54,4.66,0,1,3,72.99,0,630
632,2019,4,15,0821,19.94,99.54,4.66,0,2,3,13.72,0,630
633,2019,4,15,0821,19.94,101.96,4.66,0,2,3,16.41,0,633
634,2019,4,15,0821,19.94,101.98,4.66,0,2,3,16.41,0,633
635,2019,4,15,0821,19.90,93.86,4.66,0,3,3,4.40,0,635
636,2019,4,15,0821,19.42,99.40,4.67,0,2,3,13.04,0,636
637,2019,4,15,0821,19.42,99.42,4.67,0,2,3,13.04,0,636
638,2019,4,15,0821,18.96,101.06,4.69,0,2,1,9.56,0,638
639,2019,4,15,0821,18.94,101.08,4.69,0,2,1,11.59,0,639
640,2019,4,15,0821,18.86,99.74,4.69,0,2,1,24.25,0,641
641,2019,4,15,0821,18.86,99.76,4.69,0,2,1,69.34,0,641
642,2019,4,15,0821,18.86,99.78,4.69,0,2,1,69.34,0,641
643,2019,4,15,0821,18.84,98.04,4.69,0,2,3,16.09,0,643
644,2019,4,15,0821,18.84,99.74,4.69,0,2,1,45.28,0,641
645,2019,4,15,0821,18.84,99.76,4.69,0,2,1,43.12,0,641
646,2019,4,15,0821,18.84,99.78,4.69,0,2,1,43.11,0,641
647,2019,4,15,0821,18.74,103.60,4.69,0,3,1,5.73,0,647
648,2019,4,15,0821,18.72,103.60,4.69,0,3,1,5.73,0,647
649,2019,4,15,0821,18.72,103.62,4.69,0,3,1,5.73,0,647
650,2019,4,15,0821,18.48,104.46,4.70,0,2,1,5.75,0,650
651,2019,4,15,0821,18.46,101.56,4.70,0,2,1,34.52,0,651
652,2019,4,15,0821,18.46,101.58,4.70,0,2,1,34.51,0,651
653,2019,4,15,0821,18.44,97.04,4.70,0,2,3,27.09,0,653
654,2019,4,15,0821,18.44,97.06,4.70,0,2,3,27.06,0,653
655,2019,4,15,0821,18.32,102.26,4.71,0,2,1,36.91,0,655
656,2019,4,15,0821,18.30,97.38,4.71,0,2,5,20.21,0,656
657,2019,4,15,0826,18.02,97.42,4.71,0,2,3,6.27,0,657
658,2019,4,15,0826,18.02,97.44,4.71,0,2,3,6.27,0,657
659,2019,4,15,0826,17.68,96.94,4.72,0,2,3,17.65,0,664
660,2019,4,15,0826,17.68,96.98,4.72,0,3,1,10.86,0,664
661,2019,4,15,0826,17.68,97.94,4.72,0,2,1,135.17,0,667
662,2019,4,15,0826,17.68,97.96,4.72,0,2,1,135.17,0,667
663,2019,4,15,0826,17.68,97.98,4.72,0,2,1,51.99,0,667
664,2019,4,15,0826,17.66,96.94,4.72,0,2,3,34.44,0,664
665,2019,4,15,0826,17.66,96.96,4.72,0,2,3,20.89,0,664
666,2019,4,15,0826,17.66,96.98,4.72,0,2,3,20.89,0,664
667,2019,4,15,0826,17.66,97.96,4.72,0,2,1,182.25,0,667
668,2019,4,15,0826,17.66,97.98,4.72,0,2,1,50.28,0,667
669,2019,4,15,0826,17.66,98.00,4.72,0,2,1,50.28,0,667
670,2019,4,15,0826,17.24,98.32,4.73,0,2,1,32.03,0,670
671,2019,4,15,0826,17.24,98.34,4.73,0,2,1,28.43,0,670
672,2019,4,15,0826,17.24,98.36,4.73,0,2,1,28.43,0,670
673,2019,4,15,0826,17.20,98.58,4.73,0,2,1,14.19,0,673
674,2019,4,15,0826,15.70,98.38,4.77,0,2,1,18.89,0,674
675,2019,4,15,0826,15.70,98.40,4.77,0,2,1,18.86,0,674
676,2019,4,15,0826,15.38,97.86,4.78,0,2,1,6.02,0,676
677,2019,4,15,0826,15.06,100.86,4.79,0,3,1,53.20,0,677
678,2019,4,15,0826,13.82,107.18,4.81,0,2,1,31.01,0,678
679,2019,4,15,0826,13.44,105.74,4.82,0,2,1,12.88,0,680
680,2019,4,15,0826,13.42,105.74,4.82,0,2,1,18.84,0,680
681,2019,4,15,0826,11.86,124.90,4.85,0,2,3,6.29,0,681
682,2019,4,15,0826,11.78,120.02,4.85,0,3,1,2.88,0,682
683,2019,4,15,0826,11.06,119.60,4.86,0,2,3,11.08,0,685
684,2019,4,15,0826,11.04,119.58,4.86,0,2,3,10.60,0,685
685,2019,4,15,0826,11.04,119.60,4.86,0,2,3,12.90,0,685
686,2019,4,15,0826,11.00,119.48,4.87,0,2,5,20.60,0,688
687,2019,4,15,0826,11.00,119.50,4.87,0,2,5,12.79,0,688
688,2019,4,15,0826,10.98,119.48,4.87,0,2,3,20.67,0,688
689,2019,4,15,0826,10.98,119.50,4.87,0,2,3,20.67,0,688
690,2019,4,15,0826,10.74,119.46,4.87,0,2,3,5.56,0,692
691,2019,4,15,0826,10.74,119.48,4.87,0,2,3,5.56,0,692
692,2019,4,15,0826,10.72,119.48,4.87,0,2,3,9.63,0,692
693,2019,4,15,0826,10.54,119.80,4.87,0,2,3,20.48,0,693
694,2019,4,15,0826,10.52,119.86,4.87,0,2,1,15.63,0,694
695,2019,4,15,0826,10.50,119.66,4.87,0,2,5,25.55,0,695
696,2019,4,15,0826,10.48,119.66,4.87,0,2,3,9.74,0,695
697,2019,4,15,0826,6.16,100.82,4.93,0,3,1,11.32,0,697
698,2019,4,15,0826,6.16,100.84,4.93,0,3,1,11.32,0,697
699,2019,4,15,0826,5.88,118.04,4.93,0,3,1,1.53,0,699
700,2019,4,15,0826,2.82,112.06,4.95,0,3,3,2.06,0,700
701,2019,4,15,0826,-.48,117.12,4.96,0,3,1,2.09,0,701
702,2019,4,15,0826,-11.80,142.10,4.85,0,2,3,2.96,0,702
703,2019,4,15,0826,-14.58,132.10,4.80,0,2,1,2.19,0,704
704,2019,4,15,0826,-14.60,132.10,4.80,0,2,3,3.23,0,704
705,2019,4,15,0826,-14.68,131.30,4.79,0,2,5,24.14,0,705
706,2019,4,15,0826,-14.68,131.32,4.79,0,2,5,13.87,0,705
707,2019,4,15,0826,-14.70,131.32,4.79,0,2,3,5.08,0,705
708,2019,4,15,0826,-15.20,135.26,4.78,0,2,3,3.83,0,708
709,2019,4,15,0826,-15.34,130.12,4.78,0,2,5,12.63,0,709
710,2019,4,15,0826,-15.36,130.12,4.78,0,2,5,8.42,0,709
711,2019,4,15,0826,-15.58,129.86,4.77,0,2,5,28.17,0,711
712,2019,4,15,0826,-15.58,129.88,4.77,0,2,3,16.05,0,711
713,2019,4,15,0826,-15.70,129.68,4.77,0,2,5,18.17,0,714
714,2019,4,15,0826,-15.70,129.70,4.77,0,2,5,25.00,0,714
715,2019,4,15,0826,-15.70,129.72,4.77,0,2,3,17.87,0,714
716,2019,4,15,0826,-16.46,124.12,4.75,0,2,3,3.28,0,716
717,2019,4,15,0826,-16.66,130.18,4.75,0,2,5,26.18,0,717
718,2019,4,15,0826,-16.66,130.20,4.75,0,2,5,10.45,0,717
719,2019,4,15,0826,-16.68,130.18,4.75,0,2,5,22.27,0,717
720,2019,4,15,0826,-20.72,139.46,4.64,0,2,1,2.48,0,721
721,2019,4,15,0826,-20.74,139.46,4.64,0,2,1,3.55,0,721
722,2019,4,15,0826,-22.20,124.20,4.59,0,2,1,5.82,0,722
723,2019,4,15,0826,-23.16,150.66,4.56,0,2,3,2.81,0,723
724,2019,4,15,0826,-23.26,147.94,4.55,0,2,5,5.20,0,724
725,2019,4,15,0826,-23.26,147.96,4.55,0,2,5,3.81,0,724
726,2019,4,15,0826,-23.28,147.94,4.55,0,2,1,2.68,0,724
727,2019,4,15,0826,-23.30,147.94,4.55,0,2,1,2.69,0,724
728,2019,4,15,0826,-23.34,147.96,4.55,0,1,3,8.75,0,728
729,2019,4,15,0826,-23.34,147.98,4.55,0,3,1,1.40,0,728
730,2019,4,15,0826,-23.58,146.40,4.54,0,2,5,10.47,0,730
731,2019,4,15,0826,-23.58,147.44,4.54,0,2,3,2.18,0,731
732,2019,4,15,0826,-23.60,146.40,4.54,0,2,5,8.20,0,730
733,2019,4,15,0826,-23.74,147.52,4.54,0,2,3,2.14,0,733
734,2019,4,15,0826,-24.26,147.86,4.52,0,2,3,2.49,0,735
735,2019,4,15,0826,-24.26,147.88,4.52,0,2,5,5.22,0,735
736,2019,4,15,0826,-24.30,147.18,4.52,0,2,5,22.31,0,738
737,2019,4,15,0826,-24.30,147.20,4.52,0,2,3,7.17,0,738
738,2019,4,15,0826,-24.32,147.18,4.52,0,2,5,29.94,0,738
739,2019,4,15,0826,-24.32,147.20,4.52,0,2,5,9.24,0,738
740,2019,4,15,0826,-24.38,145.64,4.51,0,2,3,3.02,0,743
741,2019,4,15,0826,-24.38,145.66,4.51,0,2,5,6.45,0,743
742,2019,4,15,0826,-24.40,145.64,4.51,0,2,5,14.71,0,743
743,2019,4,15,0826,-24.40,145.66,4.51,0,2,5,34.38,0,743
744,2019,4,15,0826,-24.56,149.76,4.51,0,2,5,10.73,0,744
745,2019,4,15,0826,-24.56,149.78,4.51,0,2,3,5.13,0,744
746,2019,4,15,0826,-24.58,149.76,4.51,0,2,5,7.84,0,744
747,2019,4,15,0826,-24.58,149.78,4.51,0,2,3,4.31,0,744
748,2019,4,15,0826,-24.82,148.68,4.50,0,2,5,15.94,0,748
749,2019,4,15,0826,-24.82,148.70,4.50,0,2,1,2.45,0,748
750,2019,4,15,0826,-24.84,145.64,4.50,0,2,3,2.17,0,751
751,2019,4,15,0826,-24.84,145.66,4.50,0,2,1,2.49,0,751
752,2019,4,15,0826,-24.84,148.68,4.50,0,2,3,6.16,0,748
753,2019,4,15,0826,-24.84,151.16,4.50,0,2,5,19.71,0,754
754,2019,4,15,0826,-24.84,151.18,4.50,0,2,5,23.59,0,754
755,2019,4,15,0826,-24.86,151.16,4.50,0,2,3,5.68,0,754
756,2019,4,15,0826,-24.86,151.18,4.50,0,2,3,6.57,0,754
757,2019,4,15,0826,-25.74,147.00,4.46,0,2,5,4.02,0,757
758,2019,4,15,0826,-25.74,147.02,4.46,0,2,3,2.46,0,757
759,2019,4,15,0826,-25.76,147.00,4.46,0,2,1,2.63,0,757
760,2019,4,15,0826,-25.76,147.02,4.46,0,2,3,2.89,0,757
761,2019,4,15,0826,-25.78,147.02,4.46,0,2,1,2.31,0,757
762,2019,4,15,0826,-25.80,147.02,4.46,0,2,3,2.38,0,757
763,2019,4,15,0826,-26.08,145.74,4.45,0,2,5,6.83,0,764
764,2019,4,15,0826,-26.08,145.76,4.45,0,2,1,12.61,0,764
765,2019,4,15,0826,-26.08,145.78,4.45,0,2,3,2.55,0,764
766,2019,4,15,0826,-26.10,151.46,4.45,0,2,3,3.31,0,769
767,2019,4,15,0826,-26.10,151.48,4.45,0,3,5,4.45,0,769
768,2019,4,15,0826,-26.12,151.46,4.45,0,2,5,15.83,0,769
769,2019,4,15,0826,-26.12,151.48,4.45,0,2,5,28.20,0,769
770,2019,4,15,0826,-26.24,149.48,4.45,0,2,3,2.13,0,771
771,2019,4,15,0826,-26.24,149.50,4.45,0,3,1,2.81,0,771
772,2019,4,15,0826,-26.26,149.66,4.45,0,2,1,1.51,0,772
773,2019,4,15,0826,-26.34,149.52,4.44,0,2,3,4.02,0,773
774,2019,4,15,0826,-26.34,149.54,4.44,0,2,5,2.99,0,773
775,2019,4,15,0826,-26.36,147.18,4.44,0,2,5,32.32,0,777
776,2019,4,15,0826,-26.36,147.20,4.44,0,2,5,15.69,0,777
777,2019,4,15,0826,-26.38,147.18,4.44,0,2,5,38.65,0,777
778,2019,4,15,0826,-26.38,147.20,4.44,0,2,5,19.14,0,777
779,2019,4,15,0826,-26.40,147.40,4.44,0,2,3,6.38,0,779
780,2019,4,15,0826,-26.40,147.42,4.44,0,2,5,5.41,0,779
781,2019,4,15,0826,-26.40,147.44,4.44,0,2,5,5.41,0,779
782,2019,4,15,0826,-26.42,147.44,4.44,0,2,3,3.42,0,779
783,2019,4,15,0826,-26.52,149.08,4.44,0,2,5,8.92,0,785
784,2019,4,15,0826,-26.54,149.08,4.43,0,2,5,8.92,0,785
785,2019,4,15,0826,-26.56,149.08,4.43,0,2,5,27.07,0,785
786,2019,4,15,0826,-26.56,149.26,4.43,0,2,5,30.31,0,786
787,2019,4,15,0826,-26.56,149.28,4.43,0,2,5,23.83,0,786
788,2019,4,15,0826,-26.58,149.08,4.43,0,2,3,5.43,0,785
789,2019,4,15,0826,-26.58,149.26,4.43,0,2,5,9.09,0,786
790,2019,4,15,0826,-26.58,149.28,4.43,0,2,5,7.00,0,786
791,2019,4,15,0826,-26.72,151.56,4.43,0,2,5,3.92,0,791
792,2019,4,15,0826,-26.78,148.88,4.42,0,2,3,2.59,0,792
793,2019,4,15,0826,-26.80,151.82,4.42,0,2,1,1.06,0,793
794,2019,4,15,0826,-26.80,151.84,4.42,0,3,1,1.00,0,793
795,2019,4,15,0826,-26.86,147.60,4.42,0,2,5,38.47,0,795
796,2019,4,15,0826,-26.86,147.62,4.42,0,2,5,16.64,0,795
797,2019,4,15,0826,-26.88,147.60,4.42,0,2,5,31.34,0,795
798,2019,4,15,0826,-26.88,147.62,4.42,0,2,5,11.37,0,795
799,2019,4,15,0826,-27.12,149.36,4.41,0,2,5,4.73,0,799
800,2019,4,15,0826,-27.12,150.18,4.41,0,2,5,5.42,0,802
801,2019,4,15,0826,-27.14,150.18,4.41,0,2,5,5.42,0,802
802,2019,4,15,0826,-27.14,150.20,4.41,0,2,5,5.49,0,802
803,2019,4,15,0826,-27.16,152.10,4.41,0,2,3,2.61,0,803
804,2019,4,15,0826,-27.22,148.92,4.41,0,2,5,11.88,0,804
805,2019,4,15,0826,-27.22,148.94,4.41,0,2,5,9.94,0,804
806,2019,4,15,0826,-27.24,148.92,4.41,0,2,5,6.69,0,804
807,2019,4,15,0826,-27.24,148.94,4.41,0,2,3,4.10,0,804
808,2019,4,15,0826,-27.28,148.02,4.41,0,2,5,16.95,0,810
809,2019,4,15,0826,-27.28,148.04,4.41,0,3,1,12.65,0,810
810,2019,4,15,0826,-27.30,148.02,4.40,0,2,1,61.22,0,810
811,2019,4,15,0826,-27.30,148.04,4.40,0,2,1,34.25,0,810
812,2019,4,15,0826,-27.60,149.98,4.39,0,1,5,10.17,0,812
813,2019,4,15,0826,-27.60,150.00,4.39,0,2,5,5.15,0,812
814,2019,4,15,0826,-27.60,150.02,4.39,0,2,5,5.15,0,812
815,2019,4,15,0826,-28.08,149.02,4.37,0,2,5,3.01,0,815
816,2019,4,15,0826,-28.10,150.48,4.37,0,2,1,3.50,0,816
817,2019,4,15,0826,-28.10,150.50,4.37,0,2,3,1.95,0,816
818,2019,4,15,0826,-28.36,149.92,4.36,0,2,5,16.37,0,820
819,2019,4,15,0826,-28.36,149.94,4.36,0,3,3,2.74,0,820
820,2019,4,15,0826,-28.38,149.92,4.36,0,2,5,47.14,0,820
821,2019,4,15,0826,-28.38,149.94,4.36,0,3,5,6.44,0,820
822,2019,4,15,0826,-28.62,148.10,4.35,0,2,3,3.86,0,825
823,2019,4,15,0826,-28.62,148.12,4.35,0,2,1,6.11,0,825
824,2019,4,15,0826,-28.64,148.10,4.35,0,2,3,4.01,0,825
825,2019,4,15,0826,-28.64,148.12,4.35,0,2,1,7.46,0,825
826,2019,4,15,0826,-28.74,148.08,4.35,0,2,1,3.11,0,826
827,2019,4,15,0826,-28.74,148.10,4.35,0,2,1,1.93,0,826
828,2019,4,15,0826,-28.80,149.10,4.34,0,2,1,1.56,0,828
829,2019,4,15,0826,-29.02,114.80,4.33,0,2,3,5.56,0,829
830,2019,4,15,0826,-29.02,114.82,4.33,0,2,3,5.56,0,829
831,2019,4,15,0826,-29.14,148.12,4.33,0,2,5,4.09,0,833
832,2019,4,15,0826,-29.14,148.14,4.33,0,2,3,1.29,0,833
833,2019,4,15,0826,-29.16,148.12,4.33,0,2,5,4.09,0,833
834,2019,4,15,0826,-29.16,148.14,4.33,0,2,3,1.29,0,833
835,2019,4,15,0826,-29.20,115.50,4.33,0,2,5,27.85,0,838
836,2019,4,15,0826,-29.20,115.52,4.33,0,2,5,27.85,0,838
837,2019,4,15,0826,-29.20,115.54,4.33,0,2,1,56.98,0,838
838,2019,4,15,0826,-29.22,115.50,4.33,0,1,5,89.66,0,838
839,2019,4,15,0826,-29.22,115.52,4.33,0,2,1,51.71,0,838
840,2019,4,15,0826,-29.22,115.54,4.33,0,2,1,51.71,0,838
841,2019,4,15,0826,-29.34,150.32,4.32,0,2,5,5.02,0,846
842,2019,4,15,0826,-29.34,150.34,4.32,0,2,5,8.41,0,846
843,2019,4,15,0826,-29.36,148.62,4.32,0,1,3,6.98,0,843
844,2019,4,15,0826,-29.36,148.64,4.32,0,1,3,5.19,0,843
845,2019,4,15,0826,-29.36,150.32,4.32,0,2,3,3.61,0,846
846,2019,4,15,0826,-29.36,150.34,4.32,0,2,5,10.82,0,846
847,2019,4,15,0826,-29.38,148.62,4.32,0,2,5,3.36,0,843
848,2019,4,15,0826,-29.38,148.64,4.32,0,2,3,2.13,0,843
849,2019,4,15,0826,-29.38,148.66,4.32,0,2,3,2.13,0,843
850,2019,4,15,0826,-29.50,149.24,4.31,0,2,3,3.95,0,850
851,2019,4,15,0826,-29.50,149.26,4.31,0,2,3,3.09,0,850
852,2019,4,15,0826,-29.52,149.26,4.31,0,3,3,1.67,0,850
853,2019,4,15,0826,-29.52,149.68,4.31,0,2,5,4.29,0,854
854,2019,4,15,0826,-29.54,149.68,4.31,0,2,5,4.29,0,854
855,2019,4,15,0826,-29.56,149.68,4.31,0,2,3,2.93,0,854
856,2019,4,15,0826,-29.90,116.46,4.30,0,2,5,10.25,0,856
857,2019,4,15,0826,-29.90,116.48,4.30,0,2,5,10.25,0,856
858,2019,4,15,0826,-29.90,116.50,4.30,0,2,3,3.19,0,856
859,2019,4,15,0826,-29.94,116.08,4.30,0,2,5,32.84,0,859
860,2019,4,15,0826,-29.94,116.10,4.30,0,2,5,32.84,0,859
861,2019,4,15,0826,-29.94,116.12,4.30,0,2,5,18.31,0,859
862,2019,4,15,0826,-29.96,116.10,4.29,0,2,1,4.51,0,859
863,2019,4,15,0826,-29.96,116.12,4.29,0,2,1,4.51,0,859
864,2019,4,15,0826,-30.02,115.80,4.29,0,3,3,1.88,0,864
865,2019,4,15,0826,-30.02,150.12,4.29,0,2,3,2.97,0,865
866,2019,4,15,0826,-30.06,149.94,4.29,0,2,5,6.00,0,866
867,2019,4,15,0826,-30.06,149.96,4.29,0,2,3,2.33,0,866
868,2019,4,15,0826,-30.32,116.56,4.28,0,2,5,3.90,0,868
869,2019,4,15,0826,-30.44,150.12,4.27,0,2,3,2.50,0,869
870,2019,4,15,0826,-30.54,115.60,4.27,0,2,5,6.81,0,870
871,2019,4,15,0826,-30.56,116.46,4.27,0,2,3,6.09,0,872
872,2019,4,15,0826,-30.58,116.42,4.27,0,2,5,14.44,0,872
873,2019,4,15,0826,-30.58,116.44,4.27,0,2,5,14.44,0,872
874,2019,4,15,0826,-30.58,116.46,4.27,0,2,3,6.09,0,872
875,2019,4,15,0826,-30.60,116.18,4.27,0,2,5,58.65,0,875
876,2019,4,15,0826,-30.60,116.20,4.27,0,2,3,13.25,0,875
877,2019,4,15,0826,-30.60,135.32,4.27,0,1,3,8.94,0,877
878,2019,4,15,0826,-30.62,116.18,4.27,0,2,5,24.94,0,875
879,2019,4,15,0826,-30.62,116.20,4.27,0,3,3,8.29,0,875
880,2019,4,15,0826,-30.64,116.16,4.26,0,2,5,24.95,0,875
881,2019,4,15,0826,-30.64,116.18,4.26,0,3,3,8.29,0,875
882,2019,4,15,0826,-30.72,151.14,4.26,0,2,3,3.38,0,882
883,2019,4,15,0826,-31.04,147.02,4.25,0,2,3,5.41,0,887
884,2019,4,15,0826,-31.04,147.04,4.25,0,2,5,7.06,0,887
885,2019,4,15,0826,-31.04,147.96,4.25,0,2,5,5.65,0,888
886,2019,4,15,0826,-31.06,147.02,4.25,0,2,3,10.00,0,887
887,2019,4,15,0826,-31.06,147.04,4.25,0,2,5,15.32,0,887
888,2019,4,15,0826,-31.06,147.96,4.25,0,2,5,5.66,0,888
889,2019,4,15,0826,-31.20,116.86,4.24,0,2,3,27.18,0,889
890,2019,4,15,0826,-31.34,118.16,4.23,0,2,1,3.48,0,890
891,2019,4,15,0826,-31.48,147.00,4.23,0,2,3,3.21,0,891
892,2019,4,15,0826,-31.48,147.02,4.23,0,2,3,1.86,0,891
893,2019,4,15,0826,-31.54,151.74,4.22,0,2,3,12.03,0,893
894,2019,4,15,0826,-31.54,151.76,4.22,0,2,3,8.71,0,893
895,2019,4,15,0826,-31.54,151.78,4.22,0,2,3,8.71,0,893
896,2019,4,15,0826,-31.64,150.90,4.22,0,2,5,10.81,0,896
897,2019,4,15,0826,-32.02,147.28,4.20,0,2,3,2.58,0,897
898,2019,4,15,0826,-32.26,147.92,4.19,0,2,3,1.60,0,898
899,2019,4,15,0826,-32.28,146.76,4.19,0,2,3,4.53,0,905
900,2019,4,15,0826,-32.28,146.78,4.19,0,2,3,4.53,0,905
901,2019,4,15,0826,-32.28,146.80,4.19,0,2,3,4.81,0,905
902,2019,4,15,0826,-32.28,148.06,4.19,0,2,5,4.34,0,903
903,2019,4,15,0826,-32.28,148.08,4.19,0,2,5,4.34,0,903
904,2019,4,15,0826,-32.30,146.78,4.19,0,2,3,4.54,0,905
905,2019,4,15,0826,-32.30,146.80,4.19,0,2,3,4.81,0,905
906,2019,4,15,0826,-32.36,147.02,4.19,0,2,3,1.94,0,907
907,2019,4,15,0826,-32.36,147.04,4.19,0,2,5,3.02,0,907
908,2019,4,15,0826,-32.46,147.46,4.18,0,2,5,7.18,0,908
909,2019,4,15,0826,-32.46,147.48,4.18,0,2,3,2.81,0,908
910,2019,4,15,0826,-32.46,147.50,4.18,0,2,5,2.81,0,908
911,2019,4,15,0826,-32.48,147.10,4.18,0,2,3,2.66,0,911
912,2019,4,15,0826,-32.48,147.46,4.18,0,2,3,6.13,0,908
913,2019,4,15,0826,-32.48,147.48,4.18,0,2,3,6.13,0,908
914,2019,4,15,0826,-32.50,147.48,4.18,0,2,3,6.13,0,908
915,2019,4,15,0826,-32.72,147.02,4.17,0,2,5,4.57,0,915
916,2019,4,15,0826,-32.76,150.26,4.17,0,2,5,14.03,0,918
917,2019,4,15,0826,-32.76,150.28,4.17,0,2,5,10.04,0,918
918,2019,4,15,0826,-32.78,150.26,4.17,0,2,5,14.03,0,918
919,2019,4,15,0826,-32.78,150.28,4.17,0,2,5,10.04,0,918
920,2019,4,15,0826,-32.80,150.26,4.17,0,2,3,7.23,0,918
921,2019,4,15,0826,-32.80,150.28,4.17,0,2,5,9.74,0,918
922,2019,4,15,0826,-33.20,121.76,4.15,0,2,3,3.92,0,922
923,2019,4,15,0826,-33.54,121.54,4.13,0,3,3,3.64,0,925
924,2019,4,15,0826,-33.54,121.56,4.13,0,3,3,3.64,0,925
925,2019,4,15,0826,-33.56,121.54,4.13,0,3,3,4.29,0,925
926,2019,4,15,0826,-33.78,122.42,4.12,0,2,3,2.08,0,926
927,2019,4,15,0826,-33.82,149.04,4.12,0,2,5,8.80,0,927
928,2019,4,15,0826,-34.06,149.98,4.11,0,2,3,3.97,0,930
929,2019,4,15,0826,-34.06,150.00,4.11,0,2,3,3.97,0,930
930,2019,4,15,0826,-34.06,150.02,4.11,0,2,3,4.17,0,930
931,2019,4,15,0826,-34.42,115.92,4.09,0,2,3,12.44,0,931
932,2019,4,15,0826,-34.44,115.88,4.09,0,3,3,6.62,0,931
933,2019,4,15,0826,-34.44,115.90,4.09,0,2,5,12.37,0,931
934,2019,4,15,0826,-34.44,115.92,4.09,0,2,5,12.36,0,931
935,2019,4,15,0826,-34.46,150.88,4.09,0,2,1,2.90,0,936
936,2019,4,15,0826,-34.46,150.90,4.09,0,2,1,2.90,0,936
937,2019,4,15,0826,-34.78,117.58,4.07,0,3,3,3.12,0,940
938,2019,4,15,0826,-34.78,117.60,4.07,0,3,5,3.41,0,940
939,2019,4,15,0826,-34.78,117.62,4.07,0,3,5,3.41,0,940
940,2019,4,15,0826,-34.80,117.58,4.07,0,2,5,8.24,0,940
941,2019,4,15,0826,-34.80,117.60,4.07,0,2,5,5.41,0,940
942,2019,4,15,0826,-35.04,148.48,4.06,0,2,3,2.56,0,943
943,2019,4,15,0826,-35.04,148.50,4.06,0,2,3,3.20,0,943
944,2019,4,15,0826,-35.60,147.10,4.03,0,2,3,1.63,0,944
945,2019,4,15,0826,-36.20,146.92,4.00,0,2,1,2.84,0,945
946,2019,4,15,0826,-36.22,148.10,4.00,0,2,5,4.07,0,946
947,2019,4,15,0826,-36.22,148.12,4.00,0,2,3,2.35,0,946
948,2019,4,15,0826,-36.30,147.78,3.99,0,2,3,21.88,0,948
949,2019,4,15,0826,-36.30,147.80,3.99,0,2,5,20.40,0,948
950,2019,4,15,0826,-36.30,147.82,3.99,0,2,5,20.40,0,948
951,2019,4,15,0826,-36.32,147.78,3.99,0,2,5,14.41,0,948
952,2019,4,15,0826,-36.32,147.80,3.99,0,2,5,14.15,0,948
953,2019,4,15,0826,-36.32,147.82,3.99,0,2,5,14.15,0,948
954,2019,4,15,0826,-36.48,147.38,3.99,0,2,5,6.79,0,955
955,2019,4,15,0826,-36.50,147.38,3.98,0,2,5,6.79,0,955
956,2019,4,15,0826,-36.66,146.48,3.98,0,2,5,5.46,0,956
957,2019,4,15,0826,-36.66,146.50,3.98,0,2,5,5.46,0,956
958,2019,4,15,0826,-36.66,146.52,3.98,0,2,5,3.53,0,956
959,2019,4,15,0826,-36.86,147.94,3.97,0,2,5,11.62,0,961
960,2019,4,15,0826,-36.86,147.96,3.97,0,2,3,4.90,0,961
961,2019,4,15,0826,-36.88,147.94,3.96,0,2,5,14.42,0,961
962,2019,4,15,0826,-36.88,147.96,3.96,0,2,3,5.32,0,961
963,2019,4,15,0826,-36.90,147.96,3.96,0,2,3,9.01,0,961
964,2019,4,15,0826,-36.92,141.62,3.96,0,2,3,4.62,0,964
965,2019,4,15,0826,-36.92,147.96,3.96,0,2,3,9.01,0,961
966,2019,4,15,0826,-36.92,147.98,3.96,0,2,3,9.01,0,961
967,2019,4,15,0826,-37.04,148.74,3.96,0,1,5,22.59,0,971
968,2019,4,15,0826,-37.04,148.76,3.96,0,2,5,39.50,0,971
969,2019,4,15,0826,-37.04,148.78,3.96,0,2,5,5.91,0,971
970,2019,4,15,0826,-37.06,148.74,3.96,0,1,5,22.59,0,971
971,2019,4,15,0826,-37.06,148.76,3.96,0,2,5,39.50,0,971
972,2019,4,15,0826,-37.06,148.78,3.96,0,2,5,5.91,0,971
973,2019,4,15,0826,-37.08,148.76,3.95,0,2,5,7.61,0,971
974,2019,4,15,0826,-37.24,149.66,3.95,0,2,3,1.69,0,974
975,2019,4,15,0826,-37.28,145.60,3.94,0,2,5,8.57,0,975
976,2019,4,15,0826,-37.28,145.62,3.94,0,2,3,5.39,0,975
977,2019,4,15,0826,-37.30,145.60,3.94,0,2,3,4.44,0,975
978,2019,4,15,0826,-37.32,145.60,3.94,0,2,3,4.44,0,975
979,2019,4,15,0826,-37.32,146.10,3.94,0,2,1,3.32,0,980
980,2019,4,15,0826,-37.34,146.10,3.94,0,2,5,8.20,0,980
981,2019,4,15,0826,-37.44,145.94,3.94,0,2,5,8.12,0,981
982,2019,4,15,0826,-37.80,146.04,3.92,0,2,3,7.19,0,985
983,2019,4,15,0826,-37.80,146.06,3.92,0,2,3,8.09,0,985
984,2019,4,15,0826,-37.80,146.08,3.92,0,2,3,8.09,0,985
985,2019,4,15,0826,-37.82,146.06,3.92,0,2,3,8.09,0,985
986,2019,4,15,0826,-37.82,146.08,3.92,0,2,3,8.09,0,985
987,2019,4,15,0832,-42.64,171.44,3.65,0,2,1,1.83,0,987
988,2019,4,15,0832,-42.84,173.18,3.63,0,2,3,1.97,0,988
989,2019,4,15,0832,-42.88,146.88,3.63,0,2,3,5.36,0,998
990,2019,4,15,0832,-42.88,146.90,3.63,0,2,5,6.20,0,998
991,2019,4,15,0832,-42.88,146.92,3.63,0,2,5,6.20,0,998
992,2019,4,15,0832,-42.90,146.88,3.63,0,2,5,8.86,0,998
993,2019,4,15,0832,-42.90,146.90,3.63,0,2,5,40.72,0,998
994,2019,4,15,0832,-42.90,146.92,3.63,0,2,5,40.72,0,998
995,2019,4,15,0832,-42.90,146.94,3.63,0,3,3,2.78,0,998
996,2019,4,15,0832,-42.92,146.88,3.63,0,2,5,8.86,0,998
997,2019,4,15,0832,-42.92,146.90,3.63,0,2,5,8.86,0,998
998,2019,4,15,0832,-42.92,146.92,3.63,0,2,5,40.72,0,998
999,2019,4,15,0832,-42.92,146.94,3.63,0,3,3,2.78,0,998
1000,2019,4,15,0832,-42.94,146.92,3.63,0,2,5,16.68,0,998
1001,2019,4,15,0832,-42.96,146.84,3.63,0,2,5,9.87,0,1005
1002,2019,4,15,0832,-42.96,146.86,3.63,0,2,5,11.31,0,1005
1003,2019,4,15,0832,-42.98,146.84,3.63,0,2,5,9.87,0,1005
1004,2019,4,15,0832,-42.98,146.86,3.63,0,2,5,11.31,0,1005
1005,2019,4,15,0832,-42.98,146.88,3.63,0,2,5,11.31,0,1005
1006,2019,4,15,0832,-44.58,171.16,3.53,0,1,3,5.63,0,1006
