# 2019  2 19  8  0 UTC  2020  4 30  1  9 UTC
# ID,Year,Month,Day,Time(UTC),Lat,Lon,Area(km^2),Volcano,Level,Reliability,FRP(Wm^-2),QF,Hot(ID)
1,2019,2,19,0758,51.42,112.70,3.09,0,2,3,6.97,0,1
2,2019,2,19,0758,51.42,112.72,3.09,0,2,3,6.97,0,1
3,2019,2,19,0758,51.42,112.76,3.09,0,3,1,3.01,0,5
4,2019,2,19,0758,51.40,112.72,3.09,0,2,3,6.97,0,1
5,2019,2,19,0758,51.40,112.76,3.09,0,3,1,3.01,0,5
6,2019,2,19,0758,51.16,113.88,3.11,0,2,3,2.31,0,6
7,2019,2,19,0758,50.90,118.80,3.13,0,2,1,2.79,0,14
8,2019,2,19,0758,50.90,118.82,3.13,0,2,1,2.79,0,14
9,2019,2,19,0758,50.88,118.54,3.13,0,2,3,4.54,0,9
10,2019,2,19,0758,50.88,118.82,3.13,0,2,1,2.79,0,14
11,2019,2,19,0758,50.86,118.56,3.13,0,2,3,4.60,0,11
12,2019,2,19,0758,50.86,118.78,3.13,0,2,3,3.53,0,14
13,2019,2,19,0758,50.86,118.80,3.13,0,2,3,3.53,0,14
14,2019,2,19,0758,50.86,118.82,3.13,0,2,3,3.94,0,14
15,2019,2,19,0758,50.86,118.84,3.13,0,2,3,3.94,0,14
16,2019,2,19,0758,50.84,118.80,3.13,0,2,3,3.53,0,14
17,2019,2,19,0758,50.84,118.82,3.13,0,2,3,3.53,0,14
18,2019,2,19,0758,50.84,118.84,3.13,0,2,3,3.94,0,14
19,2019,2,19,0758,50.20,113.16,3.17,0,2,3,1.78,0,20
20,2019,2,19,0758,50.18,113.16,3.17,0,2,3,1.78,0,20
21,2019,2,19,0758,50.18,113.18,3.17,0,2,3,1.78,0,20
22,2019,2,19,0758,49.98,123.46,3.19,0,2,1,.78,0,23
23,2019,2,19,0758,49.98,123.48,3.19,0,2,1,.78,0,23
24,2019,2,19,0804,39.28,110.14,3.84,0,2,1,3.65,0,24
25,2019,2,19,0804,39.28,110.16,3.84,0,2,1,3.65,0,24
26,2019,2,19,0804,38.18,107.06,3.90,0,3,3,1.61,0,27
27,2019,2,19,0804,38.18,107.08,3.90,0,3,3,1.61,0,27
28,2019,2,19,0804,25.58,85.42,4.47,0,3,3,3.03,0,29
29,2019,2,19,0804,25.58,85.44,4.47,0,3,3,3.03,0,29
30,2019,2,19,0804,25.52,93.86,4.47,0,2,3,6.31,0,30
31,2019,2,19,0804,25.52,93.88,4.47,0,2,3,6.31,0,30
32,2019,2,19,0804,25.50,93.88,4.47,0,2,1,6.09,0,30
33,2019,2,19,0804,24.16,88.76,4.52,0,3,3,3.34,0,34
34,2019,2,19,0804,24.16,88.78,4.52,0,3,3,3.34,0,34
35,2019,2,19,0804,24.16,88.96,4.52,0,3,3,2.47,2,36
36,2019,2,19,0804,24.16,88.98,4.52,0,3,3,2.47,2,36
37,2019,2,19,0804,24.14,88.78,4.52,0,3,1,2.64,0,34
38,2019,2,19,0804,24.14,88.80,4.52,0,3,1,2.64,0,34
39,2019,2,19,0804,24.08,89.74,4.53,0,3,1,2.60,0,42
40,2019,2,19,0804,24.08,89.76,4.53,0,3,3,2.61,0,42
41,2019,2,19,0804,24.06,89.76,4.53,0,3,1,3.24,0,42
42,2019,2,19,0804,24.06,89.78,4.53,0,3,1,3.24,0,42
43,2019,2,19,0804,24.06,104.48,4.53,0,3,3,1.69,0,43
44,2019,2,19,0804,24.06,104.50,4.53,0,3,3,1.69,0,43
45,2019,2,19,0804,24.00,89.08,4.53,0,3,3,2.09,0,46
46,2019,2,19,0804,24.00,89.10,4.53,0,3,3,2.09,0,46
47,2019,2,19,0804,23.98,89.12,4.53,0,3,3,1.92,0,47
48,2019,2,19,0804,23.10,89.58,4.56,0,3,3,2.53,0,49
49,2019,2,19,0804,23.10,89.60,4.56,0,3,3,2.53,0,49
50,2019,2,19,0804,22.00,102.56,4.60,0,2,1,2.01,0,50
51,2019,2,19,0804,21.86,94.00,4.60,0,2,3,6.39,0,51
52,2019,2,19,0804,21.30,98.54,4.62,0,3,1,1.83,0,52
53,2019,2,19,0804,21.26,99.80,4.62,0,3,3,3.46,0,53
54,2019,2,19,0804,21.26,99.82,4.62,0,3,3,3.46,0,53
55,2019,2,19,0804,21.24,99.82,4.62,0,3,1,3.25,0,53
56,2019,2,19,0804,21.02,96.90,4.63,0,2,3,6.57,0,56
57,2019,2,19,0804,20.62,93.08,4.64,0,3,1,3.32,0,57
58,2019,2,19,0804,20.58,99.66,4.64,0,2,3,6.33,0,58
59,2019,2,19,0804,20.58,99.68,4.64,0,2,3,6.33,0,58
60,2019,2,19,0804,20.48,99.58,4.64,0,3,3,3.29,0,60
61,2019,2,19,0804,20.48,99.60,4.64,0,3,3,3.29,0,60
62,2019,2,19,0804,20.46,99.60,4.64,0,2,1,3.12,0,60
63,2019,2,19,0804,20.40,98.02,4.65,0,2,1,6.74,0,63
64,2019,2,19,0804,20.06,101.50,4.66,0,3,1,2.50,0,64
65,2019,2,19,0804,20.00,104.84,4.66,0,2,3,6.61,0,65
66,2019,2,19,0804,19.98,104.84,4.66,0,2,3,6.61,0,65
67,2019,2,19,0804,19.98,104.86,4.66,0,2,3,6.61,0,65
68,2019,2,19,0804,19.76,98.92,4.66,0,2,3,5.75,0,68
69,2019,2,19,0804,19.56,97.24,4.67,0,2,1,11.65,0,69
70,2019,2,19,0804,19.56,97.26,4.67,0,2,3,11.65,0,69
71,2019,2,19,0804,19.48,80.00,4.67,0,2,3,2.48,0,71
72,2019,2,19,0804,19.28,101.08,4.68,0,2,5,66.82,0,72
73,2019,2,19,0804,19.28,101.10,4.68,0,2,5,66.82,0,72
74,2019,2,19,0804,19.28,101.12,4.68,0,2,5,47.02,0,72
75,2019,2,19,0804,19.26,101.10,4.68,0,1,3,20.34,0,72
76,2019,2,19,0804,19.18,97.30,4.68,0,2,3,11.51,0,76
77,2019,2,19,0804,19.18,97.32,4.68,0,2,3,11.51,0,76
78,2019,2,19,0804,19.16,97.32,4.68,0,2,3,9.95,0,76
79,2019,2,19,0804,18.98,97.30,4.69,0,2,3,7.67,0,79
80,2019,2,19,0804,18.74,97.48,4.69,0,2,1,6.71,0,80
81,2019,2,19,0804,18.74,97.50,4.69,0,2,3,6.71,0,80
82,2019,2,19,0804,18.72,97.50,4.69,0,2,1,5.10,0,80
83,2019,2,19,0804,18.68,95.76,4.70,0,2,3,15.63,0,87
84,2019,2,19,0804,18.68,95.78,4.70,0,2,3,15.63,0,87
85,2019,2,19,0804,18.68,95.80,4.70,0,2,1,7.36,0,87
86,2019,2,19,0804,18.68,95.82,4.70,0,2,3,7.36,0,87
87,2019,2,19,0804,18.66,95.78,4.70,0,2,5,23.50,0,87
88,2019,2,19,0804,18.66,95.80,4.70,0,2,3,13.96,0,87
89,2019,2,19,0804,18.66,95.82,4.70,0,2,3,13.96,0,87
90,2019,2,19,0804,18.64,97.48,4.70,0,2,1,3.60,0,90
91,2019,2,19,0804,18.58,95.80,4.70,0,2,3,12.07,0,91
92,2019,2,19,0804,18.56,95.82,4.70,0,2,3,13.03,0,92
93,2019,2,19,0804,18.56,95.84,4.70,0,2,3,13.03,0,92
94,2019,2,19,0804,18.54,98.36,4.70,0,2,3,4.78,0,94
95,2019,2,19,0804,17.40,121.70,4.73,0,2,3,3.25,0,95
96,2019,2,19,0804,17.32,106.72,4.73,0,3,1,3.36,0,96
97,2019,2,19,0804,17.02,103.34,4.74,0,2,5,10.11,0,97
98,2019,2,19,0804,17.02,103.36,4.74,0,3,3,5.83,0,97
99,2019,2,19,0804,16.88,121.34,4.74,0,2,3,5.37,0,99
100,2019,2,19,0804,16.76,103.06,4.75,0,3,3,4.47,0,100
101,2019,2,19,0804,16.64,120.84,4.75,0,2,3,13.42,0,101
102,2019,2,19,0804,16.64,120.86,4.75,0,2,3,11.25,0,101
103,2019,2,19,0804,16.58,121.02,4.75,0,2,3,9.55,0,103
104,2019,2,19,0804,16.58,121.04,4.75,0,2,3,9.55,0,103
105,2019,2,19,0804,16.42,97.90,4.75,0,2,3,14.84,0,105
106,2019,2,19,0804,16.42,97.92,4.75,0,2,5,14.84,0,105
107,2019,2,19,0804,16.38,120.74,4.76,0,2,3,5.76,0,107
108,2019,2,19,0804,16.36,101.92,4.76,0,2,3,13.79,0,108
109,2019,2,19,0804,16.36,120.78,4.76,0,2,3,8.61,0,109
110,2019,2,19,0804,16.34,121.14,4.76,0,2,3,9.73,0,112
111,2019,2,19,0804,16.34,121.16,4.76,0,2,3,9.11,0,112
112,2019,2,19,0804,16.32,121.14,4.76,0,2,5,12.05,0,112
113,2019,2,19,0804,16.32,121.16,4.76,0,2,3,8.58,0,112
114,2019,2,19,0804,15.86,103.62,4.77,0,2,3,15.63,0,114
115,2019,2,19,0804,15.82,102.14,4.77,0,2,1,10.88,0,115
116,2019,2,19,0804,15.82,102.16,4.77,0,2,1,10.88,0,115
117,2019,2,19,0804,15.62,103.68,4.77,0,2,5,27.23,0,118
118,2019,2,19,0804,15.60,103.66,4.77,0,1,3,49.00,0,118
119,2019,2,19,0804,15.60,103.68,4.77,0,2,3,29.41,0,118
120,2019,2,19,0804,15.60,103.70,4.77,0,2,3,29.41,0,118
121,2019,2,19,0804,15.52,103.86,4.78,0,2,3,15.87,0,127
122,2019,2,19,0804,15.52,103.88,4.78,0,2,3,15.87,0,127
123,2019,2,19,0804,15.52,103.90,4.78,0,2,3,18.30,0,127
124,2019,2,19,0804,15.52,104.88,4.78,0,3,3,6.50,0,124
125,2019,2,19,0804,15.52,104.90,4.78,0,3,3,6.50,0,124
126,2019,2,19,0804,15.50,103.88,4.78,0,2,3,18.27,0,127
127,2019,2,19,0804,15.50,103.90,4.78,0,2,3,19.42,0,127
128,2019,2,19,0804,15.42,120.04,4.78,0,2,5,19.40,0,128
129,2019,2,19,0804,15.22,104.84,4.78,0,3,3,9.10,0,129
130,2019,2,19,0804,15.12,106.42,4.79,0,2,5,27.78,0,130
131,2019,2,19,0804,15.06,103.24,4.79,0,2,3,7.74,0,131
132,2019,2,19,0804,14.76,106.16,4.79,0,2,5,32.80,0,133
133,2019,2,19,0804,14.76,106.18,4.79,0,2,5,65.42,0,133
134,2019,2,19,0804,14.76,106.20,4.79,0,2,5,65.42,0,133
135,2019,2,19,0804,14.74,106.20,4.79,0,2,3,25.54,0,133
136,2019,2,19,0804,13.96,107.42,4.81,0,2,3,31.29,0,136
137,2019,2,19,0804,13.94,107.24,4.81,0,2,3,6.89,0,137
138,2019,2,19,0804,13.74,105.58,4.81,0,2,5,41.70,0,138
139,2019,2,19,0804,13.62,107.40,4.82,0,2,5,22.16,0,141
140,2019,2,19,0804,13.60,107.38,4.82,0,2,3,12.78,0,141
141,2019,2,19,0804,13.60,107.40,4.82,0,2,5,35.01,0,141
142,2019,2,19,0804,13.56,105.88,4.82,0,2,3,14.83,0,142
143,2019,2,19,0804,13.56,105.90,4.82,0,2,3,14.81,0,142
144,2019,2,19,0804,13.46,120.36,4.82,0,3,3,3.65,0,144
145,2019,2,19,0804,13.46,120.68,4.82,0,3,1,4.38,0,145
146,2019,2,19,0804,13.28,105.08,4.82,0,2,3,19.73,0,146
147,2019,2,19,0804,13.20,103.36,4.83,0,2,3,22.70,0,147
148,2019,2,19,0804,13.16,104.98,4.83,0,2,3,18.63,0,149
149,2019,2,19,0804,13.16,105.00,4.83,0,2,5,27.30,0,149
150,2019,2,19,0804,12.64,121.10,4.84,0,2,3,6.46,0,150
151,2019,2,19,0804,12.06,99.12,4.85,0,2,5,16.29,0,151
152,2019,2,19,0804,12.06,99.14,4.85,0,3,3,8.00,0,151
153,2019,2,19,0804,12.06,99.16,4.85,0,3,3,8.00,0,151
154,2019,2,19,0804,12.02,120.06,4.85,0,2,3,4.47,0,154
155,2019,2,19,0804,12.02,120.08,4.85,0,2,3,4.47,0,154
156,2019,2,19,0804,11.94,107.88,4.85,0,1,1,22.27,0,156
157,2019,2,19,0804,11.94,107.90,4.85,0,1,1,22.27,0,156
158,2019,2,19,0804,11.78,120.02,4.85,0,3,1,2.36,0,158
159,2019,2,19,0804,11.36,104.30,4.86,0,2,5,24.07,0,159
160,2019,2,19,0804,11.34,103.24,4.86,0,2,5,46.11,0,160
161,2019,2,19,0804,7.94,122.50,4.91,0,2,3,6.66,0,162
162,2019,2,19,0804,7.92,122.50,4.91,0,2,5,16.75,0,162
163,2019,2,19,0804,7.92,122.52,4.91,0,2,3,5.74,0,162
164,2019,2,19,0804,6.68,122.04,4.92,0,2,3,3.59,0,164
165,2019,2,19,0804,4.48,97.96,4.94,0,3,1,2.92,0,165
166,2019,2,19,0804,3.30,117.60,4.95,0,3,1,2.11,0,166
167,2019,2,19,0804,1.20,117.02,4.96,0,2,3,7.25,0,169
168,2019,2,19,0804,1.18,117.00,4.96,0,2,3,9.69,0,169
169,2019,2,19,0804,1.18,117.02,4.96,0,2,5,34.75,0,169
170,2019,2,19,0804,.70,117.08,4.96,0,2,3,7.21,0,170
171,2019,2,19,0804,.10,116.10,4.96,0,2,1,7.82,0,171
172,2019,2,19,0804,-.14,116.78,4.96,0,2,5,29.72,0,174
173,2019,2,19,0804,-.14,116.80,4.96,0,1,5,48.83,0,174
174,2019,2,19,0804,-.16,116.78,4.96,0,2,5,50.77,0,174
175,2019,2,19,0804,-.16,116.80,4.96,0,2,5,31.68,0,174
176,2019,2,19,0804,-.88,115.80,4.96,0,3,1,2.61,2,176
177,2019,2,19,0804,-.88,116.00,4.96,0,3,3,2.95,0,178
178,2019,2,19,0804,-.90,116.00,4.96,0,3,3,3.48,0,178
179,2019,2,19,0804,-.90,116.02,4.96,0,3,3,3.16,2,178
180,2019,2,19,0804,-.94,115.78,4.96,0,3,3,1.96,0,180
181,2019,2,19,0804,-.96,114.88,4.96,0,2,1,3.56,0,181
182,2019,2,19,0804,-4.44,105.22,4.94,0,3,1,6.40,0,182
183,2019,2,19,0804,-10.00,148.00,4.88,0,2,5,4.69,0,185
184,2019,2,19,0804,-10.02,147.90,4.88,0,3,3,1.82,0,184
185,2019,2,19,0804,-10.02,148.00,4.88,0,2,5,5.71,0,185
186,2019,2,19,0809,-14.00,131.48,4.81,0,2,3,6.81,0,187
187,2019,2,19,0809,-14.00,131.50,4.81,0,2,5,8.50,0,187
188,2019,2,19,0809,-14.00,136.44,4.81,0,2,1,2.46,0,188
189,2019,2,19,0809,-14.30,130.64,4.80,0,2,5,8.03,0,189
190,2019,2,19,0809,-15.24,128.64,4.78,0,3,3,1.42,0,191
191,2019,2,19,0809,-15.26,128.64,4.78,0,3,3,1.69,0,191
192,2019,2,19,0809,-15.42,128.90,4.78,0,2,3,2.82,0,194
193,2019,2,19,0809,-15.44,128.90,4.78,0,2,3,3.47,0,194
194,2019,2,19,0809,-15.46,128.90,4.78,0,2,3,3.51,0,194
195,2019,2,19,0809,-15.54,128.60,4.78,0,2,3,3.52,0,195
196,2019,2,19,0809,-15.68,132.02,4.77,0,2,5,50.36,0,198
197,2019,2,19,0809,-15.70,132.00,4.77,0,2,5,40.97,0,198
198,2019,2,19,0809,-15.70,132.02,4.77,0,2,5,92.35,0,198
199,2019,2,19,0809,-15.80,131.86,4.77,0,2,5,53.65,0,199
200,2019,2,19,0809,-15.80,131.88,4.77,0,3,3,12.79,0,199
201,2019,2,19,0809,-15.86,131.92,4.77,0,2,3,22.39,0,201
202,2019,2,19,0809,-15.90,131.90,4.77,0,2,3,8.62,0,202
203,2019,2,19,0809,-16.02,128.00,4.76,0,2,5,8.80,0,204
204,2019,2,19,0809,-16.04,128.00,4.76,0,2,5,20.17,0,204
205,2019,2,19,0809,-16.20,129.08,4.76,0,2,1,5.69,0,205
206,2019,2,19,0809,-16.28,125.14,4.76,0,2,1,4.44,0,206
207,2019,2,19,0809,-16.44,127.46,4.75,0,2,3,4.80,0,207
208,2019,2,19,0809,-16.48,130.18,4.75,0,1,3,34.93,0,208
209,2019,2,19,0809,-16.50,130.18,4.75,0,2,3,13.69,0,208
210,2019,2,19,0809,-17.42,126.00,4.73,0,3,3,2.64,0,210
211,2019,2,19,0809,-19.40,141.16,4.68,0,2,3,2.35,0,211
212,2019,2,19,0809,-20.10,140.58,4.65,0,2,5,14.00,0,212
213,2019,2,19,0809,-20.10,140.60,4.65,0,2,5,11.05,0,212
214,2019,2,19,0809,-21.04,119.80,4.63,0,2,3,6.83,0,214
215,2019,2,19,0809,-22.90,149.90,4.57,0,2,5,6.55,0,215
216,2019,2,19,0809,-22.92,149.90,4.57,0,2,5,6.25,0,215
217,2019,2,19,0809,-23.16,149.74,4.56,0,2,3,5.94,0,217
218,2019,2,19,0809,-23.28,146.38,4.55,0,1,5,53.68,0,223
219,2019,2,19,0809,-23.28,146.40,4.55,0,2,5,76.64,0,223
220,2019,2,19,0809,-23.28,146.42,4.55,0,2,5,13.63,0,223
221,2019,2,19,0809,-23.30,129.48,4.55,0,2,3,9.63,0,232
222,2019,2,19,0809,-23.30,146.38,4.55,0,2,5,39.91,0,223
223,2019,2,19,0809,-23.30,146.40,4.55,0,2,5,100.67,0,223
224,2019,2,19,0809,-23.32,129.48,4.55,0,2,5,16.55,0,232
225,2019,2,19,0809,-23.32,129.50,4.55,0,3,3,8.01,0,232
226,2019,2,19,0809,-23.34,115.16,4.55,0,2,3,6.82,0,226
227,2019,2,19,0809,-23.34,129.48,4.55,0,2,3,18.92,0,232
228,2019,2,19,0809,-23.34,129.50,4.55,0,2,3,18.92,0,232
229,2019,2,19,0809,-23.34,129.52,4.55,0,2,5,51.09,0,232
230,2019,2,19,0809,-23.34,129.54,4.55,0,2,5,316.92,0,230
231,2019,2,19,0809,-23.36,129.50,4.55,0,2,5,38.06,0,232
232,2019,2,19,0809,-23.36,129.52,4.55,0,2,5,241.09,0,232
233,2019,2,19,0809,-23.38,129.44,4.55,0,2,5,184.23,0,236
234,2019,2,19,0809,-23.38,129.46,4.55,0,2,5,27.11,0,236
235,2019,2,19,0809,-23.40,129.42,4.55,0,2,5,62.97,0,236
236,2019,2,19,0809,-23.40,129.44,4.55,0,2,5,229.32,0,236
237,2019,2,19,0809,-23.40,129.46,4.55,0,3,5,34.29,0,236
238,2019,2,19,0809,-23.64,145.42,4.54,0,2,3,7.92,0,241
239,2019,2,19,0809,-23.64,145.44,4.54,0,2,3,6.60,0,241
240,2019,2,19,0809,-23.66,145.42,4.54,0,2,5,13.21,0,241
241,2019,2,19,0809,-23.66,145.44,4.54,0,2,5,13.42,0,241
242,2019,2,19,0809,-23.74,145.54,4.54,0,2,5,16.46,0,242
243,2019,2,19,0809,-23.76,145.54,4.54,0,2,5,13.89,0,242
244,2019,2,19,0809,-23.82,151.12,4.53,0,2,5,6.31,0,244
245,2019,2,19,0809,-24.34,150.76,4.52,0,2,3,4.30,0,249
246,2019,2,19,0809,-24.36,150.76,4.52,0,2,3,5.69,0,249
247,2019,2,19,0809,-24.36,150.78,4.52,0,2,5,13.13,0,249
248,2019,2,19,0809,-24.36,150.80,4.52,0,2,3,7.46,0,249
249,2019,2,19,0809,-24.38,150.78,4.51,0,1,5,31.81,0,249
250,2019,2,19,0809,-24.38,150.80,4.51,0,2,5,9.58,0,249
251,2019,2,19,0809,-24.56,145.32,4.51,0,1,3,10.11,0,251
252,2019,2,19,0809,-24.88,148.92,4.50,0,2,5,17.36,0,252
253,2019,2,19,0809,-24.88,149.00,4.50,0,2,3,9.25,0,259
254,2019,2,19,0809,-24.90,148.98,4.50,0,2,5,33.55,0,259
255,2019,2,19,0809,-24.90,149.00,4.50,0,2,5,63.99,0,259
256,2019,2,19,0809,-24.92,148.98,4.50,0,2,5,33.55,0,259
257,2019,2,19,0809,-24.92,149.00,4.50,0,2,5,63.99,0,259
258,2019,2,19,0809,-24.94,148.98,4.49,0,2,5,21.46,0,259
259,2019,2,19,0809,-24.94,149.00,4.49,0,2,5,83.13,0,259
260,2019,2,19,0809,-25.08,149.82,4.49,0,2,5,12.27,0,262
261,2019,2,19,0809,-25.08,149.84,4.49,0,2,5,10.49,0,262
262,2019,2,19,0809,-25.10,149.82,4.49,0,2,5,12.27,0,262
263,2019,2,19,0809,-25.10,149.84,4.49,0,2,5,10.49,0,262
264,2019,2,19,0809,-25.12,149.48,4.49,0,2,5,6.56,0,265
265,2019,2,19,0809,-25.12,149.50,4.49,0,2,5,14.64,0,265
266,2019,2,19,0809,-25.12,149.84,4.49,0,2,3,9.17,0,262
267,2019,2,19,0809,-25.14,149.48,4.49,0,2,3,5.53,0,265
268,2019,2,19,0809,-25.14,149.50,4.49,0,2,5,5.52,0,265
269,2019,2,19,0809,-25.14,149.86,4.49,0,1,1,12.73,0,270
270,2019,2,19,0809,-25.14,149.88,4.49,0,2,5,35.88,0,270
271,2019,2,19,0809,-25.14,149.90,4.49,0,2,5,22.69,0,270
272,2019,2,19,0809,-25.16,149.88,4.49,0,2,5,25.43,0,270
273,2019,2,19,0809,-25.16,149.90,4.49,0,2,5,25.69,0,270
274,2019,2,19,0809,-25.18,148.54,4.49,0,2,3,14.61,0,274
275,2019,2,19,0809,-25.26,149.22,4.48,0,2,5,16.03,0,276
276,2019,2,19,0809,-25.26,149.24,4.48,0,2,5,16.19,0,276
277,2019,2,19,0809,-25.28,149.24,4.48,0,2,5,15.41,0,276
278,2019,2,19,0809,-25.32,145.92,4.48,0,2,5,8.71,0,278
279,2019,2,19,0809,-25.34,145.86,4.48,0,2,3,4.16,0,279
280,2019,2,19,0809,-25.34,145.90,4.48,0,2,3,5.18,0,278
281,2019,2,19,0809,-25.34,145.92,4.48,0,2,5,6.87,0,278
282,2019,2,19,0809,-25.90,123.38,4.46,0,3,1,2.44,0,282
283,2019,2,19,0809,-27.00,149.74,4.42,0,2,5,7.13,0,286
284,2019,2,19,0809,-27.02,120.74,4.42,0,3,3,19.94,0,284
285,2019,2,19,0809,-27.02,120.76,4.42,0,3,3,10.80,0,284
286,2019,2,19,0809,-27.02,149.74,4.42,0,2,5,8.77,0,286
287,2019,2,19,0809,-27.18,122.24,4.41,0,2,5,25.10,0,289
288,2019,2,19,0809,-27.18,122.26,4.41,0,2,5,25.10,0,289
289,2019,2,19,0809,-27.18,122.28,4.41,0,1,3,29.26,0,289
290,2019,2,19,0809,-27.54,150.32,4.39,0,2,5,20.49,0,291
291,2019,2,19,0809,-27.56,150.32,4.39,0,2,5,82.83,0,291
292,2019,2,19,0809,-27.56,150.34,4.39,0,2,5,13.99,0,291
293,2019,2,19,0809,-28.64,142.52,4.35,0,2,5,7.50,0,293
294,2019,2,19,0809,-28.66,123.84,4.35,0,3,1,2.23,0,295
295,2019,2,19,0809,-28.66,123.86,4.35,0,3,1,2.50,0,295
296,2019,2,19,0809,-28.94,123.04,4.34,0,2,5,16.83,0,303
297,2019,2,19,0809,-28.94,152.18,4.34,0,2,5,36.12,0,301
298,2019,2,19,0809,-28.94,152.20,4.34,0,2,5,36.12,0,301
299,2019,2,19,0809,-28.94,152.22,4.34,0,2,3,20.57,0,301
300,2019,2,19,0809,-28.96,123.04,4.34,0,2,5,16.83,0,303
301,2019,2,19,0809,-28.96,152.20,4.34,0,2,5,36.12,0,301
302,2019,2,19,0809,-28.96,152.22,4.34,0,2,3,20.57,0,301
303,2019,2,19,0809,-28.98,123.02,4.34,0,1,3,22.37,0,303
304,2019,2,19,0809,-28.98,123.04,4.34,0,1,3,22.37,0,303
305,2019,2,19,0809,-29.00,147.70,4.34,0,2,3,5.53,0,309
306,2019,2,19,0809,-29.02,125.30,4.33,0,2,3,3.00,0,308
307,2019,2,19,0809,-29.02,125.32,4.33,0,2,1,2.65,0,308
308,2019,2,19,0809,-29.02,125.34,4.33,0,3,3,3.78,0,308
309,2019,2,19,0809,-29.02,147.70,4.33,0,2,3,5.53,0,309
310,2019,2,19,0809,-29.42,122.88,4.32,0,3,1,2.33,0,310
311,2019,2,19,0809,-29.56,120.52,4.31,0,2,1,8.06,0,316
312,2019,2,19,0809,-29.58,120.48,4.31,0,2,3,9.08,0,316
313,2019,2,19,0809,-29.58,120.50,4.31,0,2,5,19.32,0,316
314,2019,2,19,0809,-29.58,120.52,4.31,0,2,1,8.06,0,316
315,2019,2,19,0809,-29.60,120.46,4.31,0,2,5,28.49,0,316
316,2019,2,19,0809,-29.60,120.48,4.31,0,2,5,50.32,0,316
317,2019,2,19,0809,-29.60,120.50,4.31,0,2,5,50.32,0,316
318,2019,2,19,0809,-29.60,120.52,4.31,0,2,5,16.40,0,316
319,2019,2,19,0809,-29.70,124.30,4.31,0,3,1,2.34,0,321
320,2019,2,19,0809,-29.72,124.30,4.30,0,3,1,3.61,2,321
321,2019,2,19,0809,-29.72,124.32,4.30,0,3,1,3.76,2,321
322,2019,2,19,0809,-30.08,123.18,4.29,0,2,5,22.51,0,322
323,2019,2,19,0809,-30.12,123.22,4.29,0,2,5,23.39,0,323
324,2019,2,19,0809,-30.14,123.22,4.29,0,2,3,13.53,0,323
325,2019,2,19,0809,-30.16,123.22,4.29,0,2,5,15.56,0,323
326,2019,2,19,0809,-30.16,123.26,4.29,0,3,1,5.03,0,323
327,2019,2,19,0809,-30.18,123.22,4.28,0,2,5,12.20,0,323
328,2019,2,19,0809,-30.18,123.24,4.28,0,2,3,10.51,0,323
329,2019,2,19,0809,-30.18,123.26,4.28,0,2,3,10.57,0,323
330,2019,2,19,0809,-30.18,123.28,4.28,0,2,3,9.06,0,323
331,2019,2,19,0809,-30.20,123.24,4.28,0,2,3,19.50,0,323
332,2019,2,19,0809,-30.20,123.26,4.28,0,2,3,14.24,0,323
333,2019,2,19,0809,-30.28,123.66,4.28,0,2,3,13.48,0,333
334,2019,2,19,0809,-30.28,123.68,4.28,0,2,3,13.48,0,333
335,2019,2,19,0809,-30.34,116.56,4.28,0,2,5,21.05,0,335
336,2019,2,19,0809,-30.34,116.58,4.28,0,2,5,12.22,0,335
337,2019,2,19,0809,-30.46,123.32,4.27,0,2,5,21.92,0,338
338,2019,2,19,0809,-30.46,123.34,4.27,0,2,5,39.97,0,338
339,2019,2,19,0809,-30.48,123.34,4.27,0,2,3,26.51,0,338
340,2019,2,19,0809,-30.64,119.90,4.26,0,2,5,23.59,0,341
341,2019,2,19,0809,-30.64,119.92,4.26,0,2,5,46.29,0,341
342,2019,2,19,0809,-30.64,119.94,4.26,0,2,1,19.25,0,341
343,2019,2,19,0809,-30.64,119.96,4.26,0,2,1,19.25,0,341
344,2019,2,19,0809,-30.66,119.92,4.26,0,3,3,9.84,0,341
345,2019,2,19,0809,-30.66,119.94,4.26,0,2,3,8.55,0,341
346,2019,2,19,0809,-30.92,118.04,4.25,0,2,5,31.07,0,346
347,2019,2,19,0809,-30.94,118.02,4.25,0,2,5,31.86,0,347
348,2019,2,19,0809,-30.94,120.68,4.25,0,3,1,2.15,0,349
349,2019,2,19,0809,-30.96,120.66,4.25,0,3,1,3.29,0,349
350,2019,2,19,0809,-30.96,120.68,4.25,0,3,1,3.29,0,349
351,2019,2,19,0809,-30.96,146.62,4.25,0,2,5,7.17,0,351
352,2019,2,19,0809,-30.96,146.64,4.25,0,2,5,7.00,0,351
353,2019,2,19,0809,-30.96,146.66,4.25,0,2,5,7.00,0,351
354,2019,2,19,0809,-30.98,146.62,4.25,0,2,5,5.16,0,351
355,2019,2,19,0809,-30.98,146.64,4.25,0,2,5,5.16,0,351
356,2019,2,19,0809,-30.98,146.66,4.25,0,2,5,6.64,0,351
357,2019,2,19,0809,-31.00,146.64,4.25,0,2,5,5.16,0,351
358,2019,2,19,0809,-31.00,146.66,4.25,0,2,5,6.64,0,351
359,2019,2,19,0809,-31.00,151.76,4.25,0,2,3,10.78,0,360
360,2019,2,19,0809,-31.00,151.78,4.25,0,2,5,17.88,0,360
361,2019,2,19,0809,-31.14,116.96,4.24,0,2,3,3.88,0,363
362,2019,2,19,0809,-31.14,116.98,4.24,0,2,3,3.88,0,363
363,2019,2,19,0809,-31.16,116.96,4.24,0,2,3,3.88,0,363
364,2019,2,19,0809,-31.16,117.60,4.24,0,2,5,17.48,0,365
365,2019,2,19,0809,-31.18,117.60,4.24,0,2,5,17.48,0,365
366,2019,2,19,0809,-31.20,117.58,4.24,0,2,3,5.87,0,366
367,2019,2,19,0809,-31.28,117.76,4.24,0,2,3,4.23,0,370
368,2019,2,19,0809,-31.28,146.32,4.24,0,2,5,20.71,0,368
369,2019,2,19,0809,-31.28,146.34,4.24,0,2,5,8.02,0,368
370,2019,2,19,0809,-31.30,117.74,4.24,0,2,3,7.76,0,370
371,2019,2,19,0809,-31.30,117.76,4.24,0,2,3,7.76,0,370
372,2019,2,19,0809,-31.30,146.32,4.24,0,2,5,4.38,0,368
373,2019,2,19,0809,-31.30,146.34,4.24,0,3,3,2.26,0,368
374,2019,2,19,0809,-31.32,145.64,4.23,0,2,5,8.25,0,377
375,2019,2,19,0809,-31.32,146.36,4.23,0,3,3,2.24,0,375
376,2019,2,19,0809,-31.34,145.62,4.23,0,2,5,5.84,0,377
377,2019,2,19,0809,-31.34,145.64,4.23,0,2,5,9.05,0,377
378,2019,2,19,0809,-31.38,121.30,4.23,0,2,5,37.57,0,378
379,2019,2,19,0809,-31.38,121.32,4.23,0,2,5,16.54,0,378
380,2019,2,19,0809,-31.42,121.30,4.23,0,2,5,18.60,0,386
381,2019,2,19,0809,-31.42,121.32,4.23,0,2,5,44.90,0,386
382,2019,2,19,0809,-31.42,121.34,4.23,0,2,5,44.90,0,386
383,2019,2,19,0809,-31.44,120.92,4.23,0,3,1,2.33,0,390
384,2019,2,19,0809,-31.44,120.96,4.23,0,2,1,3.45,0,384
385,2019,2,19,0809,-31.44,121.30,4.23,0,2,5,29.61,0,386
386,2019,2,19,0809,-31.44,121.32,4.23,0,2,5,78.09,0,386
387,2019,2,19,0809,-31.44,121.34,4.23,0,3,3,5.51,0,386
388,2019,2,19,0809,-31.44,121.36,4.23,0,3,3,5.51,0,386
389,2019,2,19,0809,-31.46,120.90,4.23,0,3,1,2.51,0,390
390,2019,2,19,0809,-31.46,120.92,4.23,0,3,1,3.14,0,390
391,2019,2,19,0809,-31.48,120.80,4.23,0,2,1,2.57,0,391
392,2019,2,19,0809,-32.04,122.80,4.20,0,3,3,2.20,0,392
393,2019,2,19,0809,-32.08,123.74,4.20,0,3,1,2.49,0,393
394,2019,2,19,0809,-32.10,121.38,4.20,0,2,1,3.25,0,398
395,2019,2,19,0809,-32.12,121.36,4.20,0,2,1,4.22,0,398
396,2019,2,19,0809,-32.12,121.38,4.20,0,3,1,3.29,0,398
397,2019,2,19,0809,-32.12,121.40,4.20,0,3,1,3.29,0,398
398,2019,2,19,0809,-32.14,121.36,4.20,0,2,1,5.33,0,398
399,2019,2,19,0809,-32.14,121.38,4.20,0,2,1,4.88,0,398
400,2019,2,19,0809,-32.14,121.74,4.20,0,2,1,4.52,0,400
401,2019,2,19,0809,-32.22,118.74,4.19,0,2,5,8.37,0,401
402,2019,2,19,0809,-32.22,123.18,4.19,0,3,1,2.29,0,402
403,2019,2,19,0809,-32.22,123.20,4.19,0,3,1,2.23,0,402
404,2019,2,19,0809,-32.38,122.90,4.19,0,3,1,2.30,0,407
405,2019,2,19,0809,-32.38,122.92,4.19,0,3,1,2.30,0,407
406,2019,2,19,0809,-32.40,122.90,4.18,0,3,1,3.46,0,407
407,2019,2,19,0809,-32.40,122.92,4.18,0,3,1,3.54,0,407
408,2019,2,19,0809,-32.42,122.90,4.18,0,3,1,2.27,0,407
409,2019,2,19,0809,-32.42,122.92,4.18,0,3,1,2.50,0,407
410,2019,2,19,0809,-32.46,123.54,4.18,0,3,1,2.68,0,414
411,2019,2,19,0809,-32.46,123.56,4.18,0,3,1,2.58,0,414
412,2019,2,19,0809,-32.46,123.58,4.18,0,3,1,2.58,0,414
413,2019,2,19,0809,-32.46,123.60,4.18,0,3,1,2.48,0,414
414,2019,2,19,0809,-32.46,123.62,4.18,0,3,1,2.71,0,414
415,2019,2,19,0809,-32.48,123.54,4.18,0,3,1,2.68,0,414
416,2019,2,19,0809,-32.48,123.56,4.18,0,3,1,2.58,0,414
417,2019,2,19,0809,-32.48,123.58,4.18,0,3,1,2.48,0,414
418,2019,2,19,0809,-32.52,120.76,4.18,0,2,1,5.22,0,418
419,2019,2,19,0809,-32.64,121.28,4.17,0,3,1,5.79,0,424
420,2019,2,19,0809,-32.66,121.28,4.17,0,3,1,6.58,0,424
421,2019,2,19,0809,-32.68,121.26,4.17,0,2,1,6.58,0,424
422,2019,2,19,0809,-32.68,121.28,4.17,0,2,1,6.58,0,424
423,2019,2,19,0809,-32.68,121.30,4.17,0,3,3,4.49,0,424
424,2019,2,19,0809,-32.70,121.26,4.17,0,2,1,6.58,0,424
425,2019,2,19,0809,-32.70,121.28,4.17,0,3,3,4.49,0,424
426,2019,2,19,0809,-32.70,121.30,4.17,0,3,3,4.49,0,424
427,2019,2,19,0809,-32.72,121.28,4.17,0,3,1,5.21,0,424
428,2019,2,19,0809,-32.94,123.42,4.16,0,2,3,6.16,0,430
429,2019,2,19,0809,-32.94,123.44,4.16,0,2,3,7.43,0,429
430,2019,2,19,0809,-32.96,123.40,4.16,0,2,3,6.16,0,430
431,2019,2,19,0809,-32.96,123.42,4.16,0,2,3,6.16,0,430
432,2019,2,19,0809,-32.98,146.44,4.16,0,2,1,33.86,0,434
433,2019,2,19,0809,-33.00,123.42,4.16,0,2,3,8.74,0,433
434,2019,2,19,0809,-33.00,146.44,4.16,0,2,1,75.95,0,434
435,2019,2,19,0809,-33.00,146.46,4.16,0,2,5,14.13,0,434
436,2019,2,19,0809,-33.00,146.48,4.16,0,2,5,14.13,0,434
437,2019,2,19,0809,-33.02,120.60,4.16,0,3,1,3.07,0,437
438,2019,2,19,0809,-33.02,146.42,4.16,0,2,3,5.17,0,434
439,2019,2,19,0809,-33.02,146.44,4.16,0,2,5,23.28,0,434
440,2019,2,19,0809,-33.02,146.46,4.16,0,2,5,23.28,0,434
441,2019,2,19,0809,-33.02,146.48,4.16,0,2,3,2.95,0,434
442,2019,2,19,0809,-33.06,123.08,4.15,0,3,1,3.50,0,442
443,2019,2,19,0809,-33.08,122.90,4.15,0,3,3,5.05,0,460
444,2019,2,19,0809,-33.08,122.92,4.15,0,3,3,5.38,0,460
445,2019,2,19,0809,-33.08,122.94,4.15,0,3,3,5.38,0,460
446,2019,2,19,0809,-33.08,122.96,4.15,0,3,3,4.65,0,460
447,2019,2,19,0809,-33.08,123.00,4.15,0,3,3,4.36,0,460
448,2019,2,19,0809,-33.10,122.88,4.15,0,3,3,3.88,0,460
449,2019,2,19,0809,-33.10,122.90,4.15,0,3,5,7.58,0,460
450,2019,2,19,0809,-33.10,122.92,4.15,0,3,3,5.57,0,460
451,2019,2,19,0809,-33.10,122.94,4.15,0,3,3,4.54,0,460
452,2019,2,19,0809,-33.10,122.96,4.15,0,3,3,4.54,0,460
453,2019,2,19,0809,-33.10,122.98,4.15,0,3,1,3.94,0,460
454,2019,2,19,0809,-33.10,123.00,4.15,0,3,3,4.84,0,460
455,2019,2,19,0809,-33.10,123.02,4.15,0,3,3,4.85,0,460
456,2019,2,19,0809,-33.10,123.30,4.15,0,2,5,15.46,0,462
457,2019,2,19,0809,-33.10,123.32,4.15,0,2,1,5.54,0,462
458,2019,2,19,0809,-33.10,123.34,4.15,0,2,3,5.54,0,462
459,2019,2,19,0809,-33.12,122.88,4.15,0,3,3,3.88,0,460
460,2019,2,19,0809,-33.12,122.90,4.15,0,3,5,7.58,0,460
461,2019,2,19,0809,-33.12,122.92,4.15,0,3,3,5.57,0,460
462,2019,2,19,0809,-33.12,123.30,4.15,0,2,3,20.60,0,462
463,2019,2,19,0809,-33.80,123.56,4.12,0,3,3,4.33,2,463
464,2019,2,19,0809,-33.80,123.58,4.12,0,3,3,3.43,2,463
465,2019,2,19,0809,-33.80,123.60,4.12,0,3,3,3.43,2,463
466,2019,2,19,0809,-33.88,115.94,4.12,0,2,5,207.33,0,468
467,2019,2,19,0809,-33.88,115.96,4.12,0,2,5,125.05,0,468
468,2019,2,19,0809,-33.90,115.92,4.11,0,2,5,478.01,1,468
469,2019,2,19,0809,-33.90,115.94,4.11,0,2,5,214.47,0,468
470,2019,2,19,0809,-33.90,115.96,4.11,0,2,5,214.46,0,468
471,2019,2,19,0809,-34.52,139.10,4.08,0,3,3,1.44,0,472
472,2019,2,19,0809,-34.54,139.10,4.08,0,3,3,1.44,0,472
473,2019,2,19,0809,-34.86,116.46,4.07,0,2,1,3.19,0,473
474,2019,2,19,0809,-34.86,116.48,4.07,0,2,1,1.85,0,473
