# 2019 12 31  7 50 UTC  2020  3 18  8 52 UTC
# ID,Year,Month,Day,Time(UTC),Lat,Lon,Area(km^2),Volcano,Level,Reliability,FRP(Wm^-2),QF,Hot(ID)
1,2019,12,31,0753,42.78,141.36,3.64,0,2,1,2.61,0,1
2,2019,12,31,0753,41.16,122.98,3.73,0,2,1,1.48,0,2
3,2019,12,31,0753,41.16,123.00,3.73,0,2,1,.92,0,2
4,2019,12,31,0753,40.66,122.56,3.76,0,2,1,2.45,0,4
5,2019,12,31,0753,40.66,122.58,3.76,0,3,1,.90,0,4
6,2019,12,31,0753,40.64,122.56,3.76,0,2,1,2.45,0,4
7,2019,12,31,0753,40.64,122.58,3.76,0,3,1,.90,0,4
8,2019,12,31,0753,39.90,116.92,3.80,0,3,3,.59,0,8
9,2019,12,31,0753,39.80,126.40,3.81,0,2,3,.67,0,10
10,2019,12,31,0753,39.78,126.40,3.81,0,2,3,.67,0,10
11,2019,12,31,0753,39.76,118.10,3.81,0,3,1,.72,0,11
12,2019,12,31,0753,39.56,122.48,3.82,0,2,3,.67,0,14
13,2019,12,31,0753,39.56,122.50,3.82,0,2,3,1.78,0,14
14,2019,12,31,0753,39.54,122.48,3.82,0,2,5,3.97,0,14
15,2019,12,31,0753,39.54,122.50,3.82,0,3,5,1.95,0,14
16,2019,12,31,0753,39.54,122.52,3.82,0,3,5,1.95,0,14
17,2019,12,31,0753,39.52,122.48,3.82,0,2,5,3.97,0,14
18,2019,12,31,0753,39.52,122.50,3.82,0,2,5,3.97,0,14
19,2019,12,31,0753,39.52,122.52,3.82,0,3,5,1.95,0,14
20,2019,12,31,0753,39.28,110.14,3.84,0,2,1,2.01,0,20
21,2019,12,31,0753,39.28,110.16,3.84,0,2,1,2.01,0,20
22,2019,12,31,0753,38.08,117.24,3.90,0,2,1,.80,0,22
23,2019,12,31,0753,38.06,117.24,3.90,0,2,1,.80,0,22
24,2019,12,31,0753,38.06,117.26,3.90,0,2,1,.80,0,22
25,2019,12,31,0753,37.88,118.08,3.91,0,2,3,.95,0,25
26,2019,12,31,0753,37.88,118.10,3.91,0,2,3,.95,0,25
27,2019,12,31,0753,37.86,118.10,3.91,0,2,3,.95,0,25
28,2019,12,31,0753,37.82,106.60,3.92,0,3,3,.85,0,30
29,2019,12,31,0753,37.82,106.62,3.92,0,3,3,.85,0,30
30,2019,12,31,0753,37.80,106.62,3.92,0,3,3,.85,0,30
31,2019,12,31,0753,37.32,117.62,3.94,0,2,1,1.02,0,31
32,2019,12,31,0753,36.64,129.42,3.98,0,2,3,5.09,0,32
33,2019,12,31,0753,36.62,129.42,3.98,0,2,3,5.09,0,32
34,2019,12,31,0753,35.36,115.98,4.04,0,2,3,2.12,0,34
35,2019,12,31,0753,35.06,116.98,4.06,0,2,5,1.78,0,35
36,2019,12,31,0753,35.06,117.00,4.06,0,2,3,1.06,0,35
37,2019,12,31,0753,35.04,117.00,4.06,0,2,3,1.06,0,35
38,2019,12,31,0753,35.04,117.02,4.06,0,2,3,1.06,0,35
39,2019,12,31,0753,34.44,119.82,4.09,0,2,1,1.20,0,41
40,2019,12,31,0753,34.44,119.84,4.09,0,2,1,1.20,0,41
41,2019,12,31,0753,34.42,119.84,4.09,0,2,1,5.20,0,41
42,2019,12,31,0753,34.40,119.84,4.09,0,2,1,5.20,0,41
43,2019,12,31,0753,33.80,118.90,4.12,0,2,3,.96,0,43
44,2019,12,31,0753,33.80,118.92,4.12,0,2,3,.96,0,43
45,2019,12,31,0753,33.78,118.92,4.12,0,2,3,.96,0,43
46,2019,12,31,0753,32.78,117.46,4.17,0,3,3,1.10,0,49
47,2019,12,31,0753,32.78,117.48,4.17,0,3,3,.93,0,49
48,2019,12,31,0753,32.78,117.50,4.17,0,3,3,.93,0,49
49,2019,12,31,0753,32.76,117.48,4.17,0,2,5,4.22,0,49
50,2019,12,31,0753,32.76,117.50,4.17,0,3,3,.93,0,49
51,2019,12,31,0753,32.74,117.48,4.17,0,2,5,4.22,0,49
52,2019,12,31,0753,32.74,117.50,4.17,0,3,5,3.18,0,49
53,2019,12,31,0753,32.46,116.58,4.18,0,2,3,1.15,0,53
54,2019,12,31,0753,32.46,117.20,4.18,0,2,3,1.15,0,54
55,2019,12,31,0753,32.44,115.78,4.18,0,3,3,1.18,0,55
56,2019,12,31,0753,32.42,115.76,4.18,0,2,3,1.27,0,56
57,2019,12,31,0753,32.38,117.72,4.19,0,2,5,2.07,0,57
58,2019,12,31,0753,32.36,115.70,4.19,0,2,3,1.91,0,58
59,2019,12,31,0753,32.34,116.78,4.19,0,2,3,1.89,0,59
60,2019,12,31,0753,32.32,115.66,4.19,0,2,5,4.20,0,60
61,2019,12,31,0753,32.32,116.80,4.19,0,2,3,1.38,0,62
62,2019,12,31,0753,32.32,116.82,4.19,0,2,3,2.01,0,62
63,2019,12,31,0753,32.32,117.18,4.19,0,3,3,1.14,0,63
64,2019,12,31,0753,32.32,117.20,4.19,0,3,3,1.14,0,63
65,2019,12,31,0753,32.30,115.68,4.19,0,2,5,4.00,0,66
66,2019,12,31,0753,32.30,115.70,4.19,0,2,5,5.75,0,66
67,2019,12,31,0753,32.30,116.80,4.19,0,2,3,1.79,0,62
68,2019,12,31,0753,32.30,116.82,4.19,0,2,3,1.72,0,62
69,2019,12,31,0753,32.30,117.20,4.19,0,3,3,1.14,0,63
70,2019,12,31,0753,32.24,115.48,4.19,0,3,3,1.38,0,70
71,2019,12,31,0753,32.24,115.50,4.19,0,3,3,1.38,0,70
72,2019,12,31,0753,32.24,117.64,4.19,0,2,3,1.13,0,73
73,2019,12,31,0753,32.24,117.66,4.19,0,2,3,1.19,0,73
74,2019,12,31,0753,32.22,114.60,4.19,0,2,5,4.66,0,74
75,2019,12,31,0753,32.22,114.62,4.19,0,2,5,4.66,0,74
76,2019,12,31,0753,32.22,114.64,4.19,0,2,3,2.55,0,74
77,2019,12,31,0753,32.20,116.54,4.19,0,2,3,2.16,0,78
78,2019,12,31,0753,32.20,116.56,4.19,0,2,5,3.08,0,78
79,2019,12,31,0753,32.20,117.68,4.19,0,2,3,.86,0,79
80,2019,12,31,0753,32.16,116.90,4.20,0,2,5,2.48,0,80
81,2019,12,31,0753,32.16,117.78,4.20,0,1,5,6.82,0,81
82,2019,12,31,0753,32.14,115.40,4.20,0,2,5,2.13,0,82
83,2019,12,31,0753,32.14,116.98,4.20,0,2,1,.96,0,83
84,2019,12,31,0753,32.12,115.40,4.20,0,2,3,2.13,0,82
85,2019,12,31,0753,32.12,116.98,4.20,0,2,1,.96,0,83
86,2019,12,31,0753,32.10,115.42,4.20,0,1,3,9.38,0,86
87,2019,12,31,0753,32.08,115.56,4.20,0,2,5,4.27,0,87
88,2019,12,31,0753,32.08,115.58,4.20,0,2,5,4.27,0,87
89,2019,12,31,0753,32.08,115.60,4.20,0,2,5,3.38,0,87
90,2019,12,31,0753,32.06,115.34,4.20,0,2,5,4.65,0,90
91,2019,12,31,0753,32.06,115.36,4.20,0,2,5,4.65,0,90
92,2019,12,31,0753,32.06,115.38,4.20,0,2,3,2.27,0,90
93,2019,12,31,0753,32.04,115.36,4.20,0,2,3,2.30,0,90
94,2019,12,31,0753,32.04,115.86,4.20,0,2,3,2.17,0,95
95,2019,12,31,0753,32.04,115.88,4.20,0,2,3,2.26,0,95
96,2019,12,31,0753,32.02,117.06,4.20,0,2,3,1.07,0,96
97,2019,12,31,0753,32.00,117.06,4.20,0,2,3,1.07,0,96
98,2019,12,31,0753,32.00,117.08,4.20,0,2,3,1.07,0,96
99,2019,12,31,0753,31.94,116.10,4.21,0,2,5,2.41,0,99
100,2019,12,31,0753,31.74,118.50,4.22,0,3,3,.83,0,100
101,2019,12,31,0753,31.70,118.46,4.22,0,3,1,.55,0,101
102,2019,12,31,0753,30.54,114.76,4.27,0,3,3,1.20,0,102
103,2019,12,31,0753,30.52,114.76,4.27,0,3,3,1.20,0,102
104,2019,12,31,0753,30.52,114.78,4.27,0,3,3,1.20,0,102
105,2019,12,31,0753,30.22,115.98,4.28,0,2,3,3.17,0,105
106,2019,12,31,0753,30.22,116.00,4.28,0,3,1,1.52,0,105
107,2019,12,31,0753,29.38,100.98,4.32,0,3,1,2.40,0,107
108,2019,12,31,0753,29.38,101.00,4.32,0,3,1,2.40,0,107
109,2019,12,31,0753,28.24,95.72,4.37,0,2,3,3.74,0,110
110,2019,12,31,0753,28.24,95.74,4.37,0,2,3,3.74,0,110
111,2019,12,31,0753,28.18,96.92,4.37,0,2,1,18.18,0,111
112,2019,12,31,0753,28.16,96.94,4.37,0,2,1,14.20,0,112
113,2019,12,31,0753,27.68,95.22,4.39,0,3,3,2.91,2,114
114,2019,12,31,0753,27.68,95.24,4.39,0,3,3,2.94,2,114
115,2019,12,31,0753,27.14,104.62,4.41,0,3,3,2.18,0,115
116,2019,12,31,0753,27.14,104.64,4.41,0,3,1,1.89,0,115
117,2019,12,31,0753,27.14,104.66,4.41,0,3,1,1.89,0,115
118,2019,12,31,0753,27.06,94.46,4.41,0,3,1,2.47,2,119
119,2019,12,31,0753,27.06,94.48,4.41,0,3,1,2.47,2,119
120,2019,12,31,0753,27.04,94.46,4.41,0,3,1,1.88,0,119
121,2019,12,31,0753,26.96,94.36,4.42,0,3,1,2.63,2,121
122,2019,12,31,0753,26.82,97.28,4.42,0,3,3,2.15,0,122
123,2019,12,31,0753,26.82,97.30,4.42,0,3,3,2.15,0,122
124,2019,12,31,0753,26.74,91.08,4.43,0,2,3,4.56,0,124
125,2019,12,31,0753,26.72,91.14,4.43,0,2,3,3.67,0,126
126,2019,12,31,0753,26.72,91.16,4.43,0,2,3,3.67,0,126
127,2019,12,31,0753,26.66,92.88,4.43,0,2,3,2.96,0,130
128,2019,12,31,0753,26.66,92.90,4.43,0,2,3,2.96,0,130
129,2019,12,31,0753,26.66,92.92,4.43,0,2,5,12.22,0,130
130,2019,12,31,0753,26.66,92.94,4.43,0,2,5,12.22,0,130
131,2019,12,31,0753,26.64,92.90,4.43,0,2,5,10.27,0,130
132,2019,12,31,0753,26.64,92.92,4.43,0,2,5,10.27,0,130
133,2019,12,31,0753,26.64,92.94,4.43,0,2,5,8.19,0,130
134,2019,12,31,0753,26.64,92.96,4.43,0,2,5,8.19,0,130
135,2019,12,31,0753,26.36,92.02,4.44,0,3,3,1.45,0,138
136,2019,12,31,0753,26.36,92.04,4.44,0,3,3,1.45,0,138
137,2019,12,31,0753,26.36,92.06,4.44,0,3,3,2.28,2,138
138,2019,12,31,0753,26.36,92.08,4.44,0,3,3,2.28,2,138
139,2019,12,31,0753,26.34,92.06,4.44,0,3,3,1.67,2,138
140,2019,12,31,0753,26.34,92.08,4.44,0,3,3,1.67,2,138
141,2019,12,31,0753,26.32,92.10,4.44,0,3,1,1.93,0,141
142,2019,12,31,0753,26.20,90.80,4.45,0,3,3,1.88,2,142
143,2019,12,31,0753,26.18,90.28,4.45,0,3,3,2.42,2,144
144,2019,12,31,0753,26.18,90.30,4.45,0,3,3,2.42,2,144
145,2019,12,31,0753,26.18,91.22,4.45,0,3,3,1.32,0,146
146,2019,12,31,0753,26.18,91.24,4.45,0,3,3,1.32,0,146
147,2019,12,31,0753,25.66,96.32,4.47,0,3,1,1.43,0,148
148,2019,12,31,0753,25.66,96.34,4.47,0,3,1,1.43,0,148
149,2019,12,31,0753,25.62,96.28,4.47,0,3,1,1.37,0,152
150,2019,12,31,0753,25.62,96.30,4.47,0,3,1,1.37,0,150
151,2019,12,31,0753,25.60,96.26,4.47,0,3,1,1.40,0,152
152,2019,12,31,0753,25.60,96.28,4.47,0,3,1,1.40,0,152
153,2019,12,31,0753,24.78,97.28,4.50,0,3,5,4.99,0,153
154,2019,12,31,0753,24.78,97.30,4.50,0,3,5,4.99,0,153
155,2019,12,31,0753,23.80,86.34,4.54,0,2,1,3.65,0,159
156,2019,12,31,0753,23.80,86.36,4.54,0,2,1,3.65,0,159
157,2019,12,31,0753,23.78,86.34,4.54,0,2,1,7.94,0,159
158,2019,12,31,0753,23.78,86.36,4.54,0,2,1,7.94,0,159
159,2019,12,31,0753,23.78,86.38,4.54,0,2,1,7.94,0,159
160,2019,12,31,0753,23.78,86.40,4.54,0,2,1,4.51,0,159
161,2019,12,31,0753,23.78,86.42,4.54,0,2,1,4.52,0,159
162,2019,12,31,0753,22.12,110.22,4.59,0,2,5,10.14,0,163
163,2019,12,31,0753,22.12,110.24,4.59,0,2,5,22.50,0,163
164,2019,12,31,0753,20.46,85.80,4.64,0,3,3,4.37,2,165
165,2019,12,31,0753,20.46,85.82,4.64,0,3,3,4.37,2,165
166,2019,12,31,0753,20.46,85.84,4.64,0,3,3,4.37,2,165
167,2019,12,31,0753,19.84,80.88,4.66,0,3,3,1.51,0,168
168,2019,12,31,0753,19.84,80.90,4.66,0,3,3,1.51,0,168
169,2019,12,31,0753,19.84,80.92,4.66,0,3,1,1.50,0,168
170,2019,12,31,0753,18.96,103.10,4.69,0,1,3,12.30,0,170
171,2019,12,31,0753,18.90,96.38,4.69,0,3,1,1.30,0,171
172,2019,12,31,0753,18.78,97.40,4.69,0,2,1,6.19,0,172
173,2019,12,31,0753,18.78,97.42,4.69,0,2,1,6.19,0,172
174,2019,12,31,0753,18.76,97.42,4.69,0,2,1,6.19,0,172
175,2019,12,31,0753,18.44,95.22,4.70,0,3,3,3.46,0,178
176,2019,12,31,0753,18.42,95.22,4.70,0,3,3,3.46,0,178
177,2019,12,31,0753,18.42,95.24,4.70,0,3,3,3.46,0,178
178,2019,12,31,0753,18.42,95.26,4.70,0,2,3,3.72,0,178
179,2019,12,31,0753,18.42,95.28,4.70,0,2,3,3.72,0,178
180,2019,12,31,0753,17.70,96.86,4.72,0,2,3,10.71,0,180
181,2019,12,31,0753,17.70,96.88,4.72,0,2,3,10.71,0,180
182,2019,12,31,0753,17.66,103.34,4.72,0,2,3,4.17,0,182
183,2019,12,31,0753,17.64,103.34,4.72,0,2,3,3.79,0,182
184,2019,12,31,0753,17.54,103.56,4.73,0,2,5,10.01,0,184
185,2019,12,31,0753,17.46,99.78,4.73,0,2,3,9.68,0,187
186,2019,12,31,0753,17.46,99.80,4.73,0,2,3,9.68,0,187
187,2019,12,31,0753,17.46,99.82,4.73,0,2,3,9.81,0,187
188,2019,12,31,0753,17.44,103.12,4.73,0,2,3,3.31,0,190
189,2019,12,31,0753,17.44,103.14,4.73,0,2,3,3.30,0,190
190,2019,12,31,0753,17.44,103.16,4.73,0,2,3,5.98,0,190
191,2019,12,31,0753,17.16,103.56,4.74,0,3,3,4.64,0,191
192,2019,12,31,0753,17.10,99.58,4.74,0,3,3,4.73,0,194
193,2019,12,31,0753,17.10,99.60,4.74,0,3,3,4.73,0,194
194,2019,12,31,0753,17.08,99.58,4.74,0,2,3,6.67,0,194
195,2019,12,31,0753,17.08,99.60,4.74,0,2,3,6.67,0,194
196,2019,12,31,0753,17.04,100.26,4.74,0,2,3,8.13,0,196
197,2019,12,31,0753,17.02,100.28,4.74,0,2,3,8.31,0,197
198,2019,12,31,0753,16.72,94.76,4.75,0,2,3,6.48,0,198
199,2019,12,31,0753,16.72,94.78,4.75,0,2,3,6.48,0,198
200,2019,12,31,0753,16.60,102.62,4.75,0,2,3,6.84,0,200
201,2019,12,31,0753,16.58,97.86,4.75,0,2,5,9.26,0,201
202,2019,12,31,0753,16.34,99.82,4.76,0,2,3,3.12,0,202
203,2019,12,31,0753,16.34,99.84,4.76,0,2,3,3.12,0,202
204,2019,12,31,0753,16.20,101.68,4.76,0,2,3,13.89,0,204
205,2019,12,31,0753,15.88,99.86,4.77,0,3,5,7.51,0,206
206,2019,12,31,0753,15.86,99.86,4.77,0,2,5,8.21,0,206
207,2019,12,31,0753,15.82,99.78,4.77,0,2,3,4.67,0,207
208,2019,12,31,0753,15.82,99.80,4.77,0,2,3,4.67,0,207
209,2019,12,31,0753,15.64,99.48,4.77,0,3,5,15.31,0,209
210,2019,12,31,0753,15.62,99.50,4.77,0,2,5,16.30,0,211
211,2019,12,31,0753,15.60,99.50,4.77,0,2,5,23.02,0,211
212,2019,12,31,0753,15.60,99.52,4.77,0,2,5,22.97,0,211
213,2019,12,31,0753,15.60,100.40,4.77,0,2,3,9.91,0,213
214,2019,12,31,0753,14.98,99.66,4.79,0,2,3,9.95,0,215
215,2019,12,31,0753,14.96,99.64,4.79,0,2,5,40.53,0,215
216,2019,12,31,0753,14.96,99.66,4.79,0,3,3,7.63,0,215
217,2019,12,31,0753,14.94,99.02,4.79,0,1,1,29.33,0,217
218,2019,12,31,0753,14.86,99.78,4.79,0,2,3,8.97,0,218
219,2019,12,31,0753,13.94,98.16,4.81,0,3,3,4.95,0,221
220,2019,12,31,0753,13.94,98.18,4.81,0,3,3,4.95,0,221
221,2019,12,31,0753,13.92,98.16,4.81,0,3,3,5.15,0,221
222,2019,12,31,0753,13.92,98.18,4.81,0,3,3,5.15,0,221
223,2019,12,31,0753,13.86,98.16,4.81,0,2,5,10.32,0,224
224,2019,12,31,0753,13.86,98.18,4.81,0,2,5,13.45,0,224
225,2019,12,31,0753,13.86,98.20,4.81,0,2,5,13.45,0,224
226,2019,12,31,0753,13.42,104.98,4.82,0,2,5,39.19,0,226
227,2019,12,31,0753,13.42,107.34,4.82,0,2,5,15.59,0,228
228,2019,12,31,0753,13.40,107.34,4.82,0,2,5,34.21,0,228
229,2019,12,31,0753,13.38,105.04,4.82,0,2,3,8.92,0,229
230,2019,12,31,0753,13.36,104.36,4.82,0,2,1,7.28,0,230
231,2019,12,31,0753,13.36,104.38,4.82,0,2,1,7.28,0,230
232,2019,12,31,0753,13.36,104.94,4.82,0,2,3,8.36,0,232
233,2019,12,31,0753,13.36,107.18,4.82,0,2,5,17.22,0,234
234,2019,12,31,0753,13.36,107.20,4.82,0,2,5,19.54,0,234
235,2019,12,31,0753,13.24,107.20,4.82,0,2,3,12.19,0,235
236,2019,12,31,0753,13.18,107.50,4.83,0,2,1,7.45,0,236
237,2019,12,31,0753,13.14,107.26,4.83,0,2,5,37.15,0,237
238,2019,12,31,0753,13.10,107.22,4.83,0,3,3,7.13,0,239
239,2019,12,31,0753,13.08,107.22,4.83,0,2,5,25.37,0,239
240,2019,12,31,0753,13.04,107.58,4.83,0,2,3,24.16,0,240
241,2019,12,31,0753,13.04,107.60,4.83,0,2,5,22.68,0,240
242,2019,12,31,0753,12.98,106.06,4.83,0,2,3,22.84,0,242
243,2019,12,31,0753,12.98,106.08,4.83,0,2,3,12.09,0,242
244,2019,12,31,0753,12.96,106.06,4.83,0,2,5,14.64,0,242
245,2019,12,31,0753,12.96,106.08,4.83,0,3,3,11.60,0,242
246,2019,12,31,0753,12.94,106.08,4.83,0,3,3,12.59,0,242
247,2019,12,31,0753,12.94,106.10,4.83,0,3,3,12.59,0,242
248,2019,12,31,0753,12.88,106.10,4.83,0,2,3,26.00,0,248
249,2019,12,31,0753,12.84,106.68,4.83,0,3,1,6.12,0,249
250,2019,12,31,0753,12.80,106.18,4.83,0,2,3,17.12,0,252
251,2019,12,31,0753,12.80,106.20,4.83,0,2,3,17.10,0,252
252,2019,12,31,0753,12.80,106.22,4.83,0,2,5,38.94,0,252
253,2019,12,31,0753,12.78,106.84,4.83,0,2,5,28.15,0,255
254,2019,12,31,0753,12.76,106.82,4.83,0,2,5,25.72,0,258
255,2019,12,31,0753,12.76,106.84,4.83,0,2,5,39.12,0,255
256,2019,12,31,0753,12.76,106.86,4.83,0,2,3,11.60,0,255
257,2019,12,31,0753,12.74,106.80,4.83,0,2,3,16.63,0,258
258,2019,12,31,0753,12.74,106.82,4.83,0,2,5,28.23,0,258
259,2019,12,31,0753,12.62,106.54,4.84,0,2,5,31.87,0,259
260,2019,12,31,0753,12.60,106.54,4.84,0,2,3,11.69,0,259
261,2019,12,31,0753,12.60,106.56,4.84,0,2,3,11.69,0,259
262,2019,12,31,0753,12.60,106.58,4.84,0,2,3,16.81,0,259
263,2019,12,31,0753,12.54,106.54,4.84,0,2,1,17.81,0,263
264,2019,12,31,0753,12.48,123.32,4.84,0,3,1,1.51,0,264
265,2019,12,31,0753,12.46,106.70,4.84,0,2,5,24.54,0,265
266,2019,12,31,0753,12.46,106.72,4.84,0,2,3,16.69,0,265
267,2019,12,31,0753,12.36,107.38,4.84,0,2,3,4.32,0,267
268,2019,12,31,0753,12.34,106.70,4.84,0,2,3,8.16,0,268
269,2019,12,31,0753,12.30,106.60,4.84,0,2,3,9.92,0,270
270,2019,12,31,0753,12.30,106.62,4.84,0,2,5,44.23,0,270
271,2019,12,31,0753,12.30,106.64,4.84,0,2,5,44.23,0,270
272,2019,12,31,0753,12.30,107.20,4.84,0,2,1,6.15,0,272
273,2019,12,31,0753,12.28,103.18,4.84,0,1,3,34.67,0,273
274,2019,12,31,0753,12.28,106.64,4.84,0,2,3,18.81,0,270
275,2019,12,31,0753,12.24,106.46,4.84,0,1,3,46.78,0,275
276,2019,12,31,0753,12.20,106.34,4.84,0,2,3,14.01,0,276
277,2019,12,31,0753,12.20,106.36,4.84,0,2,3,14.01,0,276
278,2019,12,31,0753,12.18,106.36,4.85,0,2,1,7.98,0,276
279,2019,12,31,0753,12.02,106.66,4.85,0,1,1,20.83,0,279
280,2019,12,31,0753,11.98,106.46,4.85,0,2,3,7.44,0,280
281,2019,12,31,0753,11.32,106.58,4.86,0,2,5,59.24,0,281
282,2019,12,31,0753,11.32,106.60,4.86,0,3,5,15.66,0,281
283,2019,12,31,0753,11.30,106.58,4.86,0,2,1,7.74,0,281
284,2019,12,31,0753,11.30,106.64,4.86,0,2,3,9.86,0,284
285,2019,12,31,0753,11.30,106.66,4.86,0,2,3,9.86,0,284
286,2019,12,31,0753,11.28,106.66,4.86,0,2,3,8.68,0,284
287,2019,12,31,0753,9.80,105.88,4.88,0,2,3,1.82,0,287
288,2019,12,31,0758,-13.32,135.34,4.82,0,2,3,11.67,0,288
289,2019,12,31,0758,-14.46,143.56,4.80,0,1,3,14.23,0,293
290,2019,12,31,0758,-14.46,143.58,4.80,0,2,5,13.34,0,293
291,2019,12,31,0758,-14.46,143.60,4.80,0,2,3,8.46,0,293
292,2019,12,31,0758,-14.46,143.62,4.80,0,2,3,7.14,0,293
293,2019,12,31,0758,-14.48,143.56,4.80,0,2,5,20.12,0,293
294,2019,12,31,0758,-14.48,143.58,4.80,0,2,5,12.76,0,293
295,2019,12,31,0758,-14.76,143.56,4.79,0,2,5,24.94,0,295
296,2019,12,31,0758,-15.22,143.84,4.78,0,2,3,5.76,0,296
297,2019,12,31,0758,-15.96,143.42,4.77,0,2,5,10.44,0,297
298,2019,12,31,0758,-15.96,143.44,4.77,0,2,3,9.47,0,297
299,2019,12,31,0758,-15.98,143.42,4.77,0,2,3,6.56,0,297
300,2019,12,31,0758,-15.98,143.44,4.77,0,2,5,8.73,0,297
301,2019,12,31,0758,-16.00,145.12,4.76,0,2,5,10.77,0,301
302,2019,12,31,0758,-16.02,145.12,4.76,0,2,5,8.26,0,301
303,2019,12,31,0758,-16.48,144.52,4.75,0,2,5,6.96,0,303
304,2019,12,31,0758,-16.50,144.52,4.75,0,2,3,5.31,0,303
305,2019,12,31,0758,-16.60,145.16,4.75,0,2,5,15.61,0,308
306,2019,12,31,0758,-16.62,145.16,4.75,0,2,5,32.03,0,308
307,2019,12,31,0758,-16.62,145.18,4.75,0,2,5,20.98,0,308
308,2019,12,31,0758,-16.64,145.16,4.75,0,1,3,34.10,0,308
309,2019,12,31,0758,-16.64,145.18,4.75,0,2,5,15.24,0,308
310,2019,12,31,0758,-16.98,144.42,4.74,0,2,5,14.41,0,310
311,2019,12,31,0758,-16.98,144.44,4.74,0,2,5,12.23,0,310
312,2019,12,31,0758,-17.00,144.04,4.74,0,2,3,6.03,0,313
313,2019,12,31,0758,-17.02,144.04,4.74,0,2,3,8.31,0,313
314,2019,12,31,0758,-17.14,144.04,4.74,0,2,3,5.96,0,316
315,2019,12,31,0758,-17.14,144.10,4.74,0,2,1,5.27,0,315
316,2019,12,31,0758,-17.16,144.04,4.74,0,2,1,6.30,0,316
317,2019,12,31,0758,-17.18,144.08,4.74,0,2,3,4.90,0,319
318,2019,12,31,0758,-17.18,144.10,4.74,0,2,1,4.49,0,319
319,2019,12,31,0758,-17.20,144.08,4.73,0,2,5,14.12,0,319
320,2019,12,31,0758,-17.20,144.10,4.73,0,2,3,12.93,0,319
321,2019,12,31,0758,-17.22,144.08,4.73,0,2,3,6.72,0,319
322,2019,12,31,0758,-17.52,143.34,4.73,0,2,5,15.85,0,322
323,2019,12,31,0758,-17.76,123.78,4.72,0,2,5,66.32,0,323
324,2019,12,31,0758,-17.78,123.78,4.72,0,2,5,30.39,0,323
325,2019,12,31,0758,-17.90,143.28,4.72,0,2,3,30.12,0,325
326,2019,12,31,0758,-17.94,144.76,4.72,0,2,3,6.00,0,327
327,2019,12,31,0758,-17.96,144.76,4.72,0,2,5,13.86,0,327
328,2019,12,31,0758,-17.96,144.78,4.72,0,2,3,10.56,0,327
329,2019,12,31,0758,-18.10,145.60,4.71,0,2,3,5.19,0,331
330,2019,12,31,0758,-18.10,145.62,4.71,0,2,3,5.26,0,331
331,2019,12,31,0758,-18.12,145.60,4.71,0,2,5,7.45,0,331
332,2019,12,31,0758,-18.12,145.62,4.71,0,2,5,5.83,0,331
333,2019,12,31,0758,-18.14,142.98,4.71,0,2,3,11.70,0,333
334,2019,12,31,0758,-18.16,144.16,4.71,0,2,3,10.64,0,334
335,2019,12,31,0758,-18.16,144.18,4.71,0,2,5,10.39,0,334
336,2019,12,31,0758,-18.18,144.16,4.71,0,2,3,7.26,0,334
337,2019,12,31,0758,-18.18,144.18,4.71,0,2,3,6.82,0,334
338,2019,12,31,0758,-18.36,145.30,4.70,0,2,3,4.04,0,344
339,2019,12,31,0758,-18.38,145.24,4.70,0,3,3,1.88,0,344
340,2019,12,31,0758,-18.38,145.30,4.70,0,2,5,23.58,0,344
341,2019,12,31,0758,-18.38,145.32,4.70,0,2,5,10.49,0,344
342,2019,12,31,0758,-18.40,145.18,4.70,0,2,3,3.44,0,344
343,2019,12,31,0758,-18.40,145.20,4.70,0,3,1,14.13,0,344
344,2019,12,31,0758,-18.40,145.22,4.70,0,2,5,62.02,0,344
345,2019,12,31,0758,-18.40,145.24,4.70,0,2,5,29.87,0,344
346,2019,12,31,0758,-18.40,145.30,4.70,0,2,5,57.85,0,344
347,2019,12,31,0758,-18.40,145.32,4.70,0,2,5,29.12,0,344
348,2019,12,31,0758,-18.42,145.18,4.70,0,2,5,23.98,0,344
349,2019,12,31,0758,-18.42,145.20,4.70,0,2,1,31.57,0,344
350,2019,12,31,0758,-18.42,145.22,4.70,0,2,5,58.62,0,344
351,2019,12,31,0758,-18.42,145.24,4.70,0,2,5,19.70,0,344
352,2019,12,31,0758,-18.42,145.28,4.70,0,2,5,38.09,0,344
353,2019,12,31,0758,-18.42,145.30,4.70,0,2,5,59.55,0,344
354,2019,12,31,0758,-18.42,145.32,4.70,0,2,5,24.21,0,344
355,2019,12,31,0758,-18.44,144.04,4.70,0,2,5,29.10,0,355
356,2019,12,31,0758,-18.44,144.06,4.70,0,2,5,8.70,0,355
357,2019,12,31,0758,-18.44,145.16,4.70,0,2,3,8.20,0,344
358,2019,12,31,0758,-18.44,145.18,4.70,0,1,5,35.27,0,344
359,2019,12,31,0758,-18.44,145.20,4.70,0,2,5,20.33,0,344
360,2019,12,31,0758,-18.44,145.22,4.70,0,2,5,12.65,0,344
361,2019,12,31,0758,-18.44,145.24,4.70,0,3,5,5.26,0,344
362,2019,12,31,0758,-18.44,145.26,4.70,0,3,1,9.76,0,344
363,2019,12,31,0758,-18.44,145.28,4.70,0,2,5,57.33,0,344
364,2019,12,31,0758,-18.44,145.30,4.70,0,2,5,43.58,0,344
365,2019,12,31,0758,-18.46,144.06,4.70,0,2,3,6.29,0,355
366,2019,12,31,0758,-18.46,145.20,4.70,0,2,5,32.06,0,344
367,2019,12,31,0758,-18.46,145.22,4.70,0,1,5,23.59,0,344
368,2019,12,31,0758,-18.46,145.28,4.70,0,1,5,24.71,0,344
369,2019,12,31,0758,-18.46,145.30,4.70,0,1,3,12.14,0,344
370,2019,12,31,0758,-19.08,145.98,4.68,0,2,3,4.47,0,371
371,2019,12,31,0758,-19.10,145.96,4.68,0,2,3,5.26,0,371
372,2019,12,31,0758,-19.10,145.98,4.68,0,2,3,3.73,0,371
373,2019,12,31,0758,-19.14,145.92,4.68,0,2,3,5.42,0,373
374,2019,12,31,0758,-19.16,142.04,4.68,0,2,3,9.60,0,374
375,2019,12,31,0758,-19.16,142.06,4.68,0,2,3,8.29,0,374
376,2019,12,31,0758,-19.16,145.92,4.68,0,2,3,3.42,0,373
377,2019,12,31,0758,-19.20,142.12,4.68,0,2,3,10.56,0,377
378,2019,12,31,0758,-19.22,142.06,4.68,0,2,3,8.17,0,378
379,2019,12,31,0758,-19.22,146.12,4.68,0,2,3,5.31,0,382
380,2019,12,31,0758,-19.24,146.10,4.68,0,2,3,5.70,0,382
381,2019,12,31,0758,-19.24,146.12,4.68,0,2,1,5.01,0,382
382,2019,12,31,0758,-19.26,146.10,4.68,0,2,3,7.56,0,382
383,2019,12,31,0758,-19.26,146.12,4.68,0,2,3,5.53,0,382
384,2019,12,31,0758,-19.30,147.00,4.68,0,2,3,3.12,0,387
385,2019,12,31,0758,-19.32,146.98,4.68,0,2,3,3.53,0,387
386,2019,12,31,0758,-19.32,147.00,4.68,0,2,3,4.16,0,387
387,2019,12,31,0758,-19.34,146.98,4.68,0,2,3,5.28,0,387
388,2019,12,31,0758,-19.34,147.00,4.68,0,2,3,2.74,0,387
389,2019,12,31,0758,-19.36,143.32,4.68,0,2,3,5.07,0,390
390,2019,12,31,0758,-19.38,143.30,4.68,0,2,5,9.79,0,390
391,2019,12,31,0758,-19.38,143.32,4.68,0,2,3,5.54,0,390
392,2019,12,31,0758,-19.40,143.30,4.68,0,2,3,5.17,0,390
393,2019,12,31,0758,-19.42,143.34,4.67,0,2,3,10.76,0,394
394,2019,12,31,0758,-19.42,143.36,4.67,0,2,3,15.25,0,394
395,2019,12,31,0758,-19.54,169.44,4.67,0,2,1,10.98,0,395
396,2019,12,31,0758,-19.60,144.54,4.67,0,2,3,11.14,0,400
397,2019,12,31,0758,-19.60,144.56,4.67,0,2,3,6.06,0,400
398,2019,12,31,0758,-19.60,145.00,4.67,0,3,3,3.36,0,402
399,2019,12,31,0758,-19.60,145.02,4.67,0,2,3,3.65,0,402
400,2019,12,31,0758,-19.62,144.52,4.67,0,2,5,40.27,0,400
401,2019,12,31,0758,-19.62,144.54,4.67,0,2,5,29.66,0,400
402,2019,12,31,0758,-19.62,145.00,4.67,0,2,5,9.36,0,402
403,2019,12,31,0758,-19.62,145.02,4.67,0,2,5,9.30,0,402
404,2019,12,31,0758,-19.64,144.50,4.67,0,2,3,11.31,0,400
405,2019,12,31,0758,-19.64,144.52,4.67,0,2,5,11.86,0,400
406,2019,12,31,0758,-19.64,144.54,4.67,0,3,3,4.85,0,400
407,2019,12,31,0758,-19.78,143.50,4.66,0,2,5,13.06,0,407
408,2019,12,31,0758,-19.82,144.52,4.66,0,1,5,52.97,0,408
409,2019,12,31,0758,-19.86,144.50,4.66,0,2,5,13.73,0,409
410,2019,12,31,0758,-19.86,144.56,4.66,0,2,5,10.46,0,411
411,2019,12,31,0758,-19.86,144.58,4.66,0,2,5,32.23,0,411
412,2019,12,31,0758,-19.92,144.56,4.66,0,2,3,9.60,0,412
413,2019,12,31,0758,-20.18,144.06,4.65,0,2,5,17.98,0,413
414,2019,12,31,0758,-20.18,144.08,4.65,0,2,5,17.17,0,413
415,2019,12,31,0758,-20.18,144.10,4.65,0,2,3,9.10,0,413
416,2019,12,31,0758,-20.20,144.06,4.65,0,2,5,11.30,0,413
417,2019,12,31,0758,-20.20,144.12,4.65,0,2,5,13.74,0,417
418,2019,12,31,0758,-20.20,144.14,4.65,0,2,3,12.26,0,417
419,2019,12,31,0758,-21.38,140.68,4.62,0,2,3,75.41,0,419
420,2019,12,31,0758,-21.38,140.70,4.62,0,2,3,61.16,0,419
421,2019,12,31,0758,-22.26,148.68,4.59,0,2,5,10.74,0,422
422,2019,12,31,0758,-22.28,148.68,4.59,0,2,5,10.74,0,422
423,2019,12,31,0758,-22.54,145.70,4.58,0,2,1,2.81,0,426
424,2019,12,31,0758,-22.54,145.72,4.58,0,2,3,3.17,0,426
425,2019,12,31,0758,-22.56,145.70,4.58,0,2,1,2.81,0,426
426,2019,12,31,0758,-22.56,145.72,4.58,0,2,3,3.17,0,426
427,2019,12,31,0758,-22.58,117.22,4.58,0,2,3,57.33,0,427
428,2019,12,31,0758,-22.58,117.24,4.58,0,2,5,47.71,0,427
429,2019,12,31,0758,-24.28,122.72,4.52,0,3,1,5.50,0,430
430,2019,12,31,0758,-24.30,122.72,4.52,0,3,3,6.48,0,430
431,2019,12,31,0758,-24.30,122.80,4.52,0,3,3,4.20,0,431
432,2019,12,31,0758,-24.32,122.80,4.52,0,3,1,3.96,0,431
433,2019,12,31,0758,-24.52,125.44,4.51,0,2,3,39.56,0,433
434,2019,12,31,0758,-24.58,118.96,4.51,0,2,3,9.61,0,434
435,2019,12,31,0758,-24.60,118.96,4.51,0,2,3,5.59,0,434
436,2019,12,31,0758,-24.60,118.98,4.51,0,2,3,6.53,0,434
437,2019,12,31,0758,-24.62,118.98,4.51,0,3,3,7.71,0,434
438,2019,12,31,0758,-24.62,146.70,4.51,0,2,5,115.39,0,438
439,2019,12,31,0758,-24.62,146.72,4.51,0,2,5,25.78,0,438
440,2019,12,31,0758,-24.64,118.98,4.51,0,3,1,6.70,0,434
441,2019,12,31,0758,-24.78,127.38,4.50,0,2,3,13.91,0,442
442,2019,12,31,0758,-24.80,127.38,4.50,0,2,5,52.82,0,442
443,2019,12,31,0758,-24.86,147.74,4.50,0,2,3,4.91,0,447
444,2019,12,31,0758,-24.86,147.76,4.50,0,2,5,42.05,0,447
445,2019,12,31,0758,-24.86,147.78,4.50,0,2,5,29.08,0,447
446,2019,12,31,0758,-24.88,147.74,4.50,0,2,5,32.12,0,447
447,2019,12,31,0758,-24.88,147.76,4.50,0,2,5,78.01,0,447
448,2019,12,31,0758,-24.88,147.78,4.50,0,2,5,30.68,0,447
449,2019,12,31,0758,-24.88,149.44,4.50,0,1,5,16.10,0,450
450,2019,12,31,0758,-24.88,149.46,4.50,0,1,5,21.54,0,450
451,2019,12,31,0758,-24.88,149.48,4.50,0,2,5,12.74,0,450
452,2019,12,31,0758,-24.90,147.76,4.50,0,2,5,11.65,0,447
453,2019,12,31,0758,-24.90,147.78,4.50,0,2,5,9.35,0,447
454,2019,12,31,0758,-24.92,149.46,4.50,0,2,5,10.54,0,458
455,2019,12,31,0758,-24.92,149.48,4.50,0,2,5,7.09,0,458
456,2019,12,31,0758,-24.94,149.46,4.49,0,2,5,9.88,0,458
457,2019,12,31,0758,-24.94,149.48,4.49,0,2,3,4.65,0,458
458,2019,12,31,0758,-24.96,149.46,4.49,0,2,5,11.69,0,458
459,2019,12,31,0758,-24.96,149.48,4.49,0,2,5,9.26,0,458
460,2019,12,31,0758,-25.08,147.52,4.49,0,2,5,56.88,0,460
461,2019,12,31,0758,-25.08,147.54,4.49,0,2,5,28.61,0,460
462,2019,12,31,0758,-25.08,147.58,4.49,0,1,3,16.22,0,462
463,2019,12,31,0758,-25.08,147.60,4.49,0,2,3,4.69,0,462
464,2019,12,31,0758,-25.10,117.52,4.49,0,2,3,3.29,0,464
465,2019,12,31,0758,-25.10,147.52,4.49,0,2,5,16.15,0,460
466,2019,12,31,0758,-25.10,147.54,4.49,0,2,5,10.01,0,460
467,2019,12,31,0758,-25.10,147.60,4.49,0,2,3,4.83,0,462
468,2019,12,31,0758,-25.10,147.62,4.49,0,2,3,4.83,0,462
469,2019,12,31,0758,-25.12,147.52,4.49,0,2,5,12.33,0,460
470,2019,12,31,0758,-25.12,147.54,4.49,0,2,5,10.03,0,460
471,2019,12,31,0758,-25.12,147.56,4.49,0,2,5,10.03,0,460
472,2019,12,31,0758,-25.14,147.56,4.49,0,2,3,4.70,0,460
473,2019,12,31,0758,-25.38,128.38,4.48,0,2,5,42.56,0,476
474,2019,12,31,0758,-25.38,128.40,4.48,0,2,5,35.72,0,476
475,2019,12,31,0758,-25.40,118.40,4.48,0,2,3,14.18,0,475
476,2019,12,31,0758,-25.40,128.40,4.48,0,2,5,98.50,0,476
477,2019,12,31,0758,-25.40,149.16,4.48,0,2,5,37.48,0,477
478,2019,12,31,0758,-25.40,149.18,4.48,0,2,5,35.27,0,477
479,2019,12,31,0758,-25.42,128.40,4.48,0,2,5,42.80,0,476
480,2019,12,31,0758,-25.42,149.16,4.48,0,2,5,25.81,0,477
481,2019,12,31,0758,-25.42,149.18,4.48,0,2,3,25.23,0,477
482,2019,12,31,0758,-26.04,150.48,4.45,0,2,3,22.37,0,482
483,2019,12,31,0758,-26.06,125.70,4.45,0,2,3,2.98,0,483
484,2019,12,31,0758,-26.30,150.40,4.44,0,2,3,22.73,0,485
485,2019,12,31,0758,-26.32,150.40,4.44,0,2,3,24.54,0,485
486,2019,12,31,0758,-26.52,150.68,4.44,0,2,3,27.38,0,486
487,2019,12,31,0758,-27.36,131.74,4.40,0,2,5,12.39,0,487
488,2019,12,31,0758,-27.36,131.76,4.40,0,2,3,5.62,0,487
489,2019,12,31,0758,-27.36,131.78,4.40,0,2,3,5.62,0,487
490,2019,12,31,0758,-27.44,119.10,4.40,0,2,3,5.30,0,490
491,2019,12,31,0758,-27.46,119.08,4.40,0,2,1,3.80,0,491
492,2019,12,31,0758,-27.58,120.04,4.39,0,3,3,5.09,0,492
493,2019,12,31,0758,-27.76,130.08,4.39,0,2,3,6.07,0,493
494,2019,12,31,0758,-27.76,130.10,4.39,0,2,1,4.00,0,493
495,2019,12,31,0758,-27.84,131.80,4.38,0,2,3,6.63,0,495
496,2019,12,31,0758,-27.86,131.80,4.38,0,3,3,2.74,0,495
497,2019,12,31,0758,-27.88,128.42,4.38,0,2,5,103.60,0,497
498,2019,12,31,0758,-27.88,131.96,4.38,0,2,5,5.66,0,498
499,2019,12,31,0758,-27.90,128.42,4.38,0,2,5,94.58,0,497
500,2019,12,31,0758,-27.90,128.44,4.38,0,2,5,29.32,0,497
501,2019,12,31,0758,-27.92,128.42,4.38,0,2,5,10.89,0,497
502,2019,12,31,0758,-27.92,128.44,4.38,0,2,5,27.41,0,497
503,2019,12,31,0758,-27.92,128.46,4.38,0,2,3,6.30,0,497
504,2019,12,31,0758,-27.94,128.46,4.38,0,2,3,6.10,0,497
505,2019,12,31,0758,-27.96,131.54,4.38,0,2,5,9.25,0,505
506,2019,12,31,0758,-27.98,131.46,4.38,0,2,5,8.59,0,507
507,2019,12,31,0758,-27.98,131.48,4.38,0,2,5,18.51,0,507
508,2019,12,31,0758,-27.98,131.54,4.38,0,2,3,5.65,0,505
509,2019,12,31,0758,-28.00,131.46,4.38,0,2,1,5.49,0,507
510,2019,12,31,0758,-28.00,131.48,4.38,0,2,5,15.71,0,507
511,2019,12,31,0758,-28.00,131.56,4.38,0,3,3,2.78,0,513
512,2019,12,31,0758,-28.02,131.54,4.38,0,2,5,6.73,0,513
513,2019,12,31,0758,-28.02,131.56,4.38,0,2,5,13.01,0,513
514,2019,12,31,0758,-28.10,129.70,4.37,0,2,5,24.04,0,516
515,2019,12,31,0758,-28.10,129.72,4.37,0,2,5,11.23,0,516
516,2019,12,31,0758,-28.12,129.70,4.37,0,2,5,60.85,0,516
517,2019,12,31,0758,-28.12,129.72,4.37,0,2,5,32.29,0,516
518,2019,12,31,0758,-28.14,129.70,4.37,0,2,5,18.10,0,516
519,2019,12,31,0758,-28.14,129.72,4.37,0,2,5,15.24,0,516
520,2019,12,31,0758,-28.32,124.70,4.36,0,3,3,2.97,0,520
521,2019,12,31,0758,-28.34,124.68,4.36,0,3,1,2.27,0,521
522,2019,12,31,0758,-28.38,129.46,4.36,0,2,5,6.18,0,526
523,2019,12,31,0758,-28.40,129.44,4.36,0,2,5,6.18,0,526
524,2019,12,31,0758,-28.40,129.46,4.36,0,2,5,6.18,0,526
525,2019,12,31,0758,-28.42,129.38,4.36,0,2,3,4.58,0,525
526,2019,12,31,0758,-28.42,129.44,4.36,0,2,5,12.03,0,526
527,2019,12,31,0758,-28.44,129.38,4.36,0,3,1,2.48,0,525
528,2019,12,31,0758,-28.46,128.50,4.36,0,2,5,31.49,0,531
529,2019,12,31,0758,-28.46,128.52,4.36,0,2,5,29.69,0,531
530,2019,12,31,0758,-28.46,129.44,4.36,0,3,3,2.92,0,530
531,2019,12,31,0758,-28.48,128.50,4.36,0,2,5,34.40,0,531
532,2019,12,31,0758,-28.48,128.52,4.36,0,2,5,28.32,0,531
533,2019,12,31,0758,-28.58,128.44,4.35,0,2,3,7.18,0,533
534,2019,12,31,0758,-28.78,128.54,4.34,0,2,3,10.00,0,534
535,2019,12,31,0758,-28.90,128.74,4.34,0,2,1,4.44,0,538
536,2019,12,31,0758,-28.92,128.74,4.34,0,2,5,14.55,0,538
537,2019,12,31,0758,-28.92,128.76,4.34,0,2,3,7.72,0,538
538,2019,12,31,0758,-28.94,128.76,4.34,0,2,5,17.47,0,538
539,2019,12,31,0758,-28.94,128.78,4.34,0,2,3,6.26,0,538
540,2019,12,31,0758,-29.02,128.36,4.33,0,2,3,9.09,0,540
541,2019,12,31,0758,-29.04,118.44,4.33,0,2,1,3.73,0,541
542,2019,12,31,0758,-29.04,128.26,4.33,0,2,5,50.48,0,542
543,2019,12,31,0758,-29.04,128.28,4.33,0,2,5,44.12,0,542
544,2019,12,31,0758,-29.04,128.32,4.33,0,2,1,6.05,0,540
545,2019,12,31,0758,-29.04,128.34,4.33,0,2,3,5.92,0,540
546,2019,12,31,0758,-29.04,128.36,4.33,0,2,3,5.92,0,540
547,2019,12,31,0758,-29.06,128.26,4.33,0,2,5,28.08,0,542
548,2019,12,31,0758,-29.06,128.28,4.33,0,2,5,35.52,0,542
549,2019,12,31,0758,-29.06,128.30,4.33,0,2,3,6.61,0,542
550,2019,12,31,0758,-29.22,127.96,4.33,0,2,3,5.32,0,551
551,2019,12,31,0758,-29.22,127.98,4.33,0,2,3,7.10,0,551
552,2019,12,31,0758,-29.26,120.18,4.32,0,3,1,4.36,2,552
553,2019,12,31,0758,-29.28,120.22,4.32,0,3,1,4.81,2,553
554,2019,12,31,0758,-29.28,152.10,4.32,0,2,3,3.99,0,554
555,2019,12,31,0758,-29.32,120.20,4.32,0,3,1,2.07,2,555
556,2019,12,31,0758,-29.38,152.18,4.32,0,2,5,8.89,0,558
557,2019,12,31,0758,-29.38,152.20,4.32,0,2,3,5.25,0,558
558,2019,12,31,0758,-29.40,152.18,4.32,0,2,5,15.51,0,558
559,2019,12,31,0758,-29.40,152.20,4.32,0,2,5,12.71,0,558
560,2019,12,31,0758,-29.48,152.54,4.31,0,2,3,7.81,0,562
561,2019,12,31,0758,-29.48,152.56,4.31,0,2,5,18.30,0,562
562,2019,12,31,0758,-29.48,152.58,4.31,0,2,5,18.59,0,562
563,2019,12,31,0758,-29.62,120.56,4.31,0,2,1,4.31,0,563
564,2019,12,31,0758,-29.68,118.60,4.31,0,2,3,4.46,0,566
565,2019,12,31,0758,-29.68,118.62,4.31,0,3,3,4.88,0,566
566,2019,12,31,0758,-29.70,118.62,4.31,0,3,3,5.00,0,566
567,2019,12,31,0758,-29.70,118.64,4.31,0,3,1,3.19,0,566
568,2019,12,31,0758,-29.72,118.60,4.30,0,3,3,4.04,0,568
569,2019,12,31,0758,-29.72,118.68,4.30,0,3,3,4.25,0,569
570,2019,12,31,0758,-29.80,121.14,4.30,0,2,1,2.71,0,570
571,2019,12,31,0758,-29.84,118.54,4.30,0,3,3,4.49,0,577
572,2019,12,31,0758,-29.84,118.56,4.30,0,3,1,4.49,0,577
573,2019,12,31,0758,-29.86,118.54,4.30,0,3,3,5.35,0,577
574,2019,12,31,0758,-29.88,118.54,4.30,0,3,3,5.35,0,577
575,2019,12,31,0758,-29.88,118.56,4.30,0,3,1,5.19,0,577
576,2019,12,31,0758,-29.90,118.54,4.30,0,3,3,3.65,0,577
577,2019,12,31,0758,-29.90,118.56,4.30,0,3,3,5.43,0,577
578,2019,12,31,0758,-29.92,118.58,4.30,0,3,1,2.59,0,578
579,2019,12,31,0758,-29.92,122.92,4.30,0,3,1,3.90,0,585
580,2019,12,31,0758,-29.92,122.94,4.30,0,3,1,3.46,0,585
581,2019,12,31,0758,-29.92,122.96,4.30,0,3,1,3.46,0,585
582,2019,12,31,0758,-29.92,123.00,4.30,0,3,1,4.37,0,582
583,2019,12,31,0758,-29.92,123.02,4.30,0,3,1,3.97,0,582
584,2019,12,31,0758,-29.94,122.94,4.30,0,3,1,4.16,0,585
585,2019,12,31,0758,-29.94,122.96,4.30,0,3,1,4.29,0,585
586,2019,12,31,0758,-30.00,118.58,4.29,0,3,3,3.74,0,586
587,2019,12,31,0758,-30.20,120.18,4.28,0,3,3,5.18,0,587
588,2019,12,31,0758,-30.20,121.12,4.28,0,3,3,4.46,0,588
589,2019,12,31,0758,-30.22,120.18,4.28,0,3,1,3.86,0,587
590,2019,12,31,0758,-30.22,121.10,4.28,0,3,3,4.21,0,590
591,2019,12,31,0758,-30.32,132.64,4.28,0,2,5,11.66,0,593
592,2019,12,31,0758,-30.34,132.64,4.28,0,2,5,11.66,0,593
593,2019,12,31,0758,-30.36,132.64,4.28,0,2,5,55.32,0,593
594,2019,12,31,0758,-30.48,122.38,4.27,0,3,3,5.08,0,594
595,2019,12,31,0758,-30.48,122.40,4.27,0,3,3,5.08,0,594
596,2019,12,31,0758,-30.52,150.86,4.27,0,2,3,14.90,0,596
597,2019,12,31,0758,-30.54,150.96,4.27,0,2,5,23.23,0,599
598,2019,12,31,0758,-30.54,150.98,4.27,0,2,1,8.21,0,599
599,2019,12,31,0758,-30.56,150.96,4.27,0,2,5,23.23,0,599
600,2019,12,31,0758,-30.56,150.98,4.27,0,2,1,8.21,0,599
601,2019,12,31,0758,-30.58,152.42,4.27,0,2,3,4.97,0,602
602,2019,12,31,0758,-30.58,152.44,4.27,0,2,3,6.12,0,602
603,2019,12,31,0758,-30.62,151.96,4.27,0,1,3,61.11,0,603
604,2019,12,31,0758,-30.64,151.96,4.26,0,2,5,37.32,0,603
605,2019,12,31,0758,-30.64,151.98,4.26,0,2,5,19.00,0,603
606,2019,12,31,0758,-30.68,152.54,4.26,0,2,3,4.54,0,606
607,2019,12,31,0758,-30.74,119.70,4.26,0,3,3,4.56,0,607
608,2019,12,31,0758,-30.74,119.72,4.26,0,3,1,4.56,0,607
609,2019,12,31,0758,-30.74,119.82,4.26,0,3,3,4.45,0,610
610,2019,12,31,0758,-30.74,119.84,4.26,0,3,3,4.45,0,610
611,2019,12,31,0758,-30.74,123.38,4.26,0,2,5,19.91,0,621
612,2019,12,31,0758,-30.74,123.40,4.26,0,2,5,19.91,0,621
613,2019,12,31,0758,-30.74,152.02,4.26,0,2,3,15.98,0,619
614,2019,12,31,0758,-30.74,152.04,4.26,0,2,3,9.44,0,619
615,2019,12,31,0758,-30.76,119.82,4.26,0,3,1,3.89,0,610
616,2019,12,31,0758,-30.76,123.34,4.26,0,2,3,18.89,0,621
617,2019,12,31,0758,-30.76,123.36,4.26,0,2,5,40.08,0,621
618,2019,12,31,0758,-30.76,123.38,4.26,0,2,5,19.91,0,621
619,2019,12,31,0758,-30.76,152.02,4.26,0,2,5,20.69,0,619
620,2019,12,31,0758,-30.78,123.34,4.26,0,2,5,57.02,0,621
621,2019,12,31,0758,-30.78,123.36,4.26,0,2,5,109.85,0,621
622,2019,12,31,0758,-30.82,123.38,4.26,0,2,3,30.37,0,622
623,2019,12,31,0758,-30.86,123.40,4.25,0,2,1,18.18,0,623
624,2019,12,31,0758,-30.86,123.42,4.25,0,2,3,14.02,0,623
625,2019,12,31,0758,-30.86,132.74,4.25,0,2,5,17.10,0,627
626,2019,12,31,0758,-30.86,132.76,4.25,0,2,3,7.57,0,627
627,2019,12,31,0758,-30.88,132.74,4.25,0,2,5,30.53,0,627
628,2019,12,31,0758,-30.88,132.76,4.25,0,2,5,14.41,0,627
629,2019,12,31,0758,-30.90,123.66,4.25,0,2,5,34.20,0,633
630,2019,12,31,0758,-30.92,123.54,4.25,0,2,3,17.71,0,636
631,2019,12,31,0758,-30.92,123.58,4.25,0,2,5,38.52,0,637
632,2019,12,31,0758,-30.92,123.60,4.25,0,3,3,8.70,0,637
633,2019,12,31,0758,-30.92,123.64,4.25,0,2,5,61.47,0,633
634,2019,12,31,0758,-30.92,123.66,4.25,0,2,5,61.47,0,633
635,2019,12,31,0758,-30.94,119.82,4.25,0,3,3,5.48,0,635
636,2019,12,31,0758,-30.94,123.54,4.25,0,2,3,17.71,0,636
637,2019,12,31,0758,-30.94,123.58,4.25,0,2,5,38.53,0,637
638,2019,12,31,0758,-30.94,123.60,4.25,0,3,3,8.70,0,637
639,2019,12,31,0758,-30.96,120.66,4.25,0,3,1,4.01,0,639
640,2019,12,31,0758,-31.10,132.72,4.24,0,1,1,7.99,0,640
641,2019,12,31,0758,-31.10,132.74,4.24,0,2,3,2.92,0,640
642,2019,12,31,0758,-31.18,121.08,4.24,0,1,5,77.83,0,642
643,2019,12,31,0758,-31.18,121.10,4.24,0,2,5,26.18,0,642
644,2019,12,31,0758,-31.20,121.08,4.24,0,2,5,50.71,0,642
645,2019,12,31,0758,-31.20,121.10,4.24,0,2,5,62.20,0,642
646,2019,12,31,0758,-31.20,121.22,4.24,0,2,5,22.76,0,650
647,2019,12,31,0758,-31.22,121.08,4.24,0,2,3,16.75,0,642
648,2019,12,31,0758,-31.22,121.10,4.24,0,2,5,40.14,0,642
649,2019,12,31,0758,-31.22,121.12,4.24,0,2,5,16.39,0,642
650,2019,12,31,0758,-31.22,121.22,4.24,0,2,5,117.89,0,650
651,2019,12,31,0758,-31.24,121.10,4.24,0,2,5,67.08,0,642
652,2019,12,31,0758,-31.24,121.12,4.24,0,2,5,29.23,0,642
653,2019,12,31,0758,-31.40,151.74,4.23,0,2,1,6.42,0,653
654,2019,12,31,0758,-31.50,151.28,4.23,0,2,5,34.94,0,658
655,2019,12,31,0758,-31.50,151.30,4.23,0,2,5,21.14,0,658
656,2019,12,31,0758,-31.52,151.28,4.23,0,2,5,31.93,0,658
657,2019,12,31,0758,-31.52,151.30,4.23,0,2,5,25.37,0,658
658,2019,12,31,0758,-31.52,151.32,4.23,0,2,5,37.65,0,658
659,2019,12,31,0758,-31.54,151.32,4.22,0,2,3,11.94,0,658
660,2019,12,31,0758,-31.56,151.20,4.22,0,2,5,28.87,0,668
661,2019,12,31,0758,-31.56,151.22,4.22,0,2,1,7.36,0,668
662,2019,12,31,0758,-31.58,151.20,4.22,0,2,5,65.50,0,668
663,2019,12,31,0758,-31.58,151.22,4.22,0,2,1,7.36,0,668
664,2019,12,31,0758,-31.58,152.08,4.22,0,2,3,17.04,0,678
665,2019,12,31,0758,-31.58,152.10,4.22,0,2,5,34.84,0,678
666,2019,12,31,0758,-31.58,152.12,4.22,0,2,5,34.84,0,678
667,2019,12,31,0758,-31.58,152.14,4.22,0,2,3,10.12,0,678
668,2019,12,31,0758,-31.60,151.20,4.22,0,2,5,65.51,0,668
669,2019,12,31,0758,-31.60,151.22,4.22,0,2,5,16.72,0,668
670,2019,12,31,0758,-31.60,152.06,4.22,0,2,5,14.79,0,678
671,2019,12,31,0758,-31.60,152.08,4.22,0,2,5,34.54,0,678
672,2019,12,31,0758,-31.60,152.10,4.22,0,2,5,34.54,0,678
673,2019,12,31,0758,-31.60,152.12,4.22,0,2,5,81.50,0,678
674,2019,12,31,0758,-31.60,152.14,4.22,0,2,5,23.93,0,678
675,2019,12,31,0758,-31.62,152.06,4.22,0,2,5,14.79,0,678
676,2019,12,31,0758,-31.62,152.08,4.22,0,2,5,14.79,0,678
677,2019,12,31,0758,-31.62,152.10,4.22,0,2,5,34.54,0,678
678,2019,12,31,0758,-31.62,152.12,4.22,0,2,5,81.51,0,678
679,2019,12,31,0758,-31.62,152.14,4.22,0,2,5,23.94,0,678
680,2019,12,31,0758,-31.64,119.70,4.22,0,2,5,9.39,0,681
681,2019,12,31,0758,-31.64,119.72,4.22,0,2,5,9.76,0,681
682,2019,12,31,0758,-31.64,119.74,4.22,0,2,5,9.76,0,681
683,2019,12,31,0758,-31.64,132.98,4.22,0,2,5,7.82,0,688
684,2019,12,31,0758,-31.64,133.00,4.22,0,3,3,3.36,0,688
685,2019,12,31,0758,-31.64,152.08,4.22,0,2,5,16.48,0,678
686,2019,12,31,0758,-31.64,152.10,4.22,0,2,3,13.54,0,678
687,2019,12,31,0758,-31.64,152.12,4.22,0,2,5,18.19,0,678
688,2019,12,31,0758,-31.66,132.94,4.22,0,2,5,32.63,0,688
689,2019,12,31,0758,-31.66,132.96,4.22,0,2,5,30.81,0,688
690,2019,12,31,0758,-31.66,132.98,4.22,0,2,5,30.81,0,688
691,2019,12,31,0758,-31.66,133.00,4.22,0,2,3,4.19,0,688
692,2019,12,31,0758,-31.68,123.00,4.22,0,3,1,2.83,0,697
693,2019,12,31,0758,-31.68,123.02,4.22,0,3,1,4.13,0,697
694,2019,12,31,0758,-31.68,132.94,4.22,0,2,5,24.78,0,688
695,2019,12,31,0758,-31.68,132.96,4.22,0,2,5,14.03,0,688
696,2019,12,31,0758,-31.70,123.00,4.22,0,3,1,2.83,0,697
697,2019,12,31,0758,-31.70,123.02,4.22,0,3,1,4.13,0,697
698,2019,12,31,0758,-31.76,151.78,4.21,0,2,3,14.05,0,702
699,2019,12,31,0758,-31.76,151.80,4.21,0,2,5,22.16,0,702
700,2019,12,31,0758,-31.78,151.78,4.21,0,2,5,33.73,0,702
701,2019,12,31,0758,-31.78,151.80,4.21,0,2,5,25.32,0,702
702,2019,12,31,0758,-31.80,151.78,4.21,0,2,5,33.74,0,702
703,2019,12,31,0758,-31.80,151.80,4.21,0,2,5,25.32,0,702
704,2019,12,31,0758,-31.82,151.78,4.21,0,2,3,16.59,0,702
705,2019,12,31,0758,-31.82,151.80,4.21,0,2,3,9.80,0,702
706,2019,12,31,0758,-31.82,151.82,4.21,0,2,3,9.80,0,702
707,2019,12,31,0758,-31.82,151.88,4.21,0,2,3,8.05,0,707
708,2019,12,31,0758,-31.84,152.64,4.21,0,2,5,8.63,0,708
709,2019,12,31,0758,-31.90,121.64,4.21,0,2,3,17.26,0,709
710,2019,12,31,0758,-31.90,123.18,4.21,0,3,1,4.62,0,710
711,2019,12,31,0758,-31.92,121.46,4.21,0,2,1,5.72,0,715
712,2019,12,31,0758,-31.92,121.62,4.21,0,2,3,13.69,0,709
713,2019,12,31,0758,-31.92,121.64,4.21,0,2,3,13.69,0,709
714,2019,12,31,0758,-31.92,123.20,4.21,0,3,1,4.66,0,714
715,2019,12,31,0758,-31.94,121.46,4.21,0,2,1,5.72,0,715
716,2019,12,31,0758,-31.94,122.86,4.21,0,3,1,3.76,0,720
717,2019,12,31,0758,-31.94,122.88,4.21,0,3,1,3.76,0,720
718,2019,12,31,0758,-31.96,121.38,4.21,0,2,3,17.04,0,718
719,2019,12,31,0758,-31.96,122.84,4.21,0,3,1,2.67,0,720
720,2019,12,31,0758,-31.96,122.86,4.21,0,3,1,3.76,0,720
721,2019,12,31,0758,-31.96,122.88,4.21,0,3,1,2.93,0,720
722,2019,12,31,0758,-31.98,121.44,4.20,0,2,3,15.77,0,727
723,2019,12,31,0758,-31.98,121.46,4.20,0,2,3,15.77,0,727
724,2019,12,31,0758,-31.98,121.48,4.20,0,2,3,9.49,0,727
725,2019,12,31,0758,-31.98,122.86,4.20,0,3,1,2.95,0,720
726,2019,12,31,0758,-32.00,121.44,4.20,0,2,3,9.98,0,727
727,2019,12,31,0758,-32.00,121.46,4.20,0,2,3,25.02,0,727
728,2019,12,31,0758,-32.00,121.48,4.20,0,2,3,25.02,0,727
729,2019,12,31,0758,-32.02,121.66,4.20,0,2,1,14.04,0,729
730,2019,12,31,0758,-32.02,135.78,4.20,0,2,5,22.10,0,730
731,2019,12,31,0758,-32.02,135.80,4.20,0,3,3,9.95,0,730
732,2019,12,31,0758,-32.02,135.82,4.20,0,3,3,9.95,0,730
733,2019,12,31,0758,-32.04,151.40,4.20,0,2,5,24.69,0,734
734,2019,12,31,0758,-32.04,151.42,4.20,0,2,5,66.61,0,734
735,2019,12,31,0758,-32.04,151.44,4.20,0,2,3,5.37,0,734
736,2019,12,31,0758,-32.06,151.44,4.20,0,2,5,20.23,0,734
737,2019,12,31,0758,-32.12,122.86,4.20,0,3,1,3.48,0,737
738,2019,12,31,0758,-32.12,151.34,4.20,0,2,5,40.18,0,749
739,2019,12,31,0758,-32.12,151.36,4.20,0,1,5,40.22,0,749
740,2019,12,31,0758,-32.14,122.84,4.20,0,3,1,3.48,0,740
741,2019,12,31,0758,-32.14,151.34,4.20,0,2,5,40.18,0,749
742,2019,12,31,0758,-32.14,151.36,4.20,0,1,5,40.22,0,749
743,2019,12,31,0758,-32.14,151.38,4.20,0,2,5,17.10,0,749
744,2019,12,31,0758,-32.14,151.40,4.20,0,2,3,10.83,0,749
745,2019,12,31,0758,-32.16,151.38,4.20,0,2,5,32.11,0,749
746,2019,12,31,0758,-32.16,151.40,4.20,0,2,5,22.59,0,749
747,2019,12,31,0758,-32.16,151.42,4.20,0,2,5,22.59,0,749
748,2019,12,31,0758,-32.18,151.36,4.20,0,2,5,80.97,0,749
749,2019,12,31,0758,-32.18,151.38,4.20,0,2,5,121.04,0,749
750,2019,12,31,0758,-32.18,151.40,4.20,0,2,5,121.04,0,749
751,2019,12,31,0758,-32.18,151.42,4.20,0,2,5,41.08,0,749
752,2019,12,31,0758,-32.20,151.34,4.19,0,2,5,53.49,0,749
753,2019,12,31,0758,-32.20,151.36,4.19,0,2,5,61.53,0,749
754,2019,12,31,0758,-32.20,151.38,4.19,0,2,5,61.53,0,749
755,2019,12,31,0758,-32.20,151.40,4.19,0,2,5,68.90,0,749
756,2019,12,31,0758,-32.20,151.42,4.19,0,2,5,10.23,0,749
757,2019,12,31,0758,-32.22,151.38,4.19,0,2,5,42.25,0,749
758,2019,12,31,0758,-32.22,151.40,4.19,0,2,3,10.68,0,749
759,2019,12,31,0758,-32.26,123.42,4.19,0,1,5,69.65,0,804
760,2019,12,31,0758,-32.28,123.42,4.19,0,2,5,33.36,0,804
761,2019,12,31,0758,-32.28,123.44,4.19,0,1,5,59.33,0,804
762,2019,12,31,0758,-32.30,123.40,4.19,0,2,5,17.71,0,804
763,2019,12,31,0758,-32.30,123.42,4.19,0,2,5,77.71,0,804
764,2019,12,31,0758,-32.30,123.44,4.19,0,2,5,58.83,0,804
765,2019,12,31,0758,-32.32,123.30,4.19,0,3,3,3.68,0,765
766,2019,12,31,0758,-32.32,123.38,4.19,0,2,5,17.71,0,804
767,2019,12,31,0758,-32.32,123.40,4.19,0,2,5,17.71,0,804
768,2019,12,31,0758,-32.32,123.42,4.19,0,2,5,77.71,0,804
769,2019,12,31,0758,-32.32,123.44,4.19,0,2,5,62.15,0,804
770,2019,12,31,0758,-32.32,123.46,4.19,0,2,5,20.85,0,804
771,2019,12,31,0758,-32.34,121.28,4.19,0,2,5,29.94,0,771
772,2019,12,31,0758,-32.34,123.26,4.19,0,3,3,3.55,0,765
773,2019,12,31,0758,-32.34,123.28,4.19,0,3,1,3.55,0,765
774,2019,12,31,0758,-32.34,123.30,4.19,0,3,1,3.57,0,765
775,2019,12,31,0758,-32.34,123.40,4.19,0,2,5,23.14,0,804
776,2019,12,31,0758,-32.34,123.42,4.19,0,2,5,23.14,0,804
777,2019,12,31,0758,-32.34,123.44,4.19,0,2,5,62.15,0,804
778,2019,12,31,0758,-32.34,123.46,4.19,0,2,5,20.86,0,804
779,2019,12,31,0758,-32.36,123.38,4.19,0,3,3,1.51,0,779
780,2019,12,31,0758,-32.36,123.42,4.19,0,2,5,41.52,0,804
781,2019,12,31,0758,-32.36,123.44,4.19,0,2,5,41.52,0,804
782,2019,12,31,0758,-32.36,123.46,4.19,0,2,5,31.78,0,804
783,2019,12,31,0758,-32.36,123.48,4.19,0,1,5,42.56,0,804
784,2019,12,31,0758,-32.38,121.32,4.19,0,2,3,15.17,0,792
785,2019,12,31,0758,-32.38,121.34,4.19,0,2,3,10.99,0,792
786,2019,12,31,0758,-32.38,121.36,4.19,0,2,3,10.99,0,792
787,2019,12,31,0758,-32.38,123.40,4.19,0,3,3,8.30,0,804
788,2019,12,31,0758,-32.38,123.42,4.19,0,2,5,16.28,0,804
789,2019,12,31,0758,-32.38,123.44,4.19,0,2,5,19.82,0,804
790,2019,12,31,0758,-32.38,123.46,4.19,0,1,3,12.60,0,804
791,2019,12,31,0758,-32.38,123.48,4.19,0,1,3,12.60,0,804
792,2019,12,31,0758,-32.40,121.32,4.18,0,1,3,53.72,0,792
793,2019,12,31,0758,-32.40,121.34,4.18,0,2,5,20.67,0,792
794,2019,12,31,0758,-32.40,122.90,4.18,0,3,1,3.08,0,795
795,2019,12,31,0758,-32.40,122.92,4.18,0,3,1,3.18,0,795
796,2019,12,31,0758,-32.40,123.26,4.18,0,3,3,2.64,0,820
797,2019,12,31,0758,-32.40,123.40,4.18,0,3,3,8.21,0,804
798,2019,12,31,0758,-32.40,123.42,4.18,0,2,5,30.62,0,804
799,2019,12,31,0758,-32.40,123.44,4.18,0,2,3,7.86,0,804
800,2019,12,31,0758,-32.42,123.24,4.18,0,3,3,2.64,0,820
801,2019,12,31,0758,-32.42,123.26,4.18,0,3,3,2.64,0,820
802,2019,12,31,0758,-32.42,123.38,4.18,0,2,5,12.11,0,804
803,2019,12,31,0758,-32.42,123.40,4.18,0,2,5,12.11,0,804
804,2019,12,31,0758,-32.42,123.42,4.18,0,2,5,88.40,0,804
805,2019,12,31,0758,-32.42,123.44,4.18,0,2,5,25.27,0,804
806,2019,12,31,0758,-32.44,123.22,4.18,0,3,1,3.73,0,820
807,2019,12,31,0758,-32.44,123.24,4.18,0,3,3,1.60,0,820
808,2019,12,31,0758,-32.44,123.38,4.18,0,3,1,5.92,0,804
809,2019,12,31,0758,-32.44,123.40,4.18,0,2,5,24.58,0,804
810,2019,12,31,0758,-32.44,123.42,4.18,0,2,5,24.58,0,804
811,2019,12,31,0758,-32.44,123.44,4.18,0,2,3,6.79,0,804
812,2019,12,31,0758,-32.46,123.22,4.18,0,2,5,8.57,0,820
813,2019,12,31,0758,-32.46,123.38,4.18,0,3,3,5.92,0,804
814,2019,12,31,0758,-32.46,123.40,4.18,0,2,5,24.58,0,804
815,2019,12,31,0758,-32.46,123.42,4.18,0,2,3,6.79,0,804
816,2019,12,31,0758,-32.46,123.44,4.18,0,2,3,6.79,0,804
817,2019,12,31,0758,-32.48,121.96,4.18,0,2,5,17.28,0,817
818,2019,12,31,0758,-32.48,121.98,4.18,0,2,3,9.65,0,817
819,2019,12,31,0758,-32.48,122.00,4.18,0,2,3,9.65,0,817
820,2019,12,31,0758,-32.48,123.22,4.18,0,2,3,12.30,0,820
821,2019,12,31,0758,-32.48,123.42,4.18,0,2,5,9.43,0,804
822,2019,12,31,0758,-32.48,123.44,4.18,0,2,3,6.61,0,804
823,2019,12,31,0758,-32.50,121.96,4.18,0,2,3,12.96,0,817
824,2019,12,31,0758,-32.50,123.42,4.18,0,2,5,27.95,0,804
825,2019,12,31,0758,-32.50,123.44,4.18,0,2,5,18.27,0,804
826,2019,12,31,0758,-32.52,121.98,4.18,0,2,5,18.91,0,828
827,2019,12,31,0758,-32.52,122.00,4.18,0,2,5,15.76,0,828
828,2019,12,31,0758,-32.54,121.98,4.18,0,1,3,58.76,0,828
829,2019,12,31,0758,-32.54,122.00,4.18,0,2,5,21.52,0,828
830,2019,12,31,0758,-32.54,122.02,4.18,0,2,3,8.43,0,828
831,2019,12,31,0758,-32.56,122.32,4.18,0,2,3,6.27,0,831
832,2019,12,31,0758,-32.56,150.24,4.18,0,2,5,46.16,0,855
833,2019,12,31,0758,-32.56,150.26,4.18,0,2,5,42.70,0,855
834,2019,12,31,0758,-32.56,150.28,4.18,0,2,3,19.22,0,855
835,2019,12,31,0758,-32.56,150.48,4.18,0,1,5,28.41,0,836
836,2019,12,31,0758,-32.56,150.50,4.18,0,1,5,38.28,0,836
837,2019,12,31,0758,-32.56,150.52,4.18,0,2,5,31.18,0,836
838,2019,12,31,0758,-32.56,150.54,4.18,0,2,5,15.75,0,836
839,2019,12,31,0758,-32.56,150.58,4.18,0,2,5,13.28,0,916
840,2019,12,31,0758,-32.56,150.60,4.18,0,2,5,13.28,0,916
841,2019,12,31,0758,-32.56,150.62,4.18,0,2,5,14.79,0,916
842,2019,12,31,0758,-32.56,150.64,4.18,0,2,5,8.61,0,916
843,2019,12,31,0758,-32.58,150.22,4.18,0,2,5,64.94,0,855
844,2019,12,31,0758,-32.58,150.24,4.18,0,2,5,56.27,0,855
845,2019,12,31,0758,-32.58,150.38,4.18,0,2,3,7.13,0,836
846,2019,12,31,0758,-32.58,150.40,4.18,0,2,3,7.14,0,836
847,2019,12,31,0758,-32.58,150.42,4.18,0,2,5,22.65,0,836
848,2019,12,31,0758,-32.58,150.44,4.18,0,2,5,17.97,0,836
849,2019,12,31,0758,-32.58,150.46,4.18,0,2,5,18.24,0,836
850,2019,12,31,0758,-32.58,150.48,4.18,0,1,3,24.36,0,836
851,2019,12,31,0758,-32.58,150.62,4.18,0,2,5,39.89,0,916
852,2019,12,31,0758,-32.58,150.64,4.18,0,2,5,39.61,0,916
853,2019,12,31,0758,-32.58,150.66,4.18,0,2,5,8.78,0,916
854,2019,12,31,0758,-32.60,121.08,4.18,0,3,1,4.82,0,863
855,2019,12,31,0758,-32.60,150.22,4.18,0,2,5,99.04,0,855
856,2019,12,31,0758,-32.60,150.24,4.18,0,2,5,94.80,0,855
857,2019,12,31,0758,-32.60,150.36,4.18,0,2,3,4.27,0,836
858,2019,12,31,0758,-32.60,150.38,4.18,0,2,3,4.27,0,836
859,2019,12,31,0758,-32.60,150.40,4.18,0,2,1,11.55,0,836
860,2019,12,31,0758,-32.60,150.42,4.18,0,2,5,15.18,0,836
861,2019,12,31,0758,-32.60,150.64,4.18,0,2,5,19.10,0,916
862,2019,12,31,0758,-32.60,150.66,4.18,0,2,5,18.58,0,916
863,2019,12,31,0758,-32.62,121.06,4.17,0,3,3,6.30,0,863
864,2019,12,31,0758,-32.62,121.08,4.17,0,3,3,6.30,0,863
865,2019,12,31,0758,-32.62,150.24,4.17,0,2,5,47.74,0,855
866,2019,12,31,0758,-32.62,150.26,4.17,0,2,5,17.33,0,855
867,2019,12,31,0758,-32.62,150.62,4.17,0,2,1,4.91,0,916
868,2019,12,31,0758,-32.62,150.64,4.17,0,2,5,19.10,0,916
869,2019,12,31,0758,-32.62,150.66,4.17,0,2,5,18.58,0,916
870,2019,12,31,0758,-32.62,150.68,4.17,0,2,5,10.11,0,916
871,2019,12,31,0758,-32.62,150.70,4.17,0,2,3,6.73,0,916
872,2019,12,31,0758,-32.62,150.72,4.17,0,2,3,6.74,0,916
873,2019,12,31,0758,-32.62,150.74,4.17,0,2,5,8.66,0,916
874,2019,12,31,0758,-32.62,150.76,4.17,0,2,5,11.21,0,916
875,2019,12,31,0758,-32.62,150.78,4.17,0,2,5,15.27,0,916
876,2019,12,31,0758,-32.64,150.66,4.17,0,2,5,9.77,0,916
877,2019,12,31,0758,-32.64,150.68,4.17,0,2,5,12.31,0,916
878,2019,12,31,0758,-32.64,150.70,4.17,0,2,5,12.31,0,916
879,2019,12,31,0758,-32.64,150.72,4.17,0,2,3,6.38,0,916
880,2019,12,31,0758,-32.64,150.74,4.17,0,2,3,5.21,0,916
881,2019,12,31,0758,-32.64,150.76,4.17,0,1,5,25.92,0,916
882,2019,12,31,0758,-32.64,150.78,4.17,0,2,5,30.59,0,916
883,2019,12,31,0758,-32.64,150.80,4.17,0,2,5,18.90,0,916
884,2019,12,31,0758,-32.66,120.98,4.17,0,2,5,13.32,0,907
885,2019,12,31,0758,-32.66,121.00,4.17,0,2,5,13.32,0,907
886,2019,12,31,0758,-32.66,121.02,4.17,0,1,5,97.12,0,907
887,2019,12,31,0758,-32.66,150.80,4.17,0,2,5,31.46,0,916
888,2019,12,31,0758,-32.66,150.82,4.17,0,2,5,21.46,0,916
889,2019,12,31,0758,-32.68,120.98,4.17,0,2,5,14.50,0,907
890,2019,12,31,0758,-32.68,121.00,4.17,0,2,5,30.07,0,907
891,2019,12,31,0758,-32.68,121.02,4.17,0,2,5,30.07,0,907
892,2019,12,31,0758,-32.68,121.06,4.17,0,2,5,67.99,0,907
893,2019,12,31,0758,-32.68,150.14,4.17,0,2,3,43.56,0,909
894,2019,12,31,0758,-32.68,150.16,4.17,0,2,5,53.99,0,909
895,2019,12,31,0758,-32.68,150.18,4.17,0,2,3,32.00,0,909
896,2019,12,31,0758,-32.68,150.20,4.17,0,2,5,40.93,0,909
897,2019,12,31,0758,-32.68,150.82,4.17,0,2,5,14.66,0,916
898,2019,12,31,0758,-32.68,150.84,4.17,0,2,5,14.66,0,916
899,2019,12,31,0758,-32.68,150.86,4.17,0,2,5,18.84,0,916
900,2019,12,31,0758,-32.68,150.88,4.17,0,2,5,43.31,0,916
901,2019,12,31,0758,-32.68,150.90,4.17,0,2,5,62.50,0,916
902,2019,12,31,0758,-32.68,150.92,4.17,0,2,5,30.00,0,916
903,2019,12,31,0758,-32.70,121.00,4.17,0,2,3,8.01,0,907
904,2019,12,31,0758,-32.70,121.02,4.17,0,2,5,25.95,0,907
905,2019,12,31,0758,-32.70,121.04,4.17,0,2,5,77.40,0,907
906,2019,12,31,0758,-32.70,121.06,4.17,0,2,5,77.40,0,907
907,2019,12,31,0758,-32.70,121.08,4.17,0,2,5,177.54,0,907
908,2019,12,31,0758,-32.70,150.18,4.17,0,2,5,118.08,0,909
909,2019,12,31,0758,-32.70,150.20,4.17,0,2,5,178.10,0,909
910,2019,12,31,0758,-32.70,150.88,4.17,0,2,5,31.73,0,916
911,2019,12,31,0758,-32.70,150.90,4.17,0,2,5,113.13,0,916
912,2019,12,31,0758,-32.70,150.92,4.17,0,2,5,71.26,0,916
913,2019,12,31,0758,-32.72,121.06,4.17,0,2,5,63.40,0,907
914,2019,12,31,0758,-32.72,121.08,4.17,0,2,5,63.40,0,907
915,2019,12,31,0758,-32.72,150.88,4.17,0,2,5,31.73,0,916
916,2019,12,31,0758,-32.72,150.90,4.17,0,2,5,113.13,0,916
917,2019,12,31,0758,-32.72,150.92,4.17,0,2,5,71.26,0,916
918,2019,12,31,0758,-32.74,121.16,4.17,0,2,3,13.63,0,918
919,2019,12,31,0758,-32.74,121.20,4.17,0,1,1,21.83,0,919
920,2019,12,31,0758,-32.74,150.90,4.17,0,2,3,12.98,0,916
921,2019,12,31,0758,-32.74,150.92,4.17,0,2,5,16.48,0,916
922,2019,12,31,0758,-32.76,151.04,4.17,0,2,3,16.64,0,922
923,2019,12,31,0758,-32.80,124.10,4.17,0,2,5,25.04,0,924
924,2019,12,31,0758,-32.80,124.12,4.17,0,2,5,25.20,0,924
925,2019,12,31,0758,-32.82,124.12,4.17,0,2,3,7.87,0,924
926,2019,12,31,0758,-32.84,124.12,4.16,0,2,3,7.88,0,924
927,2019,12,31,0758,-32.90,123.66,4.16,0,2,3,12.60,0,928
928,2019,12,31,0758,-32.92,123.66,4.16,0,2,5,18.98,0,928
929,2019,12,31,0758,-32.94,123.64,4.16,0,2,3,7.00,0,928
930,2019,12,31,0758,-32.94,123.66,4.16,0,2,3,7.00,0,928
931,2019,12,31,0758,-33.06,120.84,4.15,0,3,3,4.84,0,931
932,2019,12,31,0758,-33.06,120.90,4.15,0,3,1,4.06,0,931
933,2019,12,31,0758,-33.08,120.82,4.15,0,3,3,4.82,0,931
934,2019,12,31,0758,-33.08,120.84,4.15,0,3,3,4.82,0,931
935,2019,12,31,0758,-33.08,120.86,4.15,0,3,3,4.19,0,931
936,2019,12,31,0758,-33.08,120.88,4.15,0,3,3,4.13,0,931
937,2019,12,31,0758,-33.08,120.90,4.15,0,3,1,3.74,0,931
938,2019,12,31,0758,-33.10,120.82,4.15,0,3,3,4.82,0,931
939,2019,12,31,0758,-33.10,120.84,4.15,0,3,3,4.20,0,931
940,2019,12,31,0758,-33.18,116.28,4.15,0,3,1,3.69,0,940
941,2019,12,31,0758,-33.20,122.26,4.15,0,3,3,6.01,0,941
942,2019,12,31,0758,-33.20,122.36,4.15,0,2,5,9.82,0,942
943,2019,12,31,0758,-33.22,122.32,4.15,0,3,3,4.93,0,942
944,2019,12,31,0758,-33.22,122.34,4.15,0,3,3,5.38,0,942
945,2019,12,31,0758,-33.22,122.36,4.15,0,3,3,5.38,0,942
946,2019,12,31,0758,-33.24,136.86,4.15,0,3,3,2.53,0,946
947,2019,12,31,0758,-33.30,144.50,4.14,0,3,1,3.92,0,948
948,2019,12,31,0758,-33.32,144.50,4.14,0,3,1,3.92,0,948
949,2019,12,31,0758,-33.62,135.18,4.13,0,2,5,31.66,0,950
950,2019,12,31,0758,-33.62,135.20,4.13,0,2,5,61.38,0,950
951,2019,12,31,0758,-33.92,122.12,4.11,0,3,3,4.77,0,953
952,2019,12,31,0758,-33.94,122.12,4.11,0,3,3,4.77,0,953
953,2019,12,31,0758,-33.96,122.12,4.11,0,3,3,7.44,0,953
954,2019,12,31,0758,-34.42,117.98,4.09,0,2,5,246.89,0,954
955,2019,12,31,0758,-34.64,117.18,4.08,0,2,3,5.62,0,956
956,2019,12,31,0758,-34.64,117.20,4.08,0,3,3,5.84,0,956
957,2019,12,31,0758,-34.66,117.16,4.08,0,2,3,5.62,0,956
958,2019,12,31,0758,-34.66,117.18,4.08,0,2,3,5.62,0,956
959,2019,12,31,0758,-34.66,117.20,4.08,0,3,1,4.46,0,956
960,2019,12,31,0758,-34.68,117.18,4.08,0,3,3,4.46,0,956
961,2019,12,31,0758,-34.68,117.20,4.08,0,3,3,4.46,0,956
962,2019,12,31,0758,-35.34,147.82,4.04,0,1,3,31.45,0,962
963,2019,12,31,0758,-35.44,147.88,4.04,0,2,3,24.15,0,968
964,2019,12,31,0758,-35.46,147.88,4.04,0,2,5,31.94,0,968
965,2019,12,31,0758,-35.48,147.88,4.04,0,2,5,31.94,0,968
966,2019,12,31,0758,-35.50,147.88,4.04,0,2,3,16.20,0,968
967,2019,12,31,0758,-35.50,147.90,4.04,0,2,3,16.20,0,968
968,2019,12,31,0758,-35.50,147.92,4.04,0,2,5,39.56,0,968
969,2019,12,31,0758,-35.50,148.02,4.04,0,2,5,129.89,0,977
970,2019,12,31,0758,-35.52,147.88,4.03,0,2,3,6.39,0,968
971,2019,12,31,0758,-35.52,147.90,4.03,0,2,3,6.39,0,968
972,2019,12,31,0758,-35.52,147.92,4.03,0,2,5,29.67,0,968
973,2019,12,31,0758,-35.52,148.02,4.03,0,2,5,204.07,0,977
974,2019,12,31,0758,-35.52,148.04,4.03,0,2,5,204.07,0,977
975,2019,12,31,0758,-35.52,148.06,4.03,0,2,5,390.15,0,977
976,2019,12,31,0758,-35.52,148.08,4.03,0,2,5,160.13,0,977
977,2019,12,31,0758,-35.54,148.06,4.03,0,1,5,558.32,0,977
978,2019,12,31,0758,-35.54,148.08,4.03,0,2,5,130.47,0,977
979,2019,12,31,0758,-35.56,148.06,4.03,0,2,3,44.51,0,977
980,2019,12,31,0758,-35.56,148.08,4.03,0,2,3,35.90,0,977
981,2019,12,31,0758,-35.58,148.06,4.03,0,2,3,44.51,0,977
982,2019,12,31,0758,-35.58,148.08,4.03,0,2,3,35.90,0,977
983,2019,12,31,0758,-35.64,140.08,4.03,0,2,3,1.72,0,983
984,2019,12,31,0758,-35.64,148.18,4.03,0,3,1,31.89,0,1009
985,2019,12,31,0758,-35.64,148.20,4.03,0,2,1,40.15,0,1009
986,2019,12,31,0758,-35.66,148.18,4.03,0,3,1,31.89,0,1009
987,2019,12,31,0758,-35.66,148.20,4.03,0,2,1,40.16,0,1009
988,2019,12,31,0758,-35.68,148.16,4.03,0,2,1,33.52,0,1009
989,2019,12,31,0758,-35.68,148.20,4.03,0,3,1,43.84,0,1009
990,2019,12,31,0758,-35.70,148.16,4.03,0,2,1,47.93,0,1009
991,2019,12,31,0758,-35.70,148.18,4.03,0,2,1,76.22,0,1009
992,2019,12,31,0758,-35.70,148.20,4.03,0,2,1,19.35,0,1009
993,2019,12,31,0758,-35.70,148.22,4.03,0,2,1,19.35,0,1009
994,2019,12,31,0758,-35.72,136.76,4.02,0,2,5,355.91,0,1006
995,2019,12,31,0758,-35.72,148.18,4.02,0,2,1,187.94,0,1009
996,2019,12,31,0758,-35.72,148.20,4.02,0,2,1,187.94,0,1009
997,2019,12,31,0758,-35.72,148.22,4.02,0,2,1,68.73,0,1009
998,2019,12,31,0758,-35.74,136.76,4.02,0,2,5,355.92,0,1006
999,2019,12,31,0758,-35.74,148.18,4.02,0,1,5,394.30,0,1009
1000,2019,12,31,0758,-35.74,148.20,4.02,0,1,5,394.30,0,1009
1001,2019,12,31,0758,-35.74,148.22,4.02,0,2,1,124.14,0,1009
1002,2019,12,31,0758,-35.74,148.24,4.02,0,2,1,30.81,0,1009
1003,2019,12,31,0758,-35.76,136.72,4.02,0,2,5,101.88,0,1006
1004,2019,12,31,0758,-35.76,136.74,4.02,0,2,5,101.88,0,1006
1005,2019,12,31,0758,-35.76,136.76,4.02,0,2,5,193.02,0,1006
1006,2019,12,31,0758,-35.76,136.78,4.02,0,2,5,478.57,1,1006
1007,2019,12,31,0758,-35.76,141.30,4.02,0,2,5,14.79,0,1008
1008,2019,12,31,0758,-35.76,141.32,4.02,0,2,5,19.11,0,1008
1009,2019,12,31,0758,-35.76,148.20,4.02,0,1,5,394.32,0,1009
1010,2019,12,31,0758,-35.76,148.22,4.02,0,2,1,124.14,0,1009
1011,2019,12,31,0758,-35.76,148.24,4.02,0,2,1,30.50,0,1009
1012,2019,12,31,0758,-35.78,136.72,4.02,0,2,5,42.71,0,1006
1013,2019,12,31,0758,-35.78,136.74,4.02,0,2,5,42.71,0,1006
1014,2019,12,31,0758,-35.78,136.78,4.02,0,2,5,207.44,0,1006
1015,2019,12,31,0758,-35.78,136.80,4.02,0,2,5,22.49,0,1006
1016,2019,12,31,0758,-35.78,148.20,4.02,0,2,1,79.43,0,1009
1017,2019,12,31,0758,-35.78,148.22,4.02,0,2,1,46.61,0,1009
1018,2019,12,31,0758,-35.78,148.24,4.02,0,2,1,21.25,0,1009
1019,2019,12,31,0758,-35.80,136.72,4.02,0,2,5,23.22,0,1006
1020,2019,12,31,0758,-35.80,136.74,4.02,0,2,5,367.39,0,1006
1021,2019,12,31,0758,-35.80,136.76,4.02,0,2,5,367.39,0,1006
1022,2019,12,31,0758,-35.80,136.78,4.02,0,3,5,83.65,0,1006
1023,2019,12,31,0758,-35.80,148.22,4.02,0,2,1,40.12,0,1009
1024,2019,12,31,0758,-35.82,136.72,4.02,0,2,5,84.69,0,1006
1025,2019,12,31,0758,-35.82,136.74,4.02,0,2,5,355.23,0,1006
1026,2019,12,31,0758,-35.82,136.76,4.02,0,2,5,355.23,0,1006
1027,2019,12,31,0758,-35.82,136.78,4.02,0,2,5,74.38,0,1006
1028,2019,12,31,0758,-35.82,148.20,4.02,0,2,1,50.85,0,1009
1029,2019,12,31,0758,-35.82,148.22,4.02,0,2,1,15.78,0,1009
1030,2019,12,31,0758,-35.84,136.72,4.02,0,2,5,84.70,0,1006
1031,2019,12,31,0758,-35.84,136.74,4.02,0,2,5,355.94,0,1006
1032,2019,12,31,0758,-35.84,136.76,4.02,0,2,5,355.94,0,1006
1033,2019,12,31,0758,-35.84,136.78,4.02,0,2,5,74.38,0,1006
1034,2019,12,31,0758,-35.84,141.24,4.02,0,3,5,3.69,0,1035
1035,2019,12,31,0758,-35.84,141.26,4.02,0,2,3,3.79,0,1035
1036,2019,12,31,0758,-35.86,136.72,4.02,0,2,5,17.49,0,1006
1037,2019,12,31,0758,-35.86,147.60,4.02,0,3,1,6.75,0,1058
1038,2019,12,31,0758,-35.86,147.62,4.02,0,2,1,21.69,0,1058
1039,2019,12,31,0758,-35.86,147.64,4.02,0,3,1,5.68,0,1058
1040,2019,12,31,0758,-35.88,147.56,4.02,0,3,1,19.53,0,1058
1041,2019,12,31,0758,-35.88,147.58,4.02,0,3,1,6.10,0,1058
1042,2019,12,31,0758,-35.88,147.60,4.02,0,2,5,104.09,0,1058
1043,2019,12,31,0758,-35.88,147.62,4.02,0,2,5,241.56,0,1058
1044,2019,12,31,0758,-35.88,147.64,4.02,0,2,5,272.69,0,1058
1045,2019,12,31,0758,-35.88,147.66,4.02,0,2,5,272.69,0,1058
1046,2019,12,31,0758,-35.88,147.68,4.02,0,2,5,88.02,0,1058
1047,2019,12,31,0758,-35.90,147.56,4.02,0,2,1,19.54,0,1058
1048,2019,12,31,0758,-35.90,147.58,4.02,0,3,1,6.10,0,1058
1049,2019,12,31,0758,-35.90,147.60,4.02,0,2,5,104.09,0,1058
1050,2019,12,31,0758,-35.90,147.62,4.02,0,2,5,241.57,0,1058
1051,2019,12,31,0758,-35.90,147.64,4.02,0,2,5,241.57,0,1058
1052,2019,12,31,0758,-35.90,147.66,4.02,0,2,5,272.71,0,1058
1053,2019,12,31,0758,-35.90,147.68,4.02,0,2,5,88.02,0,1058
1054,2019,12,31,0758,-35.92,147.54,4.01,0,2,5,24.83,0,1060
1055,2019,12,31,0758,-35.92,147.56,4.01,0,2,1,33.46,0,1058
1056,2019,12,31,0758,-35.92,147.62,4.01,0,2,5,259.98,0,1058
1057,2019,12,31,0758,-35.92,147.64,4.01,0,2,5,259.98,0,1058
1058,2019,12,31,0758,-35.92,147.66,4.01,0,2,1,354.12,0,1058
1059,2019,12,31,0758,-35.92,147.68,4.01,0,2,1,166.01,0,1058
1060,2019,12,31,0758,-35.94,147.52,4.01,0,2,5,71.46,0,1060
1061,2019,12,31,0758,-35.94,147.54,4.01,0,2,5,31.78,0,1060
1062,2019,12,31,0758,-35.94,147.64,4.01,0,2,3,6.04,0,1058
1063,2019,12,31,0758,-35.94,147.66,4.01,0,2,5,54.18,0,1058
1064,2019,12,31,0758,-35.94,147.68,4.01,0,2,1,82.64,0,1058
1065,2019,12,31,0758,-35.94,147.70,4.01,0,2,5,40.25,0,1058
1066,2019,12,31,0758,-35.94,148.22,4.01,0,2,1,41.61,0,1072
1067,2019,12,31,0758,-35.94,148.24,4.01,0,2,3,27.63,0,1072
1068,2019,12,31,0758,-35.96,147.52,4.01,0,1,5,61.93,0,1060
1069,2019,12,31,0758,-35.96,147.54,4.01,0,2,3,15.96,0,1060
1070,2019,12,31,0758,-35.96,147.68,4.01,0,1,5,113.47,0,1058
1071,2019,12,31,0758,-35.96,147.70,4.01,0,2,1,40.97,0,1058
1072,2019,12,31,0758,-35.96,148.22,4.01,0,2,1,41.62,0,1072
1073,2019,12,31,0758,-35.96,148.24,4.01,0,2,3,27.63,0,1072
1074,2019,12,31,0758,-36.02,147.54,4.01,0,2,3,5.25,0,1093
1075,2019,12,31,0758,-36.02,147.56,4.01,0,2,3,7.27,0,1093
1076,2019,12,31,0758,-36.02,147.58,4.01,0,2,3,7.27,0,1093
1077,2019,12,31,0758,-36.02,147.62,4.01,0,2,3,11.74,0,1077
1078,2019,12,31,0758,-36.04,147.58,4.01,0,2,5,18.02,0,1093
1079,2019,12,31,0758,-36.04,147.60,4.01,0,2,3,5.45,0,1093
1080,2019,12,31,0758,-36.04,147.80,4.01,0,1,5,78.01,0,1089
1081,2019,12,31,0758,-36.06,147.58,4.01,0,2,5,33.71,0,1093
1082,2019,12,31,0758,-36.06,147.60,4.01,0,2,5,30.34,0,1093
1083,2019,12,31,0758,-36.06,147.80,4.01,0,2,5,315.99,0,1089
1084,2019,12,31,0758,-36.06,147.82,4.01,0,2,5,186.54,0,1089
1085,2019,12,31,0758,-36.06,147.84,4.01,0,2,5,186.78,0,1089
1086,2019,12,31,0758,-36.08,147.58,4.01,0,2,5,44.31,0,1093
1087,2019,12,31,0758,-36.08,147.60,4.01,0,2,5,126.62,0,1093
1088,2019,12,31,0758,-36.08,147.62,4.01,0,2,5,19.14,0,1093
1089,2019,12,31,0758,-36.08,147.80,4.01,0,2,5,316.00,0,1089
1090,2019,12,31,0758,-36.08,147.82,4.01,0,2,5,316.00,0,1089
1091,2019,12,31,0758,-36.08,147.84,4.01,0,2,5,186.78,0,1089
1092,2019,12,31,0758,-36.10,147.58,4.00,0,2,5,44.31,0,1093
1093,2019,12,31,0758,-36.10,147.60,4.00,0,2,5,126.63,0,1093
1094,2019,12,31,0758,-36.10,147.62,4.00,0,2,5,19.14,0,1093
1095,2019,12,31,0758,-36.10,147.82,4.00,0,2,5,165.32,0,1089
1096,2019,12,31,0758,-36.10,147.84,4.00,0,2,5,114.01,0,1089
1097,2019,12,31,0758,-36.10,147.86,4.00,0,1,5,171.43,0,1089
1098,2019,12,31,0758,-36.12,147.60,4.00,0,1,5,107.83,0,1093
1099,2019,12,31,0758,-36.12,147.62,4.00,0,1,3,39.81,0,1093
1100,2019,12,31,0758,-36.12,147.84,4.00,0,2,3,19.79,0,1089
1101,2019,12,31,0758,-36.12,147.86,4.00,0,2,5,41.59,0,1089
1102,2019,12,31,0758,-36.12,147.88,4.00,0,2,5,28.50,0,1089
1103,2019,12,31,0758,-36.14,147.82,4.00,0,2,3,14.16,0,1089
1104,2019,12,31,0758,-36.14,147.84,4.00,0,2,5,100.95,0,1089
1105,2019,12,31,0758,-36.14,147.86,4.00,0,2,5,35.76,0,1089
1106,2019,12,31,0758,-36.14,147.88,4.00,0,1,5,95.82,0,1089
1107,2019,12,31,0758,-36.14,147.90,4.00,0,2,5,80.90,0,1089
1108,2019,12,31,0758,-36.14,147.92,4.00,0,2,5,80.90,0,1089
1109,2019,12,31,0758,-36.16,147.66,4.00,0,2,3,14.49,0,1109
1110,2019,12,31,0758,-36.16,147.84,4.00,0,2,1,63.55,0,1089
1111,2019,12,31,0758,-36.16,147.86,4.00,0,2,1,27.87,0,1089
1112,2019,12,31,0758,-36.18,147.68,4.00,0,2,5,25.75,0,1122
1113,2019,12,31,0758,-36.18,147.84,4.00,0,2,1,63.55,0,1089
1114,2019,12,31,0758,-36.18,147.86,4.00,0,2,1,27.87,0,1089
1115,2019,12,31,0758,-36.20,147.68,4.00,0,2,5,25.75,0,1122
1116,2019,12,31,0758,-36.22,147.68,4.00,0,2,5,29.91,0,1122
1117,2019,12,31,0758,-36.24,147.68,4.00,0,1,3,33.27,0,1122
1118,2019,12,31,0758,-36.24,147.70,4.00,0,2,3,24.32,0,1122
1119,2019,12,31,0758,-36.24,147.72,4.00,0,2,3,24.32,0,1122
1120,2019,12,31,0758,-36.24,147.82,4.00,0,2,3,9.26,0,1120
1121,2019,12,31,0758,-36.26,147.72,4.00,0,2,5,36.70,0,1122
1122,2019,12,31,0758,-36.28,147.72,4.00,0,2,5,36.70,0,1122
1123,2019,12,31,0758,-36.30,147.92,3.99,0,2,1,11.33,0,1128
1124,2019,12,31,0758,-36.30,147.94,3.99,0,2,1,25.31,0,1128
1125,2019,12,31,0758,-36.30,147.96,3.99,0,2,1,25.31,0,1128
1126,2019,12,31,0758,-36.32,147.78,3.99,0,1,3,84.21,0,1126
1127,2019,12,31,0758,-36.32,147.94,3.99,0,1,1,67.56,0,1128
1128,2019,12,31,0758,-36.32,147.96,3.99,0,1,1,67.57,0,1128
1129,2019,12,31,0758,-36.34,147.82,3.99,0,2,5,32.18,0,1133
1130,2019,12,31,0758,-36.34,147.84,3.99,0,2,5,30.37,0,1133
1131,2019,12,31,0758,-36.36,147.84,3.99,0,2,5,39.48,0,1133
1132,2019,12,31,0758,-36.36,147.86,3.99,0,2,5,35.98,0,1133
1133,2019,12,31,0758,-36.38,147.84,3.99,0,2,5,39.63,0,1133
1134,2019,12,31,0758,-36.38,147.86,3.99,0,2,5,35.99,0,1133
1135,2019,12,31,0758,-36.38,147.98,3.99,0,2,5,30.94,0,1154
1136,2019,12,31,0758,-36.38,148.00,3.99,0,2,1,20.97,0,1154
1137,2019,12,31,0758,-36.40,147.92,3.99,0,3,3,4.58,0,1137
1138,2019,12,31,0758,-36.40,147.98,3.99,0,2,3,23.76,0,1154
1139,2019,12,31,0758,-36.40,148.00,3.99,0,2,5,26.66,0,1154
1140,2019,12,31,0758,-36.42,147.98,3.99,0,2,3,12.83,0,1154
1141,2019,12,31,0758,-36.42,148.00,3.99,0,2,5,28.21,0,1154
1142,2019,12,31,0758,-36.42,148.02,3.99,0,2,5,28.21,0,1154
1143,2019,12,31,0758,-36.42,148.04,3.99,0,2,3,32.39,0,1154
1144,2019,12,31,0758,-36.44,148.00,3.99,0,2,5,53.68,0,1154
1145,2019,12,31,0758,-36.44,148.02,3.99,0,2,5,53.68,0,1154
1146,2019,12,31,0758,-36.44,148.04,3.99,0,2,5,41.73,0,1154
1147,2019,12,31,0758,-36.44,148.06,3.99,0,2,1,10.20,0,1154
1148,2019,12,31,0758,-36.46,148.02,3.99,0,2,5,53.68,0,1154
1149,2019,12,31,0758,-36.46,148.04,3.99,0,2,5,41.73,0,1154
1150,2019,12,31,0758,-36.46,148.06,3.99,0,2,1,10.20,0,1154
1151,2019,12,31,0758,-36.48,148.04,3.99,0,2,1,45.72,0,1154
1152,2019,12,31,0758,-36.48,148.06,3.99,0,2,1,59.09,0,1154
1153,2019,12,31,0758,-36.48,148.08,3.99,0,2,1,27.59,0,1154
1154,2019,12,31,0758,-36.50,148.04,3.98,0,1,5,212.51,0,1154
1155,2019,12,31,0758,-36.50,148.06,3.98,0,2,1,200.43,0,1154
1156,2019,12,31,0758,-36.50,148.08,3.98,0,2,1,43.61,0,1154
1157,2019,12,31,0758,-36.52,148.06,3.98,0,2,1,59.14,0,1154
1158,2019,12,31,0758,-36.56,140.08,3.98,0,2,3,2.88,0,1159
1159,2019,12,31,0758,-36.58,140.08,3.98,0,2,3,2.88,0,1159
1160,2019,12,31,0758,-37.08,146.62,3.95,0,2,5,9.48,0,1161
1161,2019,12,31,0758,-37.10,146.62,3.95,0,2,5,9.48,0,1161
1162,2019,12,31,0758,-37.20,174.72,3.95,0,2,1,2.08,0,1162
1163,2019,12,31,0758,-37.22,174.74,3.95,0,2,1,2.21,0,1163
1164,2019,12,31,0758,-37.36,149.10,3.94,0,2,1,34.35,0,1192
1165,2019,12,31,0758,-37.36,149.12,3.94,0,2,1,34.35,0,1192
1166,2019,12,31,0758,-37.38,148.96,3.94,0,3,1,8.27,0,1192
1167,2019,12,31,0758,-37.38,149.04,3.94,0,1,1,27.83,0,1192
1168,2019,12,31,0758,-37.38,149.08,3.94,0,2,1,235.19,0,1192
1169,2019,12,31,0758,-37.38,149.10,3.94,0,2,1,209.15,0,1192
1170,2019,12,31,0758,-37.38,149.12,3.94,0,2,1,209.15,0,1192
1171,2019,12,31,0758,-37.38,149.14,3.94,0,3,1,5.53,0,1192
1172,2019,12,31,0758,-37.40,148.94,3.94,0,2,1,13.90,0,1192
1173,2019,12,31,0758,-37.40,148.96,3.94,0,3,1,8.27,0,1192
1174,2019,12,31,0758,-37.40,148.98,3.94,0,3,1,8.27,0,1192
1175,2019,12,31,0758,-37.40,149.04,3.94,0,1,1,27.83,0,1192
1176,2019,12,31,0758,-37.40,149.08,3.94,0,2,1,235.55,0,1192
1177,2019,12,31,0758,-37.40,149.10,3.94,0,2,1,235.55,0,1192
1178,2019,12,31,0758,-37.40,149.12,3.94,0,2,1,209.16,0,1192
1179,2019,12,31,0758,-37.40,149.14,3.94,0,3,1,5.53,0,1192
1180,2019,12,31,0758,-37.40,149.68,3.94,0,2,1,6.88,0,1180
1181,2019,12,31,0758,-37.42,148.16,3.94,0,2,1,8.16,0,1182
1182,2019,12,31,0758,-37.42,148.18,3.94,0,2,1,8.22,0,1182
1183,2019,12,31,0758,-37.42,148.20,3.94,0,2,1,8.22,0,1182
1184,2019,12,31,0758,-37.42,148.94,3.94,0,2,1,13.90,0,1192
1185,2019,12,31,0758,-37.42,148.96,3.94,0,2,1,13.90,0,1192
1186,2019,12,31,0758,-37.42,148.98,3.94,0,2,1,37.87,0,1192
1187,2019,12,31,0758,-37.42,149.00,3.94,0,2,1,19.16,0,1192
1188,2019,12,31,0758,-37.42,149.02,3.94,0,1,1,29.10,0,1192
1189,2019,12,31,0758,-37.42,149.04,3.94,0,2,1,56.80,0,1192
1190,2019,12,31,0758,-37.42,149.06,3.94,0,2,1,142.22,0,1192
1191,2019,12,31,0758,-37.42,149.08,3.94,0,2,1,142.23,0,1192
1192,2019,12,31,0758,-37.42,149.10,3.94,0,2,1,321.18,0,1192
1193,2019,12,31,0758,-37.42,149.12,3.94,0,2,1,191.41,0,1192
1194,2019,12,31,0758,-37.42,149.14,3.94,0,2,1,138.94,0,1192
1195,2019,12,31,0758,-37.42,149.16,3.94,0,2,1,103.92,0,1192
1196,2019,12,31,0758,-37.42,149.18,3.94,0,2,1,7.37,0,1192
1197,2019,12,31,0758,-37.42,149.56,3.94,0,2,1,86.18,0,1241
1198,2019,12,31,0758,-37.42,149.58,3.94,0,2,1,86.18,0,1241
1199,2019,12,31,0758,-37.42,149.60,3.94,0,2,1,49.28,0,1241
1200,2019,12,31,0758,-37.42,175.18,3.94,0,1,1,4.35,0,1200
1201,2019,12,31,0758,-37.42,175.20,3.94,0,1,1,4.35,0,1200
1202,2019,12,31,0758,-37.44,148.92,3.94,0,2,1,9.26,0,1192
1203,2019,12,31,0758,-37.44,148.94,3.94,0,2,1,24.69,0,1192
1204,2019,12,31,0758,-37.44,148.96,3.94,0,2,1,24.69,0,1192
1205,2019,12,31,0758,-37.44,148.98,3.94,0,2,1,41.03,0,1192
1206,2019,12,31,0758,-37.44,149.00,3.94,0,1,1,36.17,0,1192
1207,2019,12,31,0758,-37.44,149.02,3.94,0,1,1,65.99,0,1192
1208,2019,12,31,0758,-37.44,149.04,3.94,0,2,1,56.64,0,1192
1209,2019,12,31,0758,-37.44,149.06,3.94,0,2,1,70.18,0,1192
1210,2019,12,31,0758,-37.44,149.08,3.94,0,2,1,70.18,0,1192
1211,2019,12,31,0758,-37.44,149.10,3.94,0,2,1,104.69,0,1192
1212,2019,12,31,0758,-37.44,149.12,3.94,0,2,1,86.44,0,1192
1213,2019,12,31,0758,-37.44,149.14,3.94,0,2,1,234.35,0,1192
1214,2019,12,31,0758,-37.44,149.16,3.94,0,2,1,174.00,0,1192
1215,2019,12,31,0758,-37.44,149.18,3.94,0,2,1,6.46,0,1192
1216,2019,12,31,0758,-37.44,149.20,3.94,0,2,1,6.46,0,1192
1217,2019,12,31,0758,-37.44,149.54,3.94,0,2,1,103.97,0,1241
1218,2019,12,31,0758,-37.44,149.56,3.94,0,2,1,123.71,0,1241
1219,2019,12,31,0758,-37.44,149.58,3.94,0,2,1,123.71,0,1241
1220,2019,12,31,0758,-37.44,149.60,3.94,0,2,1,99.41,0,1241
1221,2019,12,31,0758,-37.44,149.62,3.94,0,2,1,37.62,0,1241
1222,2019,12,31,0758,-37.44,149.64,3.94,0,3,1,6.97,0,1241
1223,2019,12,31,0758,-37.46,148.88,3.93,0,2,1,14.04,0,1192
1224,2019,12,31,0758,-37.46,148.90,3.93,0,2,1,8.67,0,1192
1225,2019,12,31,0758,-37.46,148.92,3.93,0,2,1,13.66,0,1192
1226,2019,12,31,0758,-37.46,148.94,3.93,0,2,1,13.66,0,1192
1227,2019,12,31,0758,-37.46,148.96,3.93,0,2,1,25.87,0,1192
1228,2019,12,31,0758,-37.46,148.98,3.93,0,2,1,26.84,0,1192
1229,2019,12,31,0758,-37.46,149.00,3.93,0,2,1,23.93,0,1192
1230,2019,12,31,0758,-37.46,149.02,3.93,0,2,1,32.44,0,1192
1231,2019,12,31,0758,-37.46,149.04,3.93,0,1,1,67.96,0,1192
1232,2019,12,31,0758,-37.46,149.06,3.93,0,1,1,67.96,0,1192
1233,2019,12,31,0758,-37.46,149.08,3.93,0,2,1,37.32,0,1192
1234,2019,12,31,0758,-37.46,149.10,3.93,0,1,1,84.22,0,1192
1235,2019,12,31,0758,-37.46,149.12,3.93,0,2,1,92.02,0,1192
1236,2019,12,31,0758,-37.46,149.14,3.93,0,2,1,103.35,0,1192
1237,2019,12,31,0758,-37.46,149.16,3.93,0,2,5,37.88,0,1192
1238,2019,12,31,0758,-37.46,149.18,3.93,0,2,5,37.88,0,1192
1239,2019,12,31,0758,-37.46,149.54,3.93,0,2,1,103.97,0,1241
1240,2019,12,31,0758,-37.46,149.56,3.93,0,2,1,103.97,0,1241
1241,2019,12,31,0758,-37.46,149.58,3.93,0,2,1,123.71,0,1241
1242,2019,12,31,0758,-37.46,149.60,3.93,0,2,1,99.41,0,1241
1243,2019,12,31,0758,-37.46,149.62,3.93,0,2,1,37.62,0,1241
1244,2019,12,31,0758,-37.46,149.64,3.93,0,3,1,6.97,0,1241
1245,2019,12,31,0758,-37.46,149.74,3.93,0,2,1,18.89,0,1241
1246,2019,12,31,0758,-37.48,148.88,3.93,0,2,1,5.26,0,1192
1247,2019,12,31,0758,-37.48,148.90,3.93,0,2,1,6.89,0,1192
1248,2019,12,31,0758,-37.48,148.92,3.93,0,2,1,6.89,0,1192
1249,2019,12,31,0758,-37.48,148.94,3.93,0,2,1,9.41,0,1192
1250,2019,12,31,0758,-37.48,148.96,3.93,0,2,1,11.51,0,1192
1251,2019,12,31,0758,-37.48,148.98,3.93,0,2,1,8.68,0,1192
1252,2019,12,31,0758,-37.48,149.00,3.93,0,2,1,9.83,0,1192
1253,2019,12,31,0758,-37.48,149.02,3.93,0,2,1,13.34,0,1192
1254,2019,12,31,0758,-37.48,149.04,3.93,0,2,1,13.34,0,1192
1255,2019,12,31,0758,-37.48,149.06,3.93,0,2,1,33.51,0,1192
1256,2019,12,31,0758,-37.48,149.08,3.93,0,1,1,77.56,0,1192
1257,2019,12,31,0758,-37.48,149.10,3.93,0,1,1,84.22,0,1192
1258,2019,12,31,0758,-37.48,149.12,3.93,0,2,1,92.02,0,1192
1259,2019,12,31,0758,-37.48,149.14,3.93,0,2,1,103.35,0,1192
1260,2019,12,31,0758,-37.48,149.16,3.93,0,2,5,37.88,0,1192
1261,2019,12,31,0758,-37.48,149.18,3.93,0,2,5,37.88,0,1192
1262,2019,12,31,0758,-37.48,149.50,3.93,0,2,1,67.70,0,1241
1263,2019,12,31,0758,-37.48,149.52,3.93,0,2,1,53.66,0,1241
1264,2019,12,31,0758,-37.48,149.54,3.93,0,2,1,53.66,0,1241
1265,2019,12,31,0758,-37.48,149.56,3.93,0,2,1,86.04,0,1241
1266,2019,12,31,0758,-37.48,149.58,3.93,0,2,1,65.21,0,1241
1267,2019,12,31,0758,-37.48,149.60,3.93,0,2,1,44.79,0,1241
1268,2019,12,31,0758,-37.48,149.62,3.93,0,2,1,28.84,0,1241
1269,2019,12,31,0758,-37.48,149.66,3.93,0,2,1,15.64,0,1241
1270,2019,12,31,0758,-37.48,149.68,3.93,0,2,1,15.64,0,1241
1271,2019,12,31,0758,-37.48,149.70,3.93,0,2,1,48.26,0,1241
1272,2019,12,31,0758,-37.48,149.72,3.93,0,2,1,66.20,0,1241
1273,2019,12,31,0758,-37.48,149.74,3.93,0,2,1,49.37,0,1241
1274,2019,12,31,0758,-37.48,149.76,3.93,0,2,1,47.47,0,1241
1275,2019,12,31,0758,-37.48,149.78,3.93,0,2,1,43.00,0,1241
1276,2019,12,31,0758,-37.48,149.80,3.93,0,2,1,43.00,0,1241
1277,2019,12,31,0758,-37.50,148.44,3.93,0,2,1,6.21,0,1277
1278,2019,12,31,0758,-37.50,148.48,3.93,0,3,1,7.30,0,1435
1279,2019,12,31,0758,-37.50,148.50,3.93,0,3,1,5.39,0,1435
1280,2019,12,31,0758,-37.50,148.88,3.93,0,2,1,5.26,0,1192
1281,2019,12,31,0758,-37.50,148.90,3.93,0,2,1,6.89,0,1192
1282,2019,12,31,0758,-37.50,148.92,3.93,0,2,1,6.89,0,1192
1283,2019,12,31,0758,-37.50,148.94,3.93,0,2,1,9.41,0,1192
1284,2019,12,31,0758,-37.50,148.96,3.93,0,2,1,11.51,0,1192
1285,2019,12,31,0758,-37.50,148.98,3.93,0,2,1,8.68,0,1192
1286,2019,12,31,0758,-37.50,149.00,3.93,0,2,1,9.83,0,1192
1287,2019,12,31,0758,-37.50,149.02,3.93,0,2,1,13.34,0,1192
1288,2019,12,31,0758,-37.50,149.04,3.93,0,2,1,13.34,0,1192
1289,2019,12,31,0758,-37.50,149.06,3.93,0,2,1,33.51,0,1192
1290,2019,12,31,0758,-37.50,149.08,3.93,0,1,1,77.56,0,1192
1291,2019,12,31,0758,-37.50,149.10,3.93,0,2,1,70.66,0,1192
1292,2019,12,31,0758,-37.50,149.12,3.93,0,2,1,83.41,0,1192
1293,2019,12,31,0758,-37.50,149.14,3.93,0,2,1,24.02,0,1192
1294,2019,12,31,0758,-37.50,149.16,3.93,0,2,1,24.02,0,1192
1295,2019,12,31,0758,-37.50,149.50,3.93,0,2,1,54.97,0,1241
1296,2019,12,31,0758,-37.50,149.52,3.93,0,1,1,104.37,0,1241
1297,2019,12,31,0758,-37.50,149.54,3.93,0,1,1,104.37,0,1241
1298,2019,12,31,0758,-37.50,149.60,3.93,0,1,1,42.35,0,1241
1299,2019,12,31,0758,-37.50,149.62,3.93,0,1,1,68.26,0,1241
1300,2019,12,31,0758,-37.50,149.64,3.93,0,1,1,59.25,0,1241
1301,2019,12,31,0758,-37.50,149.66,3.93,0,1,1,59.25,0,1241
1302,2019,12,31,0758,-37.50,149.68,3.93,0,1,1,77.16,0,1241
1303,2019,12,31,0758,-37.50,149.70,3.93,0,2,1,52.12,0,1241
1304,2019,12,31,0758,-37.50,149.72,3.93,0,2,1,37.69,0,1241
1305,2019,12,31,0758,-37.50,149.74,3.93,0,2,1,38.29,0,1241
1306,2019,12,31,0758,-37.50,149.76,3.93,0,2,1,58.40,0,1241
1307,2019,12,31,0758,-37.50,149.78,3.93,0,2,1,58.40,0,1241
1308,2019,12,31,0758,-37.50,149.80,3.93,0,2,1,26.71,0,1241
1309,2019,12,31,0758,-37.50,149.82,3.93,0,3,1,2.97,0,1241
1310,2019,12,31,0758,-37.52,148.48,3.93,0,3,1,7.30,0,1435
1311,2019,12,31,0758,-37.52,148.50,3.93,0,3,1,5.39,0,1435
1312,2019,12,31,0758,-37.52,148.52,3.93,0,3,1,5.39,0,1435
1313,2019,12,31,0758,-37.52,148.98,3.93,0,3,1,5.22,0,1192
1314,2019,12,31,0758,-37.52,149.00,3.93,0,3,1,4.56,0,1192
1315,2019,12,31,0758,-37.52,149.02,3.93,0,3,1,4.56,0,1192
1316,2019,12,31,0758,-37.52,149.04,3.93,0,2,1,8.67,0,1192
1317,2019,12,31,0758,-37.52,149.06,3.93,0,2,1,28.42,0,1192
1318,2019,12,31,0758,-37.52,149.08,3.93,0,2,1,82.00,0,1192
1319,2019,12,31,0758,-37.52,149.10,3.93,0,2,1,101.29,0,1192
1320,2019,12,31,0758,-37.52,149.12,3.93,0,2,1,30.11,0,1192
1321,2019,12,31,0758,-37.52,149.14,3.93,0,2,1,30.11,0,1192
1322,2019,12,31,0758,-37.52,149.42,3.93,0,2,1,68.14,0,1322
1323,2019,12,31,0758,-37.52,149.44,3.93,0,2,1,52.95,0,1322
1324,2019,12,31,0758,-37.52,149.66,3.93,0,2,1,48.36,0,1241
1325,2019,12,31,0758,-37.52,149.68,3.93,0,1,1,53.75,0,1241
1326,2019,12,31,0758,-37.52,149.72,3.93,0,1,1,58.60,0,1241
1327,2019,12,31,0758,-37.52,149.74,3.93,0,2,1,24.83,0,1241
1328,2019,12,31,0758,-37.52,149.76,3.93,0,2,1,24.83,0,1241
1329,2019,12,31,0758,-37.52,149.80,3.93,0,2,1,2.41,0,1241
1330,2019,12,31,0758,-37.52,149.82,3.93,0,3,1,2.97,0,1241
1331,2019,12,31,0758,-37.54,148.46,3.93,0,2,1,5.53,0,1435
1332,2019,12,31,0758,-37.54,148.48,3.93,0,2,1,11.81,0,1435
1333,2019,12,31,0758,-37.54,148.50,3.93,0,2,1,11.81,0,1435
1334,2019,12,31,0758,-37.54,148.52,3.93,0,2,1,16.04,0,1435
1335,2019,12,31,0758,-37.54,148.58,3.93,0,2,1,15.33,0,1435
1336,2019,12,31,0758,-37.54,148.66,3.93,0,2,1,6.46,0,1435
1337,2019,12,31,0758,-37.54,148.84,3.93,0,2,1,6.37,0,1192
1338,2019,12,31,0758,-37.54,148.86,3.93,0,2,1,8.14,0,1192
1339,2019,12,31,0758,-37.54,148.88,3.93,0,2,1,8.14,0,1192
1340,2019,12,31,0758,-37.54,148.98,3.93,0,2,1,9.21,0,1192
1341,2019,12,31,0758,-37.54,149.00,3.93,0,2,1,9.21,0,1192
1342,2019,12,31,0758,-37.54,149.02,3.93,0,2,1,6.34,0,1192
1343,2019,12,31,0758,-37.54,149.04,3.93,0,2,1,15.09,0,1192
1344,2019,12,31,0758,-37.54,149.06,3.93,0,2,1,22.40,0,1192
1345,2019,12,31,0758,-37.54,149.08,3.93,0,2,1,63.62,0,1192
1346,2019,12,31,0758,-37.54,149.10,3.93,0,2,1,68.43,0,1192
1347,2019,12,31,0758,-37.54,149.12,3.93,0,2,1,28.50,0,1192
1348,2019,12,31,0758,-37.54,149.14,3.93,0,2,1,28.50,0,1192
1349,2019,12,31,0758,-37.54,149.28,3.93,0,2,1,60.41,0,1383
1350,2019,12,31,0758,-37.54,149.30,3.93,0,1,1,50.59,0,1383
1351,2019,12,31,0758,-37.54,149.40,3.93,0,2,1,45.15,0,1322
1352,2019,12,31,0758,-37.54,149.42,3.93,0,1,1,63.49,0,1322
1353,2019,12,31,0758,-37.54,149.66,3.93,0,2,1,48.36,0,1241
1354,2019,12,31,0758,-37.54,149.68,3.93,0,1,1,53.75,0,1241
1355,2019,12,31,0758,-37.54,149.72,3.93,0,1,1,58.60,0,1241
1356,2019,12,31,0758,-37.54,149.74,3.93,0,2,1,24.83,0,1241
1357,2019,12,31,0758,-37.54,149.76,3.93,0,2,1,24.83,0,1241
1358,2019,12,31,0758,-37.54,149.80,3.93,0,2,1,2.41,0,1241
1359,2019,12,31,0758,-37.56,148.48,3.93,0,2,1,5.64,0,1435
1360,2019,12,31,0758,-37.56,148.50,3.93,0,2,1,5.64,0,1435
1361,2019,12,31,0758,-37.56,148.52,3.93,0,3,1,5.04,0,1435
1362,2019,12,31,0758,-37.56,148.54,3.93,0,1,1,50.05,0,1435
1363,2019,12,31,0758,-37.56,148.56,3.93,0,1,1,104.68,0,1435
1364,2019,12,31,0758,-37.56,148.58,3.93,0,1,1,88.04,0,1435
1365,2019,12,31,0758,-37.56,148.66,3.93,0,3,1,6.22,0,1435
1366,2019,12,31,0758,-37.56,148.84,3.93,0,2,1,21.30,0,1192
1367,2019,12,31,0758,-37.56,148.86,3.93,0,1,1,28.64,0,1192
1368,2019,12,31,0758,-37.56,148.88,3.93,0,1,1,28.64,0,1192
1369,2019,12,31,0758,-37.56,148.90,3.93,0,2,1,22.35,0,1192
1370,2019,12,31,0758,-37.56,148.92,3.93,0,2,1,12.93,0,1192
1371,2019,12,31,0758,-37.56,148.94,3.93,0,3,1,8.45,0,1192
1372,2019,12,31,0758,-37.56,148.96,3.93,0,2,1,13.07,0,1192
1373,2019,12,31,0758,-37.56,148.98,3.93,0,2,1,13.60,0,1192
1374,2019,12,31,0758,-37.56,149.00,3.93,0,2,1,13.60,0,1192
1375,2019,12,31,0758,-37.56,149.02,3.93,0,2,1,9.50,0,1192
1376,2019,12,31,0758,-37.56,149.04,3.93,0,2,1,20.48,0,1192
1377,2019,12,31,0758,-37.56,149.06,3.93,0,2,1,18.67,0,1192
1378,2019,12,31,0758,-37.56,149.08,3.93,0,1,1,64.90,0,1192
1379,2019,12,31,0758,-37.56,149.10,3.93,0,2,1,52.82,0,1192
1380,2019,12,31,0758,-37.56,149.12,3.93,0,2,1,52.82,0,1192
1381,2019,12,31,0758,-37.56,149.18,3.93,0,2,1,102.78,0,1447
1382,2019,12,31,0758,-37.56,149.20,3.93,0,2,1,141.47,0,1447
1383,2019,12,31,0758,-37.56,149.28,3.93,0,2,1,60.41,0,1383
1384,2019,12,31,0758,-37.56,149.30,3.93,0,1,1,50.59,0,1383
1385,2019,12,31,0758,-37.56,149.40,3.93,0,2,1,45.31,0,1322
1386,2019,12,31,0758,-37.56,149.42,3.93,0,1,1,63.49,0,1322
1387,2019,12,31,0758,-37.56,149.66,3.93,0,1,1,56.27,0,1241
1388,2019,12,31,0758,-37.56,149.68,3.93,0,1,1,57.40,0,1241
1389,2019,12,31,0758,-37.58,148.18,3.93,0,3,1,6.58,0,1494
1390,2019,12,31,0758,-37.58,148.20,3.93,0,3,1,7.40,0,1494
1391,2019,12,31,0758,-37.58,148.22,3.93,0,2,1,6.53,0,1494
1392,2019,12,31,0758,-37.58,148.24,3.93,0,2,1,6.53,0,1494
1393,2019,12,31,0758,-37.58,148.54,3.93,0,2,1,9.36,0,1435
1394,2019,12,31,0758,-37.58,148.56,3.93,0,1,1,39.49,0,1435
1395,2019,12,31,0758,-37.58,148.58,3.93,0,2,1,110.20,0,1435
1396,2019,12,31,0758,-37.58,148.60,3.93,0,2,1,110.20,0,1435
1397,2019,12,31,0758,-37.58,148.62,3.93,0,2,1,140.31,0,1435
1398,2019,12,31,0758,-37.58,148.64,3.93,0,2,1,56.48,0,1435
1399,2019,12,31,0758,-37.58,148.66,3.93,0,2,1,10.85,0,1435
1400,2019,12,31,0758,-37.58,148.68,3.93,0,2,1,12.94,0,1435
1401,2019,12,31,0758,-37.58,148.80,3.93,0,1,1,63.75,0,1466
1402,2019,12,31,0758,-37.58,148.84,3.93,0,2,1,49.30,0,1192
1403,2019,12,31,0758,-37.58,148.86,3.93,0,2,1,49.30,0,1192
1404,2019,12,31,0758,-37.58,148.88,3.93,0,2,1,44.80,0,1192
1405,2019,12,31,0758,-37.58,148.92,3.93,0,2,1,12.93,0,1192
1406,2019,12,31,0758,-37.58,148.94,3.93,0,3,1,8.45,0,1192
1407,2019,12,31,0758,-37.58,148.96,3.93,0,2,1,13.07,0,1192
1408,2019,12,31,0758,-37.58,148.98,3.93,0,2,1,13.07,0,1192
1409,2019,12,31,0758,-37.58,149.00,3.93,0,2,1,13.62,0,1192
1410,2019,12,31,0758,-37.58,149.02,3.93,0,2,1,9.50,0,1192
1411,2019,12,31,0758,-37.58,149.04,3.93,0,2,1,20.48,0,1192
1412,2019,12,31,0758,-37.58,149.06,3.93,0,2,1,18.67,0,1192
1413,2019,12,31,0758,-37.58,149.08,3.93,0,1,1,64.90,0,1192
1414,2019,12,31,0758,-37.58,149.10,3.93,0,1,1,64.90,0,1192
1415,2019,12,31,0758,-37.58,149.12,3.93,0,2,1,52.82,0,1192
1416,2019,12,31,0758,-37.58,149.18,3.93,0,2,1,102.78,0,1447
1417,2019,12,31,0758,-37.58,149.20,3.93,0,2,1,141.48,0,1447
1418,2019,12,31,0758,-37.58,149.22,3.93,0,2,1,51.76,0,1447
1419,2019,12,31,0758,-37.58,149.24,3.93,0,2,1,51.76,0,1447
1420,2019,12,31,0758,-37.58,149.26,3.93,0,2,1,41.99,0,1447
1421,2019,12,31,0758,-37.58,149.34,3.93,0,2,1,10.83,0,1423
1422,2019,12,31,0758,-37.58,149.36,3.93,0,2,1,10.83,0,1423
1423,2019,12,31,0758,-37.58,149.38,3.93,0,2,1,57.67,0,1423
1424,2019,12,31,0758,-37.58,149.66,3.93,0,1,1,73.94,0,1241
1425,2019,12,31,0758,-37.58,149.68,3.93,0,1,1,60.28,0,1241
1426,2019,12,31,0758,-37.58,149.70,3.93,0,1,1,105.09,0,1241
1427,2019,12,31,0758,-37.58,149.72,3.93,0,1,1,105.09,0,1241
1428,2019,12,31,0758,-37.60,148.14,3.93,0,2,1,41.79,0,1428
1429,2019,12,31,0758,-37.60,148.16,3.93,0,2,3,18.73,0,1428
1430,2019,12,31,0758,-37.60,148.24,3.93,0,2,1,16.16,0,1494
1431,2019,12,31,0758,-37.60,148.26,3.93,0,2,1,7.78,0,1494
1432,2019,12,31,0758,-37.60,148.56,3.93,0,2,1,11.17,0,1435
1433,2019,12,31,0758,-37.60,148.58,3.93,0,2,1,110.49,0,1435
1434,2019,12,31,0758,-37.60,148.60,3.93,0,2,1,110.49,0,1435
1435,2019,12,31,0758,-37.60,148.62,3.93,0,2,1,140.32,0,1435
1436,2019,12,31,0758,-37.60,148.64,3.93,0,2,1,56.48,0,1435
1437,2019,12,31,0758,-37.60,148.66,3.93,0,2,1,10.85,0,1435
1438,2019,12,31,0758,-37.60,148.68,3.93,0,2,1,12.94,0,1435
1439,2019,12,31,0758,-37.60,148.80,3.93,0,1,1,63.75,0,1466
1440,2019,12,31,0758,-37.60,148.86,3.93,0,2,1,49.31,0,1192
1441,2019,12,31,0758,-37.60,148.88,3.93,0,2,1,44.80,0,1192
1442,2019,12,31,0758,-37.60,148.92,3.93,0,2,1,31.72,0,1192
1443,2019,12,31,0758,-37.60,148.94,3.93,0,2,1,50.87,0,1192
1444,2019,12,31,0758,-37.60,148.96,3.93,0,2,1,50.87,0,1192
1445,2019,12,31,0758,-37.60,148.98,3.93,0,2,1,37.23,0,1192
1446,2019,12,31,0758,-37.60,149.00,3.93,0,2,1,6.49,0,1192
1447,2019,12,31,0758,-37.60,149.18,3.93,0,1,1,148.88,0,1447
1448,2019,12,31,0758,-37.60,149.20,3.93,0,2,1,130.33,0,1447
1449,2019,12,31,0758,-37.60,149.22,3.93,0,2,1,130.33,0,1447
1450,2019,12,31,0758,-37.60,149.24,3.93,0,2,1,72.28,0,1447
1451,2019,12,31,0758,-37.60,149.36,3.93,0,2,1,9.69,0,1423
1452,2019,12,31,0758,-37.62,147.56,3.93,0,2,1,10.64,0,1488
1453,2019,12,31,0758,-37.62,147.58,3.93,0,2,1,10.64,0,1488
1454,2019,12,31,0758,-37.62,147.60,3.93,0,3,1,17.52,0,1488
1455,2019,12,31,0758,-37.62,147.68,3.93,0,1,1,32.99,0,1456
1456,2019,12,31,0758,-37.62,147.70,3.93,0,1,1,32.99,0,1456
1457,2019,12,31,0758,-37.62,147.76,3.93,0,2,1,29.81,0,1502
1458,2019,12,31,0758,-37.62,147.78,3.93,0,2,1,10.43,0,1502
1459,2019,12,31,0758,-37.62,148.24,3.93,0,2,1,16.16,0,1494
1460,2019,12,31,0758,-37.62,148.26,3.93,0,2,1,7.78,0,1494
1461,2019,12,31,0758,-37.62,148.56,3.93,0,2,1,11.17,0,1435
1462,2019,12,31,0758,-37.62,148.58,3.93,0,2,1,11.17,0,1435
1463,2019,12,31,0758,-37.62,148.60,3.93,0,2,1,54.24,0,1435
1464,2019,12,31,0758,-37.62,148.62,3.93,0,2,1,133.44,0,1435
1465,2019,12,31,0758,-37.62,148.64,3.93,0,2,5,84.12,0,1435
1466,2019,12,31,0758,-37.62,148.80,3.93,0,1,1,68.16,0,1466
1467,2019,12,31,0758,-37.62,148.88,3.93,0,2,1,50.28,0,1192
1468,2019,12,31,0758,-37.62,148.92,3.93,0,1,1,135.61,0,1192
1469,2019,12,31,0758,-37.62,148.94,3.93,0,2,1,211.24,0,1192
1470,2019,12,31,0758,-37.62,148.96,3.93,0,2,1,211.56,0,1192
1471,2019,12,31,0758,-37.62,148.98,3.93,0,2,1,106.64,0,1192
1472,2019,12,31,0758,-37.62,149.02,3.93,0,1,1,68.42,0,1472
1473,2019,12,31,0758,-37.64,147.60,3.92,0,2,1,18.90,0,1488
1474,2019,12,31,0758,-37.64,147.62,3.92,0,2,3,10.69,0,1488
1475,2019,12,31,0758,-37.64,147.74,3.92,0,2,5,46.34,0,1502
1476,2019,12,31,0758,-37.64,147.76,3.92,0,2,5,57.50,0,1502
1477,2019,12,31,0758,-37.64,147.78,3.92,0,3,1,4.72,0,1502
1478,2019,12,31,0758,-37.64,148.24,3.92,0,2,1,24.78,0,1494
1479,2019,12,31,0758,-37.64,148.26,3.92,0,2,3,13.36,0,1494
1480,2019,12,31,0758,-37.64,148.36,3.92,0,2,1,14.06,0,1480
1481,2019,12,31,0758,-37.64,148.52,3.92,0,2,1,31.38,0,1435
1482,2019,12,31,0758,-37.64,148.54,3.92,0,2,1,12.27,0,1435
1483,2019,12,31,0758,-37.64,148.56,3.92,0,2,1,12.27,0,1435
1484,2019,12,31,0758,-37.64,148.58,3.92,0,2,1,9.48,0,1435
1485,2019,12,31,0758,-37.64,148.62,3.92,0,2,1,100.70,0,1435
1486,2019,12,31,0758,-37.64,148.64,3.92,0,2,1,82.54,0,1435
1487,2019,12,31,0758,-37.64,148.96,3.92,0,2,1,67.35,0,1192
1488,2019,12,31,0758,-37.66,147.60,3.92,0,2,1,18.92,0,1488
1489,2019,12,31,0758,-37.66,147.62,3.92,0,2,3,10.69,0,1488
1490,2019,12,31,0758,-37.66,147.74,3.92,0,2,5,46.34,0,1502
1491,2019,12,31,0758,-37.66,147.76,3.92,0,2,5,57.51,0,1502
1492,2019,12,31,0758,-37.66,147.78,3.92,0,3,1,4.72,0,1502
1493,2019,12,31,0758,-37.66,147.80,3.92,0,3,1,4.72,0,1502
1494,2019,12,31,0758,-37.66,148.24,3.92,0,1,3,31.34,0,1494
1495,2019,12,31,0758,-37.66,148.34,3.92,0,2,5,82.12,0,1495
1496,2019,12,31,0758,-37.66,148.52,3.92,0,2,5,37.06,0,1435
1497,2019,12,31,0758,-37.66,148.54,3.92,0,2,5,23.31,0,1435
1498,2019,12,31,0758,-37.66,148.56,3.92,0,2,5,23.31,0,1435
1499,2019,12,31,0758,-37.66,148.64,3.92,0,1,5,116.46,0,1435
1500,2019,12,31,0758,-37.66,148.78,3.92,0,2,5,75.67,0,1505
1501,2019,12,31,0758,-37.66,148.80,3.92,0,2,5,75.67,0,1505
1502,2019,12,31,0758,-37.68,147.74,3.92,0,1,5,73.37,0,1502
1503,2019,12,31,0758,-37.68,147.76,3.92,0,2,5,16.35,0,1502
1504,2019,12,31,0758,-37.68,148.22,3.92,0,2,3,11.84,0,1514
1505,2019,12,31,0758,-37.68,148.78,3.92,0,2,5,75.68,0,1505
1506,2019,12,31,0758,-37.68,148.80,3.92,0,2,5,75.68,0,1505
1507,2019,12,31,0758,-37.68,149.06,3.92,0,2,1,29.84,0,1512
1508,2019,12,31,0758,-37.68,149.08,3.92,0,2,1,18.55,0,1512
1509,2019,12,31,0758,-37.70,148.20,3.92,0,1,3,49.44,0,1514
1510,2019,12,31,0758,-37.70,148.22,3.92,0,2,3,12.17,0,1514
1511,2019,12,31,0758,-37.70,149.04,3.92,0,2,1,25.13,0,1512
1512,2019,12,31,0758,-37.70,149.06,3.92,0,2,5,55.75,0,1512
1513,2019,12,31,0758,-37.70,149.08,3.92,0,2,1,25.49,0,1512
1514,2019,12,31,0758,-37.72,148.20,3.92,0,1,3,49.44,0,1514
1515,2019,12,31,0758,-37.72,148.22,3.92,0,2,3,12.17,0,1514
1516,2019,12,31,0758,-37.72,148.66,3.92,0,2,5,48.21,0,1516
1517,2019,12,31,0758,-37.72,149.00,3.92,0,2,1,10.31,0,1512
1518,2019,12,31,0758,-37.72,149.02,3.92,0,2,1,10.31,0,1512
1519,2019,12,31,0758,-37.72,149.04,3.92,0,2,1,12.11,0,1512
1520,2019,12,31,0758,-37.72,149.28,3.92,0,2,5,26.05,0,1527
1521,2019,12,31,0758,-37.72,149.30,3.92,0,2,5,23.84,0,1527
1522,2019,12,31,0758,-37.74,148.22,3.92,0,2,3,19.65,0,1514
1523,2019,12,31,0758,-37.74,148.28,3.92,0,2,3,9.11,0,1523
1524,2019,12,31,0758,-37.74,149.28,3.92,0,2,5,26.05,0,1527
1525,2019,12,31,0758,-37.74,149.30,3.92,0,2,5,23.84,0,1527
1526,2019,12,31,0758,-37.76,149.28,3.92,0,2,5,24.60,0,1527
1527,2019,12,31,0758,-37.76,149.30,3.92,0,1,3,51.75,0,1527
1528,2019,12,31,0758,-38.06,141.86,3.90,0,2,5,87.07,0,1528
1529,2019,12,31,0758,-38.06,141.88,3.90,0,2,5,87.07,0,1528
1530,2019,12,31,0758,-38.06,141.90,3.90,0,2,5,63.25,0,1528
1531,2019,12,31,0758,-38.08,141.86,3.90,0,2,5,76.64,0,1528
1532,2019,12,31,0758,-38.08,141.88,3.90,0,2,5,76.64,0,1528
1533,2019,12,31,0758,-38.08,141.90,3.90,0,2,5,74.73,0,1528
1534,2019,12,31,0758,-38.10,141.86,3.90,0,2,5,76.64,0,1528
1535,2019,12,31,0758,-38.10,141.88,3.90,0,2,5,76.64,0,1528
1536,2019,12,31,0758,-38.10,141.90,3.90,0,2,5,74.73,0,1528
1537,2019,12,31,0758,-39.86,148.04,3.80,0,2,3,17.22,0,1537
1538,2019,12,31,0758,-39.88,148.04,3.80,0,2,3,7.66,0,1537
1539,2019,12,31,0758,-39.88,148.10,3.80,0,2,3,29.08,0,1541
1540,2019,12,31,0758,-39.90,148.04,3.80,0,2,3,7.78,0,1537
1541,2019,12,31,0758,-39.90,148.10,3.80,0,2,5,29.08,0,1541
1542,2019,12,31,0758,-41.54,147.90,3.71,0,2,5,371.36,0,1551
1543,2019,12,31,0758,-41.54,147.92,3.71,0,2,5,223.84,0,1551
1544,2019,12,31,0758,-41.56,147.90,3.71,0,2,5,371.84,0,1551
1545,2019,12,31,0758,-41.56,147.92,3.71,0,2,5,223.85,0,1551
1546,2019,12,31,0758,-41.56,147.94,3.71,0,2,5,223.86,0,1551
1547,2019,12,31,0758,-41.58,147.82,3.71,0,2,1,2.54,0,1547
1548,2019,12,31,0758,-41.58,147.88,3.71,0,2,5,195.70,0,1551
1549,2019,12,31,0758,-41.58,147.90,3.71,0,2,5,362.45,1,1551
1550,2019,12,31,0758,-41.58,147.92,3.71,0,2,1,391.49,1,1551
1551,2019,12,31,0758,-41.58,147.94,3.71,0,2,1,391.50,1,1551
1552,2019,12,31,0758,-41.60,147.86,3.71,0,2,5,43.47,0,1551
1553,2019,12,31,0758,-41.60,147.88,3.71,0,2,5,39.56,0,1551
1554,2019,12,31,0758,-41.60,147.90,3.71,0,2,5,170.19,0,1551
1555,2019,12,31,0758,-41.60,147.92,3.71,0,2,5,170.20,0,1551
1556,2019,12,31,0758,-41.60,147.94,3.71,0,2,5,178.57,0,1551
1557,2019,12,31,0758,-41.60,147.96,3.71,0,2,1,33.06,0,1551
1558,2019,12,31,0758,-41.62,147.88,3.71,0,2,5,20.38,0,1551
1559,2019,12,31,0758,-41.62,147.90,3.71,0,2,5,77.82,0,1551
1560,2019,12,31,0758,-41.62,147.92,3.71,0,2,5,170.20,0,1551
1561,2019,12,31,0758,-41.62,147.94,3.71,0,2,5,178.58,0,1551
1562,2019,12,31,0758,-41.62,147.96,3.71,0,2,1,33.06,0,1551
1563,2019,12,31,0758,-41.64,147.88,3.70,0,2,5,20.38,0,1551
1564,2019,12,31,0758,-41.64,147.90,3.70,0,2,5,20.38,0,1551
1565,2019,12,31,0758,-41.64,147.92,3.70,0,2,5,77.83,0,1551
1566,2019,12,31,0758,-41.64,147.94,3.70,0,2,5,53.78,0,1551
1567,2019,12,31,0758,-41.64,147.96,3.70,0,2,5,33.39,0,1551
1568,2019,12,31,0758,-41.66,147.92,3.70,0,3,3,4.78,0,1551
1569,2019,12,31,0758,-41.66,147.94,3.70,0,2,3,7.87,0,1551
1570,2019,12,31,0758,-41.66,147.98,3.70,0,2,5,26.98,0,1581
1571,2019,12,31,0758,-41.66,148.00,3.70,0,2,5,26.98,0,1581
1572,2019,12,31,0758,-41.66,148.02,3.70,0,2,5,58.90,0,1581
1573,2019,12,31,0758,-41.68,148.00,3.70,0,2,5,25.06,0,1581
1574,2019,12,31,0758,-41.68,148.02,3.70,0,2,5,42.44,0,1581
1575,2019,12,31,0758,-41.68,148.04,3.70,0,2,5,132.91,0,1581
1576,2019,12,31,0758,-41.68,148.06,3.70,0,2,5,140.56,0,1581
1577,2019,12,31,0758,-41.68,148.08,3.70,0,2,5,140.56,0,1581
1578,2019,12,31,0758,-41.70,148.00,3.70,0,2,5,25.06,0,1581
1579,2019,12,31,0758,-41.70,148.02,3.70,0,2,5,42.44,0,1581
1580,2019,12,31,0758,-41.70,148.04,3.70,0,2,5,132.92,0,1581
1581,2019,12,31,0758,-41.70,148.06,3.70,0,2,5,140.57,0,1581
1582,2019,12,31,0758,-41.70,148.08,3.70,0,2,5,140.57,0,1581
1583,2019,12,31,0758,-41.72,148.08,3.70,0,2,5,65.68,0,1581
