# 2019  3 23 11 30 UTC  2020  4 30 11 46 UTC
# ID,Year,Month,Day,Time(UTC),Lat,Lon,Area(km^2),Volcano,Level,Reliability,FRP(Wm^-2),QF,Hot(ID)
1,2019,3,23,1132,59.48,107.70,2.52,0,2,3,1.13,0,7
2,2019,3,23,1132,59.48,107.72,2.52,0,2,3,1.13,0,7
3,2019,3,23,1132,59.46,107.72,2.52,0,2,3,1.13,0,7
4,2019,3,23,1132,59.46,107.74,2.52,0,2,3,1.13,0,7
5,2019,3,23,1132,59.46,107.76,2.52,0,2,3,1.13,0,7
6,2019,3,23,1132,59.44,107.74,2.52,0,2,3,1.14,0,7
7,2019,3,23,1132,59.44,107.76,2.52,0,2,3,1.14,0,7
8,2019,3,23,1132,59.44,107.78,2.52,0,2,3,1.14,0,7
9,2019,3,23,1132,51.76,112.18,3.07,0,2,3,.89,0,16
10,2019,3,23,1132,51.76,112.20,3.07,0,2,3,.90,0,16
11,2019,3,23,1132,51.76,112.22,3.07,0,2,3,1.66,0,16
12,2019,3,23,1132,51.76,112.24,3.07,0,2,3,1.66,0,16
13,2019,3,23,1132,51.74,112.20,3.07,0,2,3,.90,0,16
14,2019,3,23,1132,51.74,112.22,3.07,0,2,3,.90,0,16
15,2019,3,23,1132,51.74,112.24,3.07,0,2,3,1.66,0,16
16,2019,3,23,1132,51.74,112.26,3.07,0,2,3,1.66,0,16
17,2019,3,23,1132,50.64,118.70,3.14,0,2,3,2.07,0,17
18,2019,3,23,1132,50.64,118.72,3.14,0,2,3,2.07,0,17
19,2019,3,23,1132,50.62,118.72,3.14,0,2,3,2.07,0,17
20,2019,3,23,1132,50.62,118.74,3.14,0,2,3,2.07,0,17
21,2019,3,23,1132,50.08,118.12,3.18,0,2,3,6.27,0,21
22,2019,3,23,1132,50.08,118.14,3.18,0,2,3,6.27,0,21
23,2019,3,23,1132,50.06,118.14,3.18,0,2,3,6.27,0,21
24,2019,3,23,1132,50.06,118.16,3.18,0,2,3,3.62,0,21
25,2019,3,23,1132,50.06,118.18,3.18,0,2,3,3.62,0,21
26,2019,3,23,1132,50.04,118.14,3.18,0,2,3,4.94,0,21
27,2019,3,23,1132,50.04,118.16,3.18,0,2,3,4.94,0,21
28,2019,3,23,1132,50.02,118.16,3.18,0,2,3,4.94,0,21
29,2019,3,23,1132,49.00,132.16,3.25,0,2,3,.96,0,29
30,2019,3,23,1132,49.00,132.18,3.25,0,2,3,.96,0,29
31,2019,3,23,1132,49.00,132.20,3.25,0,2,3,.64,0,29
32,2019,3,23,1132,48.60,131.90,3.28,0,2,3,2.53,0,32
33,2019,3,23,1132,48.58,131.90,3.28,0,2,3,2.53,0,32
34,2019,3,23,1132,48.56,131.90,3.28,0,2,1,1.24,0,32
35,2019,3,23,1132,48.56,131.92,3.28,0,2,1,1.24,0,32
36,2019,3,23,1132,48.16,125.90,3.31,0,3,3,.64,0,36
37,2019,3,23,1132,48.16,125.92,3.31,0,3,3,.64,0,36
38,2019,3,23,1132,48.14,125.92,3.31,0,3,3,.64,0,36
39,2019,3,23,1132,48.10,132.00,3.31,0,2,3,3.96,0,39
40,2019,3,23,1132,48.08,132.00,3.31,0,2,3,3.96,0,39
41,2019,3,23,1132,48.06,132.00,3.31,0,3,3,2.42,0,39
42,2019,3,23,1132,48.04,132.00,3.31,0,3,3,2.42,0,39
43,2019,3,23,1132,48.04,132.02,3.31,0,3,3,2.42,0,39
44,2019,3,23,1132,47.90,124.66,3.32,0,2,5,16.28,0,44
45,2019,3,23,1132,47.88,124.54,3.32,0,2,3,2.64,0,45
46,2019,3,23,1132,47.88,124.56,3.32,0,2,3,2.64,0,45
47,2019,3,23,1132,47.86,124.54,3.33,0,2,3,2.64,0,45
48,2019,3,23,1132,47.86,124.56,3.33,0,2,3,2.64,0,45
49,2019,3,23,1132,47.86,125.88,3.33,0,2,3,1.29,0,49
50,2019,3,23,1132,47.86,125.90,3.33,0,2,3,1.29,0,49
51,2019,3,23,1132,47.86,125.92,3.33,0,2,1,.63,0,49
52,2019,3,23,1132,47.84,125.90,3.33,0,2,3,1.29,0,49
53,2019,3,23,1132,47.84,125.92,3.33,0,2,1,.63,0,49
54,2019,3,23,1132,47.84,125.94,3.33,0,2,1,.63,0,49
55,2019,3,23,1132,47.74,125.42,3.33,0,2,5,1.46,0,55
56,2019,3,23,1132,47.74,125.44,3.33,0,2,5,1.46,0,55
57,2019,3,23,1132,47.72,125.44,3.33,0,2,5,1.46,0,55
58,2019,3,23,1132,47.70,132.70,3.34,0,2,1,.69,0,58
59,2019,3,23,1132,47.60,124.10,3.34,0,2,3,2.13,0,59
60,2019,3,23,1132,47.60,124.12,3.34,0,2,3,2.13,0,59
61,2019,3,23,1132,47.60,124.14,3.34,0,2,3,1.76,0,59
62,2019,3,23,1132,47.58,124.12,3.34,0,2,3,2.13,0,59
63,2019,3,23,1132,47.58,124.14,3.34,0,2,3,1.76,0,59
64,2019,3,23,1132,47.58,124.16,3.34,0,2,3,1.76,0,59
65,2019,3,23,1132,47.36,124.28,3.36,0,2,5,5.55,0,69
66,2019,3,23,1132,47.36,124.30,3.36,0,2,5,5.55,0,69
67,2019,3,23,1132,47.34,124.28,3.36,0,2,5,5.55,0,69
68,2019,3,23,1132,47.34,124.30,3.36,0,2,5,5.55,0,69
69,2019,3,23,1132,47.32,124.30,3.36,0,2,5,9.77,0,69
70,2019,3,23,1132,47.20,123.60,3.37,0,2,3,1.47,0,70
71,2019,3,23,1132,47.18,123.60,3.37,0,2,3,1.47,0,70
72,2019,3,23,1132,47.18,123.62,3.37,0,2,3,1.47,0,70
73,2019,3,23,1132,46.20,123.00,3.43,0,2,5,6.14,0,73
74,2019,3,23,1132,46.18,122.78,3.43,0,2,3,1.30,0,74
75,2019,3,23,1132,46.18,123.00,3.43,0,2,5,6.14,0,73
76,2019,3,23,1132,46.18,123.02,3.43,0,2,5,6.03,0,73
77,2019,3,23,1132,46.16,122.78,3.43,0,2,3,1.30,0,74
78,2019,3,23,1132,46.16,122.82,3.43,0,2,3,1.81,0,78
79,2019,3,23,1132,46.16,123.02,3.43,0,2,3,2.06,0,73
80,2019,3,23,1132,46.14,123.02,3.43,0,2,3,2.06,0,73
81,2019,3,23,1132,46.14,123.04,3.43,0,2,3,2.06,0,73
82,2019,3,23,1132,45.82,123.58,3.45,0,2,5,1.70,0,82
83,2019,3,23,1132,45.80,123.58,3.46,0,2,5,1.70,0,82
84,2019,3,23,1132,45.44,121.74,3.48,0,2,1,.79,0,84
85,2019,3,23,1132,45.44,121.76,3.48,0,2,1,.79,0,84
86,2019,3,23,1132,45.40,121.76,3.48,0,2,1,1.23,0,86
87,2019,3,23,1132,45.40,121.78,3.48,0,2,1,1.23,0,86
88,2019,3,23,1132,44.82,123.06,3.52,0,2,1,.86,0,90
89,2019,3,23,1132,44.82,123.08,3.52,0,2,1,.86,0,90
90,2019,3,23,1132,44.80,123.08,3.52,0,2,1,.86,0,90
91,2019,3,23,1132,44.76,90.18,3.52,0,2,1,2.37,0,95
92,2019,3,23,1132,44.76,90.20,3.52,0,2,1,2.37,0,95
93,2019,3,23,1132,44.74,90.20,3.52,0,2,1,2.37,0,95
94,2019,3,23,1132,44.74,90.22,3.52,0,2,1,2.38,0,95
95,2019,3,23,1132,44.74,90.24,3.52,0,2,1,2.38,0,95
96,2019,3,23,1132,43.18,124.80,3.61,0,2,1,1.09,0,96
97,2019,3,23,1132,42.38,122.52,3.66,0,2,1,1.09,0,97
98,2019,3,23,1132,42.38,122.54,3.66,0,2,1,1.09,0,97
99,2019,3,23,1132,42.36,122.52,3.66,0,2,1,1.09,0,97
100,2019,3,23,1132,42.36,122.54,3.66,0,2,1,1.09,0,97
101,2019,3,23,1132,42.00,122.82,3.68,0,2,1,.98,0,102
102,2019,3,23,1132,41.98,122.82,3.68,0,2,1,.98,0,102
103,2019,3,23,1132,41.90,114.04,3.69,0,2,1,1.95,0,103
104,2019,3,23,1132,41.90,114.06,3.69,0,2,1,1.95,0,103
105,2019,3,23,1132,41.90,114.08,3.69,0,2,1,.70,0,103
106,2019,3,23,1132,41.70,120.98,3.70,0,2,1,1.19,0,106
107,2019,3,23,1132,41.70,121.00,3.70,0,2,1,1.19,0,106
108,2019,3,23,1132,41.70,122.86,3.70,0,2,3,1.13,0,108
109,2019,3,23,1132,41.28,119.38,3.72,0,2,1,1.01,0,109
110,2019,3,23,1132,41.28,119.40,3.72,0,2,1,1.01,0,109
111,2019,3,23,1132,41.28,123.72,3.72,0,2,1,2.84,0,111
112,2019,3,23,1132,41.26,119.40,3.73,0,2,1,1.01,0,109
113,2019,3,23,1132,41.26,123.72,3.73,0,2,1,2.84,0,111
114,2019,3,23,1132,41.14,122.98,3.73,0,2,1,7.06,0,114
115,2019,3,23,1132,41.12,122.98,3.73,0,2,1,7.06,0,114
116,2019,3,23,1132,41.12,123.00,3.73,0,2,1,7.06,0,114
117,2019,3,23,1132,40.98,121.68,3.74,0,2,3,1.26,0,117
118,2019,3,23,1132,40.98,122.12,3.74,0,2,1,1.42,0,118
119,2019,3,23,1132,40.98,122.14,3.74,0,2,1,1.42,0,118
120,2019,3,23,1132,40.96,121.68,3.74,0,2,3,1.26,0,117
121,2019,3,23,1132,40.96,122.14,3.74,0,2,1,1.42,0,118
122,2019,3,23,1132,40.66,122.40,3.76,0,2,1,2.39,0,122
123,2019,3,23,1132,40.64,109.72,3.76,0,2,1,2.34,0,123
124,2019,3,23,1132,40.64,109.74,3.76,0,2,1,2.34,0,123
125,2019,3,23,1132,40.62,115.04,3.76,0,2,1,3.27,0,128
126,2019,3,23,1132,40.62,115.06,3.76,0,2,1,3.27,0,128
127,2019,3,23,1132,40.62,115.08,3.76,0,2,1,2.75,0,128
128,2019,3,23,1132,40.60,115.06,3.76,0,2,1,3.27,0,128
129,2019,3,23,1132,40.60,115.08,3.76,0,2,1,2.75,0,128
130,2019,3,23,1132,40.60,115.10,3.76,0,2,1,2.75,0,128
131,2019,3,23,1132,40.54,141.50,3.77,0,2,1,2.01,0,131
132,2019,3,23,1132,40.50,141.50,3.77,0,2,1,1.57,0,132
133,2019,3,23,1132,40.40,113.00,3.77,0,2,3,1.69,0,133
134,2019,3,23,1132,40.10,126.92,3.79,0,1,3,2.94,0,134
135,2019,3,23,1132,40.04,117.52,3.79,0,2,3,1.32,0,135
136,2019,3,23,1132,39.96,118.54,3.80,0,2,1,2.05,0,136
137,2019,3,23,1132,39.96,118.56,3.80,0,2,1,1.83,0,136
138,2019,3,23,1132,39.84,108.70,3.81,0,2,1,.54,0,138
139,2019,3,23,1132,39.82,108.72,3.81,0,2,1,.54,0,139
140,2019,3,23,1132,39.66,118.42,3.82,0,1,1,2.45,0,140
141,2019,3,23,1132,39.36,112.38,3.83,0,2,1,1.80,0,141
142,2019,3,23,1132,39.26,116.98,3.84,0,2,5,5.38,0,142
143,2019,3,23,1132,39.26,117.00,3.84,0,2,5,5.38,0,142
144,2019,3,23,1132,39.26,117.02,3.84,0,2,3,2.42,0,142
145,2019,3,23,1132,39.24,117.00,3.84,0,2,5,5.38,0,142
146,2019,3,23,1132,39.24,117.02,3.84,0,2,3,2.42,0,142
147,2019,3,23,1132,39.08,109.48,3.85,0,2,3,.66,0,147
148,2019,3,23,1132,38.94,106.40,3.86,0,1,1,3.90,0,148
149,2019,3,23,1132,38.94,106.42,3.86,0,1,1,3.90,0,148
150,2019,3,23,1132,38.56,114.94,3.88,0,2,1,.94,0,150
151,2019,3,23,1132,38.56,114.96,3.88,0,2,1,.94,0,150
152,2019,3,23,1132,38.32,108.34,3.89,0,2,3,.58,0,152
153,2019,3,23,1132,38.32,108.36,3.89,0,2,3,.58,0,152
154,2019,3,23,1132,38.30,109.70,3.89,0,2,1,1.46,0,157
155,2019,3,23,1132,38.30,109.72,3.89,0,2,1,1.46,0,157
156,2019,3,23,1132,38.30,109.74,3.89,0,2,1,1.21,0,157
157,2019,3,23,1132,38.28,109.72,3.89,0,2,1,1.46,0,157
158,2019,3,23,1132,38.28,109.74,3.89,0,2,1,1.21,0,157
159,2019,3,23,1132,37.94,112.52,3.91,0,1,1,2.80,0,159
160,2019,3,23,1132,37.80,115.88,3.92,0,2,3,1.92,0,160
161,2019,3,23,1132,37.68,112.74,3.92,0,1,1,2.26,0,161
162,2019,3,23,1132,37.68,117.80,3.92,0,3,3,.71,0,162
163,2019,3,23,1132,37.60,108.78,3.93,0,2,3,1.34,0,164
164,2019,3,23,1132,37.60,108.80,3.93,0,2,1,1.34,0,164
165,2019,3,23,1132,37.38,117.98,3.94,0,2,1,1.06,0,165
166,2019,3,23,1132,37.06,115.66,3.96,0,2,1,1.55,0,166
167,2019,3,23,1132,36.98,120.70,3.96,0,2,3,1.20,0,167
168,2019,3,23,1132,36.70,117.52,3.97,0,2,1,1.01,0,168
169,2019,3,23,1132,36.60,116.26,3.98,0,2,1,1.95,0,169
170,2019,3,23,1132,36.36,109.64,3.99,0,2,1,.69,0,170
171,2019,3,23,1132,36.30,117.54,3.99,0,2,1,2.88,0,171
172,2019,3,23,1132,36.10,117.82,4.00,0,2,1,2.76,0,172
173,2019,3,23,1132,36.08,117.82,4.01,0,2,1,2.76,0,172
174,2019,3,23,1132,36.08,117.84,4.01,0,2,1,2.76,0,172
175,2019,3,23,1132,36.02,129.38,4.01,0,2,1,4.00,0,175
176,2019,3,23,1132,36.00,129.38,4.01,0,2,1,3.00,0,175
177,2019,3,23,1132,36.00,129.40,4.01,0,2,1,3.00,0,175
178,2019,3,23,1132,35.70,117.94,4.03,0,1,1,2.11,0,178
179,2019,3,23,1132,35.06,113.94,4.06,0,2,3,1.80,0,179
180,2019,3,23,1132,34.86,118.04,4.07,0,2,3,1.05,0,180
181,2019,3,23,1132,34.42,119.84,4.09,0,1,1,6.44,0,181
182,2019,3,23,1132,34.40,114.18,4.09,0,2,3,1.47,0,182
183,2019,3,23,1132,34.40,119.84,4.09,0,1,1,6.44,0,181
184,2019,3,23,1132,34.08,115.30,4.11,0,2,1,1.07,0,184
185,2019,3,23,1132,33.74,114.88,4.12,0,2,1,1.58,0,185
186,2019,3,23,1132,33.40,112.94,4.14,0,2,3,2.53,0,186
187,2019,3,23,1132,32.24,119.62,4.19,0,2,1,3.63,0,187
188,2019,3,23,1132,32.20,118.74,4.19,0,2,1,2.34,0,188
189,2019,3,23,1132,32.20,118.76,4.19,0,2,1,2.34,0,188
190,2019,3,23,1132,31.74,118.48,4.22,0,2,1,1.99,0,190
191,2019,3,23,1132,31.70,118.46,4.22,0,2,1,1.24,0,191
192,2019,3,23,1132,31.70,120.08,4.22,0,2,1,1.52,0,192
193,2019,3,23,1132,30.64,114.46,4.26,0,2,1,1.52,0,193
194,2019,3,23,1132,25.86,90.24,4.46,0,2,1,8.44,0,195
195,2019,3,23,1132,25.86,90.26,4.46,0,2,1,8.44,0,195
196,2019,3,23,1132,25.34,93.50,4.48,0,2,3,10.23,0,196
197,2019,3,23,1132,25.34,93.52,4.48,0,2,3,10.23,0,196
198,2019,3,23,1132,25.30,93.28,4.48,0,2,5,11.15,0,198
199,2019,3,23,1132,25.30,93.30,4.48,0,2,5,11.15,0,198
200,2019,3,23,1132,25.28,90.44,4.48,0,2,1,2.72,0,201
201,2019,3,23,1132,25.28,90.46,4.48,0,2,1,2.72,0,201
202,2019,3,23,1132,24.98,97.24,4.49,0,2,1,2.86,0,203
203,2019,3,23,1132,24.96,97.24,4.49,0,2,3,3.25,0,203
204,2019,3,23,1132,24.96,97.26,4.49,0,2,3,3.25,0,203
205,2019,3,23,1132,24.10,97.08,4.52,0,2,5,4.78,0,205
206,2019,3,23,1132,24.10,97.10,4.52,0,2,5,4.78,0,205
207,2019,3,23,1132,24.08,97.12,4.53,0,2,5,4.40,0,207
208,2019,3,23,1132,23.78,86.30,4.54,0,1,1,10.96,0,209
209,2019,3,23,1132,23.78,86.32,4.54,0,1,1,10.96,0,209
210,2019,3,23,1132,23.78,86.34,4.54,0,2,1,5.88,0,209
211,2019,3,23,1132,23.78,86.36,4.54,0,2,1,5.88,0,209
212,2019,3,23,1132,23.78,86.38,4.54,0,2,1,5.90,0,209
213,2019,3,23,1132,23.76,86.36,4.54,0,2,1,6.86,0,209
214,2019,3,23,1132,23.76,86.38,4.54,0,2,1,6.86,0,209
215,2019,3,23,1132,23.76,86.40,4.54,0,2,1,6.86,0,209
216,2019,3,23,1132,23.76,86.42,4.54,0,3,1,1.70,0,209
217,2019,3,23,1132,23.76,86.44,4.54,0,3,1,1.70,0,209
218,2019,3,23,1132,23.28,98.48,4.55,0,2,5,5.94,0,218
219,2019,3,23,1132,23.28,98.50,4.55,0,2,5,5.94,0,218
220,2019,3,23,1132,23.10,99.12,4.56,0,2,5,7.36,0,220
221,2019,3,23,1132,23.10,99.14,4.56,0,2,5,7.36,0,220
222,2019,3,23,1132,22.96,91.94,4.56,0,2,1,1.73,0,223
223,2019,3,23,1132,22.96,91.96,4.56,0,2,1,1.73,0,223
224,2019,3,23,1132,22.96,94.90,4.56,0,2,1,5.11,0,224
225,2019,3,23,1132,22.88,113.90,4.57,0,1,3,3.56,0,225
226,2019,3,23,1132,22.74,98.86,4.57,0,2,5,48.93,0,229
227,2019,3,23,1132,22.74,98.88,4.57,0,2,5,48.93,0,229
228,2019,3,23,1132,22.74,98.90,4.57,0,2,5,38.73,0,229
229,2019,3,23,1132,22.72,98.86,4.57,0,2,5,62.35,0,229
230,2019,3,23,1132,22.72,98.88,4.57,0,2,5,62.29,0,229
231,2019,3,23,1132,22.72,98.90,4.57,0,2,5,43.30,0,229
232,2019,3,23,1132,22.72,98.92,4.57,0,2,5,43.30,0,229
233,2019,3,23,1132,22.70,97.58,4.57,0,2,1,2.19,0,237
234,2019,3,23,1132,22.70,97.60,4.57,0,2,3,3.06,0,237
235,2019,3,23,1132,22.70,97.62,4.57,0,2,3,3.06,0,237
236,2019,3,23,1132,22.70,97.64,4.57,0,2,3,3.52,0,237
237,2019,3,23,1132,22.70,97.66,4.57,0,2,3,3.71,0,237
238,2019,3,23,1132,22.70,98.84,4.57,0,2,5,9.74,0,229
239,2019,3,23,1132,22.70,98.86,4.57,0,2,5,9.71,0,229
240,2019,3,23,1132,22.70,98.88,4.57,0,2,5,9.73,0,229
241,2019,3,23,1132,22.70,98.90,4.57,0,2,5,4.45,0,229
242,2019,3,23,1132,22.70,98.92,4.57,0,2,5,4.45,0,229
243,2019,3,23,1132,22.68,97.60,4.57,0,2,3,2.66,0,237
244,2019,3,23,1132,22.68,97.62,4.57,0,2,3,2.66,0,237
245,2019,3,23,1132,22.68,97.64,4.57,0,2,3,2.41,0,237
246,2019,3,23,1132,22.68,97.66,4.57,0,2,3,3.52,0,237
247,2019,3,23,1132,22.68,97.68,4.57,0,2,5,3.71,0,237
248,2019,3,23,1132,22.66,97.62,4.57,0,2,3,2.66,0,237
249,2019,3,23,1132,22.66,97.64,4.57,0,2,3,2.66,0,237
250,2019,3,23,1132,22.66,97.66,4.57,0,2,3,2.41,0,237
251,2019,3,23,1132,22.64,97.64,4.57,0,2,1,2.04,0,237
252,2019,3,23,1132,22.62,92.28,4.58,0,2,1,3.01,0,255
253,2019,3,23,1132,22.62,92.30,4.58,0,2,1,3.01,0,255
254,2019,3,23,1132,22.62,92.32,4.58,0,2,3,3.64,0,255
255,2019,3,23,1132,22.62,92.34,4.58,0,2,3,3.64,0,255
256,2019,3,23,1132,22.58,102.66,4.58,0,2,3,4.92,0,256
257,2019,3,23,1132,22.58,102.68,4.58,0,2,3,4.92,0,256
258,2019,3,23,1132,22.38,92.64,4.58,0,2,1,7.22,0,258
259,2019,3,23,1132,22.36,92.58,4.58,0,2,1,3.78,0,265
260,2019,3,23,1132,22.36,92.60,4.58,0,2,1,3.78,0,265
261,2019,3,23,1132,22.36,92.62,4.58,0,3,1,1.96,0,265
262,2019,3,23,1132,22.36,92.66,4.58,0,2,1,8.14,0,262
263,2019,3,23,1132,22.36,92.68,4.58,0,2,1,8.14,0,262
264,2019,3,23,1132,22.34,92.60,4.58,0,2,1,3.78,0,265
265,2019,3,23,1132,22.34,92.62,4.58,0,2,1,3.78,0,265
266,2019,3,23,1132,22.34,92.64,4.58,0,3,1,1.96,0,265
267,2019,3,23,1132,22.12,98.12,4.59,0,2,3,2.33,0,270
268,2019,3,23,1132,22.12,98.14,4.59,0,2,3,2.33,0,270
269,2019,3,23,1132,22.12,99.54,4.59,0,2,3,6.01,0,269
270,2019,3,23,1132,22.10,98.14,4.59,0,2,3,2.80,0,270
271,2019,3,23,1132,22.10,99.54,4.59,0,2,3,2.38,0,269
272,2019,3,23,1132,22.10,99.56,4.59,0,2,3,6.01,0,269
273,2019,3,23,1132,22.08,99.56,4.59,0,2,1,2.38,0,269
274,2019,3,23,1132,21.88,99.70,4.60,0,2,3,3.11,0,274
275,2019,3,23,1132,21.88,102.60,4.60,0,2,1,1.96,0,276
276,2019,3,23,1132,21.86,102.60,4.60,0,2,5,4.11,0,276
277,2019,3,23,1132,21.86,102.62,4.60,0,2,5,4.11,0,276
278,2019,3,23,1132,21.84,99.38,4.60,0,2,3,4.70,0,278
279,2019,3,23,1132,21.84,99.40,4.60,0,2,3,4.70,0,278
280,2019,3,23,1132,21.82,99.40,4.60,0,2,3,3.61,0,278
281,2019,3,23,1132,21.78,92.44,4.60,0,2,1,4.34,0,282
282,2019,3,23,1132,21.78,92.46,4.60,0,2,1,4.34,0,282
283,2019,3,23,1132,21.78,92.48,4.60,0,2,1,2.51,0,282
284,2019,3,23,1132,21.78,92.50,4.60,0,2,1,2.51,0,282
285,2019,3,23,1132,21.66,98.80,4.61,0,2,3,2.18,0,285
286,2019,3,23,1132,21.64,102.72,4.61,0,2,3,1.52,0,286
287,2019,3,23,1132,21.62,97.10,4.61,0,2,3,3.69,0,287
288,2019,3,23,1132,21.62,98.16,4.61,0,2,3,4.16,0,288
289,2019,3,23,1132,21.62,98.18,4.61,0,2,3,4.16,0,288
290,2019,3,23,1132,21.62,102.74,4.61,0,2,3,1.51,0,290
291,2019,3,23,1132,21.58,100.04,4.61,0,2,3,3.75,0,291
292,2019,3,23,1132,21.52,100.70,4.61,0,2,3,3.37,0,297
293,2019,3,23,1132,21.52,100.72,4.61,0,2,3,3.37,0,297
294,2019,3,23,1132,21.50,97.06,4.61,0,2,3,7.66,0,299
295,2019,3,23,1132,21.50,97.08,4.61,0,2,5,9.13,0,299
296,2019,3,23,1132,21.50,100.72,4.61,0,2,3,3.37,0,297
297,2019,3,23,1132,21.50,100.74,4.61,0,2,5,5.25,0,297
298,2019,3,23,1132,21.50,100.76,4.61,0,2,5,5.25,0,297
299,2019,3,23,1132,21.48,97.06,4.61,0,2,5,10.91,0,299
300,2019,3,23,1132,21.48,97.08,4.61,0,2,3,7.66,0,299
301,2019,3,23,1132,21.48,97.10,4.61,0,2,5,9.13,0,299
302,2019,3,23,1132,21.46,97.08,4.61,0,2,5,10.91,0,299
303,2019,3,23,1132,21.46,97.10,4.61,0,2,5,10.30,0,299
304,2019,3,23,1132,21.46,97.12,4.61,0,2,5,10.30,0,299
305,2019,3,23,1132,21.42,102.18,4.61,0,2,5,10.54,0,305
306,2019,3,23,1132,21.42,102.20,4.61,0,2,5,10.54,0,305
307,2019,3,23,1132,21.42,102.22,4.61,0,2,3,3.30,0,305
308,2019,3,23,1132,21.40,102.84,4.61,0,2,5,3.49,0,308
309,2019,3,23,1132,21.38,99.90,4.62,0,2,1,2.42,0,309
310,2019,3,23,1132,21.38,99.92,4.62,0,2,3,2.42,0,309
311,2019,3,23,1132,21.36,102.88,4.62,0,1,3,7.60,0,311
312,2019,3,23,1132,21.34,102.88,4.62,0,2,3,2.20,0,311
313,2019,3,23,1132,21.34,102.90,4.62,0,2,3,2.20,0,311
314,2019,3,23,1132,21.32,97.14,4.62,0,2,3,3.43,0,314
315,2019,3,23,1132,21.32,100.40,4.62,0,2,3,3.06,0,321
316,2019,3,23,1132,21.32,100.42,4.62,0,2,3,3.06,0,321
317,2019,3,23,1132,21.32,100.44,4.62,0,2,3,3.84,0,321
318,2019,3,23,1132,21.30,100.38,4.62,0,2,3,3.75,0,321
319,2019,3,23,1132,21.30,100.40,4.62,0,2,3,3.75,0,321
320,2019,3,23,1132,21.30,100.42,4.62,0,2,3,3.37,0,321
321,2019,3,23,1132,21.28,100.42,4.62,0,2,3,4.38,0,321
322,2019,3,23,1132,21.26,97.20,4.62,0,2,1,2.98,0,322
323,2019,3,23,1132,21.16,100.46,4.62,0,1,3,14.08,0,323
324,2019,3,23,1132,21.16,100.48,4.62,0,1,3,14.08,0,323
325,2019,3,23,1132,21.16,100.50,4.62,0,2,3,5.09,0,323
326,2019,3,23,1132,21.16,102.08,4.62,0,2,5,4.71,0,326
327,2019,3,23,1132,21.16,102.10,4.62,0,2,5,4.71,0,326
328,2019,3,23,1132,21.14,102.08,4.62,0,2,3,1.96,0,326
329,2019,3,23,1132,21.14,102.10,4.62,0,2,3,1.96,0,326
330,2019,3,23,1132,21.00,100.74,4.63,0,2,5,7.70,0,330
331,2019,3,23,1132,20.98,100.74,4.63,0,2,5,5.80,0,330
332,2019,3,23,1132,20.98,100.76,4.63,0,2,5,5.79,0,330
333,2019,3,23,1132,20.98,103.24,4.63,0,2,5,12.51,0,333
334,2019,3,23,1132,20.98,103.26,4.63,0,2,5,7.23,0,333
335,2019,3,23,1132,20.98,103.28,4.63,0,2,5,7.23,0,333
336,2019,3,23,1132,20.94,101.04,4.63,0,2,5,7.40,0,336
337,2019,3,23,1132,20.94,101.06,4.63,0,2,5,7.40,0,336
338,2019,3,23,1132,20.74,101.96,4.64,0,2,3,3.55,0,338
339,2019,3,23,1132,20.72,98.76,4.64,0,2,5,5.53,0,339
340,2019,3,23,1132,20.72,98.78,4.64,0,2,5,5.53,0,339
341,2019,3,23,1132,20.70,98.78,4.64,0,2,3,4.46,0,339
342,2019,3,23,1132,20.66,99.78,4.64,0,2,3,2.69,0,346
343,2019,3,23,1132,20.66,99.80,4.64,0,2,3,2.69,0,346
344,2019,3,23,1132,20.64,99.76,4.64,0,2,3,5.46,0,346
345,2019,3,23,1132,20.64,99.78,4.64,0,2,3,5.46,0,346
346,2019,3,23,1132,20.64,99.80,4.64,0,2,5,5.95,0,346
347,2019,3,23,1132,20.62,99.76,4.64,0,2,3,2.68,0,346
348,2019,3,23,1132,20.62,99.78,4.64,0,2,1,2.68,0,346
349,2019,3,23,1132,20.58,101.04,4.64,0,2,5,7.35,0,351
350,2019,3,23,1132,20.58,101.06,4.64,0,2,5,7.35,0,351
351,2019,3,23,1132,20.56,101.02,4.64,0,1,5,20.33,0,351
352,2019,3,23,1132,20.56,101.04,4.64,0,1,5,20.33,0,351
353,2019,3,23,1132,20.56,101.06,4.64,0,2,5,10.21,0,351
354,2019,3,23,1132,20.54,101.06,4.64,0,2,5,4.91,0,351
355,2019,3,23,1132,20.52,102.10,4.64,0,2,5,5.53,0,355
356,2019,3,23,1132,20.52,102.12,4.64,0,2,1,2.39,0,355
357,2019,3,23,1132,20.50,102.10,4.64,0,2,5,3.47,0,355
358,2019,3,23,1132,20.44,96.58,4.64,0,2,1,3.65,0,358
359,2019,3,23,1132,20.44,96.60,4.64,0,2,3,3.65,0,358
360,2019,3,23,1132,20.38,97.96,4.65,0,2,3,7.75,0,362
361,2019,3,23,1132,20.38,97.98,4.65,0,2,3,7.75,0,362
362,2019,3,23,1132,20.38,98.00,4.65,0,2,5,13.23,0,362
363,2019,3,23,1132,20.36,97.96,4.65,0,2,3,4.91,0,362
364,2019,3,23,1132,20.36,97.98,4.65,0,2,3,4.91,0,362
365,2019,3,23,1132,20.36,98.00,4.65,0,2,1,6.76,0,362
366,2019,3,23,1132,20.36,101.70,4.65,0,2,5,14.69,0,366
367,2019,3,23,1132,20.36,101.72,4.65,0,2,5,4.06,0,366
368,2019,3,23,1132,20.36,101.74,4.65,0,2,5,4.06,0,366
369,2019,3,23,1132,20.34,101.56,4.65,0,2,5,5.60,0,369
370,2019,3,23,1132,20.34,101.58,4.65,0,2,5,5.59,0,369
371,2019,3,23,1132,20.34,101.60,4.65,0,2,5,4.66,0,369
372,2019,3,23,1132,20.32,100.60,4.65,0,2,3,3.02,0,372
373,2019,3,23,1132,20.30,101.54,4.65,0,2,3,6.32,0,375
374,2019,3,23,1132,20.30,101.56,4.65,0,2,5,6.32,0,375
375,2019,3,23,1132,20.30,101.58,4.65,0,2,5,7.18,0,375
376,2019,3,23,1132,20.28,101.56,4.65,0,2,3,5.16,0,375
377,2019,3,23,1132,20.28,101.58,4.65,0,2,5,5.20,0,375
378,2019,3,23,1132,20.28,101.60,4.65,0,2,5,5.20,0,375
379,2019,3,23,1132,20.24,99.04,4.65,0,2,3,3.51,0,379
380,2019,3,23,1132,20.22,97.10,4.65,0,2,1,2.53,0,383
381,2019,3,23,1132,20.22,99.04,4.65,0,2,3,3.51,0,379
382,2019,3,23,1132,20.22,102.32,4.65,0,2,5,5.82,0,382
383,2019,3,23,1132,20.20,97.10,4.65,0,2,3,5.00,0,383
384,2019,3,23,1132,20.20,97.12,4.65,0,2,3,5.00,0,383
385,2019,3,23,1132,20.18,97.12,4.65,0,2,3,5.00,0,383
386,2019,3,23,1132,20.16,94.28,4.65,0,2,3,6.39,0,386
387,2019,3,23,1132,20.12,98.56,4.65,0,2,3,4.20,0,389
388,2019,3,23,1132,20.10,98.54,4.65,0,2,3,5.69,0,389
389,2019,3,23,1132,20.10,98.56,4.65,0,2,5,7.88,0,389
390,2019,3,23,1132,20.10,98.58,4.65,0,2,5,7.88,0,389
391,2019,3,23,1132,20.10,99.50,4.65,0,2,3,2.37,0,391
392,2019,3,23,1132,20.08,98.58,4.66,0,2,3,3.58,0,389
393,2019,3,23,1132,20.08,99.30,4.66,0,2,5,7.52,0,393
394,2019,3,23,1132,20.08,99.32,4.66,0,2,5,5.90,0,393
395,2019,3,23,1132,20.08,99.34,4.66,0,2,5,5.90,0,393
396,2019,3,23,1132,20.00,96.40,4.66,0,2,5,13.71,0,396
397,2019,3,23,1132,20.00,96.42,4.66,0,2,5,13.53,0,396
398,2019,3,23,1132,20.00,96.44,4.66,0,2,5,13.53,0,396
399,2019,3,23,1132,19.96,94.06,4.66,0,2,3,3.49,0,399
400,2019,3,23,1132,19.96,94.08,4.66,0,2,3,3.49,0,399
401,2019,3,23,1132,19.94,102.42,4.66,0,2,3,2.40,0,401
402,2019,3,23,1132,19.92,102.42,4.66,0,2,3,2.33,0,401
403,2019,3,23,1132,19.88,101.90,4.66,0,2,3,2.37,0,403
404,2019,3,23,1132,19.86,100.90,4.66,0,2,3,4.67,0,404
405,2019,3,23,1132,19.86,100.92,4.66,0,2,5,4.67,0,404
406,2019,3,23,1132,19.86,102.96,4.66,0,2,1,4.59,0,406
407,2019,3,23,1132,19.86,102.98,4.66,0,2,1,4.59,0,406
408,2019,3,23,1132,19.86,103.00,4.66,0,2,3,4.11,0,406
409,2019,3,23,1132,19.84,99.06,4.66,0,2,3,4.11,0,409
410,2019,3,23,1132,19.84,99.08,4.66,0,2,1,3.80,0,409
411,2019,3,23,1132,19.84,101.92,4.66,0,2,3,2.19,0,411
412,2019,3,23,1132,19.80,100.38,4.66,0,2,3,3.59,0,412
413,2019,3,23,1132,19.80,101.36,4.66,0,2,3,3.93,0,414
414,2019,3,23,1132,19.78,101.36,4.66,0,2,5,7.11,0,414
415,2019,3,23,1132,19.78,101.38,4.66,0,2,5,7.11,0,414
416,2019,3,23,1132,19.76,102.36,4.66,0,2,5,4.37,0,416
417,2019,3,23,1132,19.74,96.86,4.67,0,2,3,3.11,0,425
418,2019,3,23,1132,19.74,96.88,4.67,0,2,3,3.99,0,425
419,2019,3,23,1132,19.74,96.90,4.67,0,2,3,3.99,0,425
420,2019,3,23,1132,19.74,103.20,4.67,0,2,3,9.39,0,421
421,2019,3,23,1132,19.74,103.22,4.67,0,2,5,32.26,0,421
422,2019,3,23,1132,19.74,103.24,4.67,0,2,5,32.26,0,421
423,2019,3,23,1132,19.72,96.86,4.67,0,2,3,4.39,0,425
424,2019,3,23,1132,19.72,96.88,4.67,0,2,5,4.39,0,425
425,2019,3,23,1132,19.72,96.90,4.67,0,2,5,4.57,0,425
426,2019,3,23,1132,19.72,101.38,4.67,0,2,3,7.56,0,428
427,2019,3,23,1132,19.72,101.40,4.67,0,2,3,7.56,0,428
428,2019,3,23,1132,19.72,101.42,4.67,0,2,5,15.92,0,428
429,2019,3,23,1132,19.72,103.20,4.67,0,2,3,10.85,0,421
430,2019,3,23,1132,19.72,103.22,4.67,0,2,3,10.85,0,421
431,2019,3,23,1132,19.72,103.24,4.67,0,2,5,30.29,0,421
432,2019,3,23,1132,19.70,100.88,4.67,0,2,3,4.77,0,432
433,2019,3,23,1132,19.66,100.44,4.67,0,2,5,26.00,0,433
434,2019,3,23,1132,19.66,100.46,4.67,0,2,5,10.92,0,433
435,2019,3,23,1132,19.66,100.48,4.67,0,2,5,10.92,0,433
436,2019,3,23,1132,19.64,94.66,4.67,0,2,3,7.24,0,436
437,2019,3,23,1132,19.64,100.44,4.67,0,2,5,16.71,0,433
438,2019,3,23,1132,19.64,100.46,4.67,0,2,5,8.40,0,433
439,2019,3,23,1132,19.64,100.48,4.67,0,2,5,8.40,0,433
440,2019,3,23,1132,19.62,102.58,4.67,0,2,3,2.33,0,440
441,2019,3,23,1132,19.50,94.72,4.67,0,2,5,10.62,0,441
442,2019,3,23,1132,19.50,94.74,4.67,0,2,5,10.62,0,441
443,2019,3,23,1132,19.48,94.72,4.67,0,2,5,9.07,0,441
444,2019,3,23,1132,19.48,94.74,4.67,0,2,5,9.07,0,441
445,2019,3,23,1132,19.32,101.44,4.68,0,2,3,3.08,0,447
446,2019,3,23,1132,19.32,101.46,4.68,0,2,1,3.08,0,447
447,2019,3,23,1132,19.30,101.46,4.68,0,2,3,3.97,0,447
448,2019,3,23,1132,19.24,95.70,4.68,0,2,5,7.43,0,448
449,2019,3,23,1132,19.24,100.96,4.68,0,2,3,1.95,0,449
450,2019,3,23,1132,19.24,102.32,4.68,0,2,5,5.70,0,450
451,2019,3,23,1132,19.22,100.98,4.68,0,1,3,5.45,0,451
452,2019,3,23,1132,19.22,102.60,4.68,0,2,3,3.86,0,452
453,2019,3,23,1132,19.10,102.50,4.68,0,2,3,2.39,0,453
454,2019,3,23,1132,19.06,95.24,4.68,0,2,3,2.77,0,454
455,2019,3,23,1132,19.06,95.26,4.68,0,2,3,2.77,0,454
456,2019,3,23,1132,19.02,95.68,4.69,0,2,5,4.22,0,456
457,2019,3,23,1132,19.02,95.70,4.69,0,2,5,4.22,0,456
458,2019,3,23,1132,19.02,103.44,4.69,0,2,3,4.71,0,458
459,2019,3,23,1132,19.00,94.90,4.69,0,2,5,10.87,0,459
460,2019,3,23,1132,19.00,94.92,4.69,0,2,5,10.87,0,459
461,2019,3,23,1132,19.00,96.54,4.69,0,1,3,26.23,0,461
462,2019,3,23,1132,18.98,96.54,4.69,0,2,5,16.33,0,461
463,2019,3,23,1132,18.98,96.56,4.69,0,2,5,16.33,0,461
464,2019,3,23,1132,18.98,96.58,4.69,0,2,5,9.48,0,461
465,2019,3,23,1132,18.96,96.58,4.69,0,2,5,9.48,0,461
466,2019,3,23,1132,18.96,96.60,4.69,0,2,5,9.48,0,461
467,2019,3,23,1132,18.92,97.04,4.69,0,1,1,25.65,0,470
468,2019,3,23,1132,18.92,100.58,4.69,0,2,3,2.34,0,468
469,2019,3,23,1132,18.92,100.60,4.69,0,2,3,2.34,0,468
470,2019,3,23,1132,18.90,97.04,4.69,0,2,5,27.36,0,470
471,2019,3,23,1132,18.90,97.06,4.69,0,2,5,27.36,0,470
472,2019,3,23,1132,18.90,97.08,4.69,0,2,5,8.52,0,470
473,2019,3,23,1132,18.90,102.26,4.69,0,2,5,4.40,0,473
474,2019,3,23,1132,18.88,97.06,4.69,0,2,3,9.78,0,470
475,2019,3,23,1132,18.84,100.52,4.69,0,2,3,3.43,0,475
476,2019,3,23,1132,18.84,100.54,4.69,0,2,3,3.43,0,475
477,2019,3,23,1132,18.82,102.04,4.69,0,2,3,4.44,0,477
478,2019,3,23,1132,18.80,102.04,4.69,0,2,3,4.44,0,477
479,2019,3,23,1132,18.80,102.06,4.69,0,2,3,4.44,0,477
480,2019,3,23,1132,18.78,102.06,4.69,0,2,3,3.85,0,477
481,2019,3,23,1132,18.74,101.42,4.69,0,2,5,5.94,0,481
482,2019,3,23,1132,18.74,101.44,4.69,0,2,3,4.57,0,481
483,2019,3,23,1132,18.74,101.46,4.69,0,2,3,4.57,0,481
484,2019,3,23,1132,18.72,102.98,4.69,0,2,3,3.40,0,484
485,2019,3,23,1132,18.72,103.00,4.69,0,2,3,3.40,0,484
486,2019,3,23,1132,18.72,103.20,4.69,0,2,3,5.92,0,486
487,2019,3,23,1132,18.68,101.44,4.70,0,2,3,1.56,0,496
488,2019,3,23,1132,18.68,103.36,4.70,0,2,3,4.39,0,494
489,2019,3,23,1132,18.66,101.44,4.70,0,2,3,1.56,0,496
490,2019,3,23,1132,18.66,101.46,4.70,0,2,3,1.56,0,496
491,2019,3,23,1132,18.66,101.48,4.70,0,2,3,2.17,0,491
492,2019,3,23,1132,18.66,103.24,4.70,0,2,1,2.87,0,498
493,2019,3,23,1132,18.66,103.26,4.70,0,2,1,2.87,0,498
494,2019,3,23,1132,18.66,103.36,4.70,0,2,3,6.59,0,494
495,2019,3,23,1132,18.64,101.42,4.70,0,2,3,2.53,0,495
496,2019,3,23,1132,18.64,101.46,4.70,0,2,3,8.29,0,496
497,2019,3,23,1132,18.64,103.12,4.70,0,2,5,7.15,0,500
498,2019,3,23,1132,18.64,103.26,4.70,0,2,5,7.44,0,498
499,2019,3,23,1132,18.62,101.46,4.70,0,2,5,7.79,0,496
500,2019,3,23,1132,18.62,103.12,4.70,0,2,5,16.14,0,500
501,2019,3,23,1132,18.62,103.14,4.70,0,2,5,16.14,0,500
502,2019,3,23,1132,18.62,103.16,4.70,0,2,5,9.73,0,500
503,2019,3,23,1132,18.60,101.40,4.70,0,2,5,9.52,0,503
504,2019,3,23,1132,18.58,101.30,4.70,0,2,3,3.28,0,504
505,2019,3,23,1132,18.58,101.32,4.70,0,2,1,3.28,0,504
506,2019,3,23,1132,18.58,101.42,4.70,0,2,5,8.70,0,506
507,2019,3,23,1132,18.58,103.36,4.70,0,2,5,12.21,0,507
508,2019,3,23,1132,18.50,97.58,4.70,0,2,3,3.21,0,508
509,2019,3,23,1132,18.46,99.72,4.70,0,2,3,2.87,0,509
510,2019,3,23,1132,18.46,99.74,4.70,0,2,3,2.87,0,509
511,2019,3,23,1132,18.44,102.54,4.70,0,2,3,5.71,0,511
512,2019,3,23,1132,18.44,102.56,4.70,0,2,3,5.71,0,511
513,2019,3,23,1132,18.44,102.58,4.70,0,2,3,2.93,0,511
514,2019,3,23,1132,18.24,102.12,4.71,0,2,3,3.37,0,514
515,2019,3,23,1132,18.18,103.20,4.71,0,2,3,2.74,0,515
516,2019,3,23,1132,18.18,103.22,4.71,0,2,3,2.74,0,515
517,2019,3,23,1132,18.08,96.18,4.71,0,1,5,41.47,0,517
518,2019,3,23,1132,18.08,96.20,4.71,0,2,5,9.69,0,517
519,2019,3,23,1132,18.08,96.22,4.71,0,2,5,9.69,0,517
520,2019,3,23,1132,17.94,101.24,4.72,0,2,3,4.71,0,520
521,2019,3,23,1132,17.92,97.98,4.72,0,1,3,14.80,0,521
522,2019,3,23,1132,17.92,98.00,4.72,0,1,3,14.80,0,521
523,2019,3,23,1132,17.88,102.28,4.72,0,2,1,1.79,0,523
524,2019,3,23,1132,17.88,102.30,4.72,0,2,1,1.79,0,523
525,2019,3,23,1132,17.72,96.88,4.72,0,2,5,5.86,0,525
526,2019,3,23,1132,17.72,96.90,4.72,0,2,5,5.86,0,525
527,2019,3,23,1132,17.72,103.56,4.72,0,2,5,4.91,0,529
528,2019,3,23,1132,17.70,103.54,4.72,0,2,3,5.40,0,529
529,2019,3,23,1132,17.70,103.56,4.72,0,3,5,9.13,0,529
530,2019,3,23,1132,17.70,103.58,4.72,0,3,5,9.13,0,529
531,2019,3,23,1132,17.60,103.14,4.72,0,2,3,2.71,0,531
532,2019,3,23,1132,17.56,103.12,4.73,0,2,3,2.17,0,532
533,2019,3,23,1132,17.44,101.10,4.73,0,2,3,3.10,0,533
534,2019,3,23,1132,17.44,101.12,4.73,0,2,3,3.10,0,533
535,2019,3,23,1132,17.40,121.66,4.73,0,2,3,2.37,0,536
536,2019,3,23,1132,17.40,121.68,4.73,0,2,5,4.77,0,536
537,2019,3,23,1132,17.38,121.68,4.73,0,2,1,3.07,0,536
538,2019,3,23,1132,17.36,100.56,4.73,0,2,5,7.44,0,538
539,2019,3,23,1132,17.36,100.58,4.73,0,2,5,7.44,0,538
540,2019,3,23,1132,17.16,102.50,4.74,0,2,1,4.47,0,540
541,2019,3,23,1132,17.16,102.52,4.74,0,2,1,4.46,0,540
542,2019,3,23,1132,17.14,102.50,4.74,0,2,3,2.18,0,540
543,2019,3,23,1132,17.14,102.52,4.74,0,2,3,2.17,0,540
544,2019,3,23,1132,17.04,102.54,4.74,0,2,3,3.18,0,544
545,2019,3,23,1132,17.02,95.70,4.74,0,2,3,2.86,0,545
546,2019,3,23,1132,16.66,99.70,4.75,0,2,3,5.46,0,547
547,2019,3,23,1132,16.64,99.70,4.75,0,2,5,7.20,0,547
548,2019,3,23,1132,16.64,99.72,4.75,0,2,5,7.19,0,547
549,2019,3,23,1132,16.58,101.34,4.75,0,2,3,11.35,0,549
550,2019,3,23,1132,16.58,101.36,4.75,0,2,3,11.35,0,549
551,2019,3,23,1132,16.36,100.46,4.76,0,2,5,9.70,0,551
552,2019,3,23,1132,16.34,98.60,4.76,0,2,3,6.28,0,552
553,2019,3,23,1132,16.34,98.62,4.76,0,2,3,3.69,0,552
554,2019,3,23,1132,16.34,98.64,4.76,0,2,3,3.69,0,552
555,2019,3,23,1132,16.34,99.92,4.76,0,2,5,6.18,0,555
556,2019,3,23,1132,16.34,100.46,4.76,0,2,3,3.78,0,551
557,2019,3,23,1132,16.26,98.50,4.76,0,2,5,9.98,0,557
558,2019,3,23,1132,16.24,98.08,4.76,0,2,5,24.90,0,558
559,2019,3,23,1132,16.24,98.10,4.76,0,2,5,24.90,0,558
560,2019,3,23,1132,16.24,98.12,4.76,0,2,3,7.53,0,558
561,2019,3,23,1132,16.22,98.10,4.76,0,2,5,8.45,0,558
562,2019,3,23,1132,16.22,98.24,4.76,0,2,3,10.14,0,562
563,2019,3,23,1132,16.22,98.26,4.76,0,2,3,10.12,0,562
564,2019,3,23,1132,16.22,98.28,4.76,0,2,3,8.28,0,562
565,2019,3,23,1132,16.20,98.28,4.76,0,2,1,3.98,0,562
566,2019,3,23,1132,16.20,98.66,4.76,0,2,3,4.90,0,566
567,2019,3,23,1132,16.20,98.68,4.76,0,2,3,4.90,0,566
568,2019,3,23,1132,16.18,98.70,4.76,0,2,3,5.15,0,568
569,2019,3,23,1132,16.18,98.72,4.76,0,2,3,4.96,0,568
570,2019,3,23,1132,16.16,98.80,4.76,0,2,3,6.26,0,571
571,2019,3,23,1132,16.16,98.82,4.76,0,2,5,9.93,0,571
572,2019,3,23,1132,16.16,98.84,4.76,0,2,5,9.93,0,571
573,2019,3,23,1132,16.14,98.80,4.76,0,2,3,6.81,0,571
574,2019,3,23,1132,16.14,98.82,4.76,0,2,3,6.81,0,571
575,2019,3,23,1132,16.14,98.84,4.76,0,2,1,3.86,0,571
576,2019,3,23,1132,16.04,99.94,4.76,0,2,3,2.73,0,576
577,2019,3,23,1132,16.04,99.96,4.76,0,2,3,2.73,0,576
578,2019,3,23,1132,16.02,101.46,4.76,0,2,1,3.06,0,578
579,2019,3,23,1132,16.00,99.72,4.76,0,2,5,6.32,0,579
580,2019,3,23,1132,16.00,99.74,4.76,0,2,5,6.32,0,579
581,2019,3,23,1132,15.90,98.16,4.77,0,2,3,4.13,0,581
582,2019,3,23,1132,15.90,98.18,4.77,0,2,3,4.13,0,581
583,2019,3,23,1132,15.88,98.24,4.77,0,2,3,4.22,0,583
584,2019,3,23,1132,15.84,100.94,4.77,0,2,5,6.38,0,586
585,2019,3,23,1132,15.84,100.96,4.77,0,2,5,6.38,0,586
586,2019,3,23,1132,15.84,100.98,4.77,0,2,5,7.15,0,586
587,2019,3,23,1132,15.80,100.84,4.77,0,2,5,5.77,0,587
588,2019,3,23,1132,15.80,100.86,4.77,0,2,5,5.77,0,587
589,2019,3,23,1132,15.80,100.92,4.77,0,2,3,5.22,0,591
590,2019,3,23,1132,15.80,100.94,4.77,0,2,3,5.22,0,591
591,2019,3,23,1132,15.80,100.96,4.77,0,2,5,9.90,0,591
592,2019,3,23,1132,15.78,98.30,4.77,0,2,5,7.88,0,596
593,2019,3,23,1132,15.78,100.88,4.77,0,2,3,4.99,0,593
594,2019,3,23,1132,15.78,100.96,4.77,0,2,3,5.32,0,591
595,2019,3,23,1132,15.78,100.98,4.77,0,2,3,5.32,0,591
596,2019,3,23,1132,15.76,98.30,4.77,0,2,5,8.92,0,596
597,2019,3,23,1132,15.76,98.32,4.77,0,2,5,8.92,0,596
598,2019,3,23,1132,15.70,99.38,4.77,0,2,3,3.44,0,598
599,2019,3,23,1132,15.70,99.40,4.77,0,2,3,3.44,0,598
600,2019,3,23,1132,15.68,98.20,4.77,0,2,5,7.53,0,600
601,2019,3,23,1132,15.68,98.22,4.77,0,2,5,7.53,0,600
602,2019,3,23,1132,15.68,99.50,4.77,0,2,3,4.70,0,604
603,2019,3,23,1132,15.68,99.52,4.77,0,2,3,4.70,0,604
604,2019,3,23,1132,15.68,99.54,4.77,0,2,3,5.01,0,604
605,2019,3,23,1132,15.58,99.28,4.77,0,2,1,3.57,0,605
606,2019,3,23,1132,14.94,98.02,4.79,0,2,5,11.31,0,606
607,2019,3,23,1132,14.80,99.48,4.79,0,2,3,2.60,0,607
608,2019,3,23,1132,14.68,98.00,4.79,0,2,5,17.39,0,611
609,2019,3,23,1132,14.68,98.02,4.79,0,2,5,17.37,0,611
610,2019,3,23,1132,14.68,98.04,4.79,0,2,5,12.51,0,611
611,2019,3,23,1132,14.66,98.02,4.80,0,2,5,21.10,0,611
612,2019,3,23,1132,14.66,98.04,4.80,0,2,5,14.42,0,611
613,2019,3,23,1132,14.66,98.06,4.80,0,2,5,14.42,0,611
614,2019,3,23,1132,14.28,98.52,4.80,0,2,5,10.35,0,614
615,2019,3,23,1132,14.28,98.54,4.80,0,2,3,5.16,0,614
616,2019,3,23,1132,14.28,98.56,4.80,0,2,3,5.16,0,614
617,2019,3,23,1132,14.26,108.10,4.80,0,2,3,4.86,0,618
618,2019,3,23,1132,14.24,108.10,4.80,0,2,1,5.26,0,618
619,2019,3,23,1132,14.20,98.54,4.81,0,2,3,5.89,0,619
620,2019,3,23,1132,14.14,98.52,4.81,0,2,3,7.22,0,620
621,2019,3,23,1132,14.14,98.54,4.81,0,2,3,7.22,0,620
622,2019,3,23,1132,14.12,98.52,4.81,0,2,3,5.42,0,620
623,2019,3,23,1132,14.12,98.54,4.81,0,2,3,5.42,0,620
624,2019,3,23,1132,13.94,107.46,4.81,0,2,1,6.59,0,624
625,2019,3,23,1132,13.90,108.66,4.81,0,2,3,14.25,0,625
626,2019,3,23,1132,13.88,108.66,4.81,0,2,3,8.17,0,625
627,2019,3,23,1132,13.78,98.72,4.81,0,2,5,12.78,0,629
628,2019,3,23,1132,13.78,98.74,4.81,0,2,3,8.44,0,629
629,2019,3,23,1132,13.76,98.72,4.81,0,2,5,14.68,0,629
630,2019,3,23,1132,13.76,98.74,4.81,0,2,3,10.44,0,629
631,2019,3,23,1132,13.76,98.76,4.81,0,2,3,10.44,0,629
632,2019,3,23,1132,13.74,98.66,4.81,0,2,3,6.76,0,634
633,2019,3,23,1132,13.74,98.68,4.81,0,2,3,6.76,0,634
634,2019,3,23,1132,13.74,98.70,4.81,0,2,5,13.79,0,634
635,2019,3,23,1132,13.74,109.04,4.81,0,2,3,11.93,0,636
636,2019,3,23,1132,13.72,109.04,4.82,0,2,5,21.39,0,636
637,2019,3,23,1132,13.72,109.06,4.82,0,2,3,7.20,0,636
638,2019,3,23,1132,13.72,109.08,4.82,0,2,3,7.20,0,636
639,2019,3,23,1132,13.64,107.38,4.82,0,2,3,4.25,0,639
640,2019,3,23,1132,13.64,107.40,4.82,0,2,3,4.25,0,639
641,2019,3,23,1132,13.42,98.70,4.82,0,2,3,14.46,0,641
642,2019,3,23,1132,13.26,103.38,4.82,0,2,5,18.62,0,642
643,2019,3,23,1132,13.26,103.40,4.82,0,2,3,7.54,0,642
644,2019,3,23,1132,12.58,98.76,4.84,0,3,5,4.78,0,644
645,2019,3,23,1132,12.52,98.78,4.84,0,2,3,1.90,0,645
646,2019,3,23,1132,12.16,99.78,4.85,0,2,3,7.93,0,646
647,2019,3,23,1132,12.16,99.80,4.85,0,2,3,7.93,0,646
648,2019,3,23,1132,11.90,99.28,4.85,0,3,5,3.04,0,649
649,2019,3,23,1132,11.88,99.28,4.85,0,2,5,5.66,0,649
650,2019,3,23,1132,11.88,99.30,4.85,0,2,3,2.91,0,649
651,2019,3,23,1132,11.88,99.32,4.85,0,2,3,2.90,0,649
652,2019,3,23,1132,11.82,99.48,4.85,0,2,3,5.05,0,652
653,2019,3,23,1132,11.82,99.50,4.85,0,2,3,5.05,0,652
654,2019,3,23,1132,11.48,99.04,4.86,0,2,5,23.96,0,654
655,2019,3,23,1132,11.48,99.06,4.86,0,2,5,23.96,0,654
656,2019,3,23,1132,11.46,99.06,4.86,0,2,3,3.64,0,654
657,2019,3,23,1132,11.40,99.00,4.86,0,2,3,4.10,0,657
658,2019,3,23,1132,11.40,99.02,4.86,0,2,3,4.10,0,657
659,2019,3,23,1132,11.34,98.96,4.86,0,2,5,22.49,0,661
660,2019,3,23,1132,11.34,98.98,4.86,0,2,5,22.49,0,661
661,2019,3,23,1132,11.32,98.96,4.86,0,2,5,47.37,0,661
662,2019,3,23,1132,11.32,98.98,4.86,0,2,5,47.37,0,661
663,2019,3,23,1132,11.32,99.00,4.86,0,2,5,4.69,0,661
664,2019,3,23,1132,10.54,98.52,4.87,0,2,3,5.19,0,664
665,2019,3,23,1132,10.54,98.54,4.87,0,2,3,5.19,0,664
666,2019,3,23,1132,10.48,98.56,4.87,0,2,5,11.19,0,668
667,2019,3,23,1132,10.48,98.58,4.87,0,2,5,11.19,0,668
668,2019,3,23,1132,10.48,98.60,4.87,0,2,5,11.81,0,668
669,2019,3,23,1132,10.46,98.60,4.87,0,2,3,6.96,0,668
670,2019,3,23,1132,10.46,98.62,4.87,0,2,3,6.96,0,668
671,2019,3,23,1138,4.90,102.22,4.94,0,2,1,2.91,0,671
672,2019,3,23,1138,4.80,101.90,4.94,0,2,5,10.34,0,672
673,2019,3,23,1138,4.80,101.92,4.94,0,2,5,10.34,0,672
674,2019,3,23,1138,4.80,101.94,4.94,0,2,3,5.67,0,672
675,2019,3,23,1138,4.58,103.44,4.94,0,2,1,1.61,0,675
676,2019,3,23,1138,4.34,103.38,4.94,0,2,3,4.31,0,676
677,2019,3,23,1138,4.06,103.38,4.94,0,2,3,3.27,0,677
678,2019,3,23,1138,3.72,98.48,4.95,0,2,1,2.71,0,679
679,2019,3,23,1138,3.72,98.50,4.95,0,2,1,2.98,0,679
680,2019,3,23,1138,3.72,98.52,4.95,0,2,1,2.98,0,679
681,2019,3,23,1138,3.36,103.34,4.95,0,2,5,9.88,0,682
682,2019,3,23,1138,3.36,103.36,4.95,0,2,5,13.44,0,682
683,2019,3,23,1138,3.36,103.38,4.95,0,2,5,13.44,0,682
684,2019,3,23,1138,3.30,103.40,4.95,0,2,5,6.44,0,685
685,2019,3,23,1138,3.30,103.42,4.95,0,1,3,9.23,0,685
686,2019,3,23,1138,1.80,100.84,4.95,0,2,3,47.65,0,690
687,2019,3,23,1138,1.80,100.86,4.95,0,2,3,47.65,0,690
688,2019,3,23,1138,1.78,100.78,4.95,0,2,3,21.31,0,690
689,2019,3,23,1138,1.78,100.80,4.95,0,2,3,21.31,0,690
690,2019,3,23,1138,1.78,100.82,4.95,0,2,3,50.33,0,690
691,2019,3,23,1138,1.78,100.84,4.95,0,2,5,44.27,0,690
692,2019,3,23,1138,1.78,100.86,4.95,0,2,5,44.26,0,690
693,2019,3,23,1138,1.76,100.78,4.95,0,2,3,27.93,0,690
694,2019,3,23,1138,1.76,100.80,4.95,0,2,3,27.92,0,690
695,2019,3,23,1138,1.76,100.82,4.95,0,2,1,26.11,0,690
696,2019,3,23,1138,1.60,101.52,4.95,0,2,3,29.74,0,697
697,2019,3,23,1138,1.58,101.52,4.95,0,2,5,46.71,0,697
698,2019,3,23,1138,1.58,101.54,4.95,0,2,5,46.71,0,697
699,2019,3,23,1138,1.58,101.56,4.95,0,2,5,40.18,0,697
700,2019,3,23,1138,1.48,127.62,4.95,1,1,1,10.90,0,700
701,2019,3,23,1138,-.56,110.88,4.96,0,1,3,6.45,0,701
702,2019,3,23,1138,-2.58,121.38,4.95,0,2,1,14.14,0,702
703,2019,3,23,1138,-15.38,124.56,4.78,0,2,3,5.12,0,704
704,2019,3,23,1138,-15.38,124.58,4.78,0,2,5,7.97,0,704
705,2019,3,23,1138,-22.90,114.26,4.57,0,1,3,34.07,0,705
706,2019,3,23,1138,-23.04,128.46,4.56,0,2,5,11.22,0,706
707,2019,3,23,1138,-23.06,128.46,4.56,0,2,5,4.02,0,706
708,2019,3,23,1138,-23.08,128.46,4.56,0,2,5,4.02,0,706
709,2019,3,23,1138,-23.16,148.16,4.56,0,2,3,2.90,0,709
710,2019,3,23,1138,-23.16,148.18,4.56,0,2,3,2.59,0,709
711,2019,3,23,1138,-24.72,152.10,4.50,0,2,5,9.30,0,711
712,2019,3,23,1138,-24.74,146.24,4.50,0,1,5,19.80,0,712
713,2019,3,23,1138,-24.74,146.26,4.50,0,2,5,6.91,0,712
714,2019,3,23,1138,-24.76,146.24,4.50,0,2,5,6.11,0,712
715,2019,3,23,1138,-24.76,146.26,4.50,0,2,3,2.74,0,712
716,2019,3,23,1138,-25.06,150.94,4.49,0,2,3,3.51,0,718
717,2019,3,23,1138,-25.06,150.96,4.49,0,2,3,3.51,0,718
718,2019,3,23,1138,-25.06,150.98,4.49,0,2,5,6.27,0,718
719,2019,3,23,1138,-25.18,145.76,4.49,0,2,3,4.46,0,719
720,2019,3,23,1138,-25.20,145.72,4.48,0,2,3,3.27,0,720
721,2019,3,23,1138,-25.22,145.72,4.48,0,2,1,2.99,0,720
722,2019,3,23,1138,-26.28,153.02,4.44,0,1,3,8.92,0,722
723,2019,3,23,1138,-27.12,149.34,4.41,0,2,3,3.59,0,723
724,2019,3,23,1138,-27.14,152.96,4.41,0,2,3,2.85,0,724
725,2019,3,23,1138,-27.68,149.44,4.39,0,2,3,2.58,0,725
726,2019,3,23,1138,-29.12,116.10,4.33,0,2,3,5.12,0,728
727,2019,3,23,1138,-29.12,116.12,4.33,0,2,5,4.26,0,728
728,2019,3,23,1138,-29.14,116.08,4.33,0,2,3,5.12,0,728
729,2019,3,23,1138,-29.14,116.10,4.33,0,2,3,5.12,0,728
730,2019,3,23,1138,-29.14,116.12,4.33,0,2,5,4.26,0,728
731,2019,3,23,1138,-29.52,150.44,4.31,0,2,5,32.60,0,731
732,2019,3,23,1138,-29.52,150.46,4.31,0,2,5,20.30,0,731
733,2019,3,23,1138,-29.54,150.44,4.31,0,2,1,3.62,0,731
734,2019,3,23,1138,-30.38,146.18,4.28,0,1,3,34.31,0,735
735,2019,3,23,1138,-30.40,146.18,4.28,0,1,1,34.31,0,735
736,2019,3,23,1138,-31.34,131.44,4.23,0,1,1,4.08,0,736
737,2019,3,23,1138,-31.66,150.28,4.22,0,1,3,10.11,0,737
738,2019,3,23,1138,-31.66,150.30,4.22,0,1,3,6.36,0,737
739,2019,3,23,1138,-31.80,118.02,4.21,0,2,5,4.30,0,739
740,2019,3,23,1138,-31.88,150.48,4.21,0,1,3,6.39,0,740
741,2019,3,23,1138,-31.94,149.34,4.21,0,1,1,15.57,0,741
742,2019,3,23,1138,-32.06,148.78,4.20,0,2,3,3.21,0,742
743,2019,3,23,1138,-32.48,118.10,4.18,0,2,5,4.14,0,744
744,2019,3,23,1138,-32.48,118.12,4.18,0,2,5,4.36,0,744
745,2019,3,23,1138,-32.48,118.14,4.18,0,2,5,4.36,0,744
746,2019,3,23,1138,-32.82,117.94,4.17,0,2,5,5.33,0,746
747,2019,3,23,1138,-32.82,117.96,4.17,0,2,5,5.33,0,746
748,2019,3,23,1138,-32.84,117.94,4.16,0,2,5,4.33,0,746
749,2019,3,23,1138,-32.84,117.96,4.16,0,2,5,2.93,0,746
750,2019,3,23,1138,-32.84,117.98,4.16,0,2,5,2.93,0,746
751,2019,3,23,1138,-32.86,117.94,4.16,0,2,5,4.33,0,746
752,2019,3,23,1138,-33.62,120.56,4.13,0,2,5,17.01,0,752
753,2019,3,23,1138,-33.62,120.58,4.13,0,2,5,12.61,0,752
754,2019,3,23,1138,-33.64,116.86,4.13,0,2,5,4.75,0,760
755,2019,3,23,1138,-33.64,116.88,4.13,0,2,5,10.12,0,760
756,2019,3,23,1138,-33.64,120.56,4.13,0,2,5,8.87,0,752
757,2019,3,23,1138,-33.64,120.58,4.13,0,2,5,7.04,0,752
758,2019,3,23,1138,-33.66,116.84,4.13,0,2,5,7.93,0,760
759,2019,3,23,1138,-33.66,116.86,4.13,0,2,5,7.93,0,760
760,2019,3,23,1138,-33.66,116.88,4.13,0,2,5,16.19,0,760
761,2019,3,23,1138,-33.66,120.54,4.13,0,2,5,8.87,0,752
762,2019,3,23,1138,-33.66,120.56,4.13,0,2,5,7.04,0,752
763,2019,3,23,1138,-33.66,120.58,4.13,0,2,5,7.04,0,752
764,2019,3,23,1138,-33.78,121.50,4.12,0,1,3,3.31,0,764
765,2019,3,23,1138,-33.78,121.52,4.12,0,1,3,3.31,0,764
766,2019,3,23,1138,-33.82,121.16,4.12,0,1,3,3.76,0,766
767,2019,3,23,1138,-38.46,177.66,3.88,0,2,1,2.00,0,767
768,2019,3,23,1138,-38.46,177.68,3.88,0,2,1,1.93,0,767
769,2019,3,23,1138,-38.46,177.70,3.88,0,2,3,1.93,0,767
