# 2019  2 23 13 50 UTC  2020  4 29  6 20 UTC
# ID,Year,Month,Day,Time(UTC),Lat,Lon,Area(km^2),Volcano,Level,Reliability,FRP(Wm^-2),QF,Hot(ID)
1,2019,2,23,1353,51.66,113.54,3.07,0,2,3,.46,0,3
2,2019,2,23,1353,51.64,113.54,3.08,0,2,3,.46,0,3
3,2019,2,23,1353,51.64,113.56,3.08,0,2,3,.46,0,3
4,2019,2,23,1353,49.98,124.32,3.19,0,2,3,1.01,0,4
5,2019,2,23,1353,49.94,124.32,3.19,0,2,5,.79,0,6
6,2019,2,23,1353,49.94,124.34,3.19,0,2,5,.79,0,6
7,2019,2,23,1353,49.12,124.66,3.24,0,2,5,1.58,0,9
8,2019,2,23,1353,49.12,124.68,3.24,0,2,5,1.58,0,9
9,2019,2,23,1353,49.12,124.70,3.24,0,2,5,1.73,0,9
10,2019,2,23,1353,48.74,125.08,3.27,0,2,5,3.76,0,11
11,2019,2,23,1353,48.74,125.10,3.27,0,2,5,3.80,0,11
12,2019,2,23,1353,48.72,125.08,3.27,0,2,5,3.76,0,11
13,2019,2,23,1353,48.72,125.10,3.27,0,2,5,3.76,0,11
14,2019,2,23,1353,48.72,125.12,3.27,0,2,5,3.80,0,11
15,2019,2,23,1353,48.64,125.66,3.28,0,2,3,2.98,0,16
16,2019,2,23,1353,48.64,125.68,3.28,0,2,3,3.28,0,16
17,2019,2,23,1353,48.64,125.70,3.28,0,2,3,3.28,0,16
18,2019,2,23,1353,48.62,125.66,3.28,0,2,3,2.98,0,16
19,2019,2,23,1353,48.62,125.68,3.28,0,2,3,2.98,0,16
20,2019,2,23,1353,48.62,125.70,3.28,0,2,3,3.28,0,16
21,2019,2,23,1353,48.60,125.68,3.28,0,2,1,1.98,0,16
22,2019,2,23,1353,48.58,125.68,3.28,0,2,1,1.97,0,16
23,2019,2,23,1353,48.40,123.32,3.29,0,2,3,1.18,0,26
24,2019,2,23,1353,48.40,123.34,3.29,0,2,3,1.18,0,26
25,2019,2,23,1353,48.38,123.32,3.29,0,2,3,1.18,0,26
26,2019,2,23,1353,48.38,123.34,3.29,0,2,3,1.18,0,26
27,2019,2,23,1353,48.28,124.00,3.30,0,2,5,4.53,0,27
28,2019,2,23,1353,48.26,124.02,3.30,0,2,5,4.45,0,28
29,2019,2,23,1353,48.24,124.02,3.30,0,2,5,2.48,0,28
30,2019,2,23,1353,48.24,124.04,3.30,0,2,5,2.48,0,28
31,2019,2,23,1353,48.22,124.02,3.30,0,2,5,2.48,0,28
32,2019,2,23,1353,48.22,124.04,3.30,0,2,5,2.48,0,28
33,2019,2,23,1353,48.18,122.52,3.31,0,2,3,4.28,0,35
34,2019,2,23,1353,48.18,122.54,3.31,0,2,3,4.28,0,35
35,2019,2,23,1353,48.18,122.56,3.31,0,2,3,7.82,0,35
36,2019,2,23,1353,48.18,123.68,3.31,0,2,3,1.02,0,37
37,2019,2,23,1353,48.18,123.70,3.31,0,2,3,1.19,0,37
38,2019,2,23,1353,48.18,123.72,3.31,0,2,3,1.19,0,37
39,2019,2,23,1353,48.16,122.54,3.31,0,2,3,4.28,0,35
40,2019,2,23,1353,48.16,122.56,3.31,0,2,3,7.80,0,35
41,2019,2,23,1353,48.16,122.58,3.31,0,2,3,7.80,0,35
42,2019,2,23,1353,48.16,123.70,3.31,0,2,3,1.02,0,37
43,2019,2,23,1353,48.16,123.72,3.31,0,2,3,1.19,0,37
44,2019,2,23,1353,48.14,122.54,3.31,0,2,3,5.38,0,35
45,2019,2,23,1353,48.14,122.56,3.31,0,2,3,5.38,0,35
46,2019,2,23,1353,48.14,122.58,3.31,0,2,3,5.85,0,35
47,2019,2,23,1353,48.12,122.54,3.31,0,2,3,5.38,0,35
48,2019,2,23,1353,48.12,122.56,3.31,0,2,3,5.38,0,35
49,2019,2,23,1353,48.12,122.58,3.31,0,2,3,5.85,0,35
50,2019,2,23,1353,48.06,122.88,3.31,0,2,3,1.08,0,53
51,2019,2,23,1353,48.04,122.88,3.31,0,2,1,1.08,0,53
52,2019,2,23,1353,48.04,122.90,3.31,0,2,3,1.08,0,53
53,2019,2,23,1353,48.02,122.90,3.32,0,2,3,1.84,0,53
54,2019,2,23,1353,48.00,122.90,3.32,0,2,3,1.84,0,53
55,2019,2,23,1353,48.00,122.92,3.32,0,2,3,1.84,0,53
56,2019,2,23,1353,47.70,127.06,3.34,0,2,3,11.96,0,56
57,2019,2,23,1353,47.68,127.00,3.34,0,2,3,5.78,0,56
58,2019,2,23,1353,47.68,127.02,3.34,0,2,3,5.78,0,56
59,2019,2,23,1353,47.68,127.04,3.34,0,2,3,8.26,0,56
60,2019,2,23,1353,47.68,127.06,3.34,0,2,3,6.99,0,56
61,2019,2,23,1353,47.68,127.08,3.34,0,2,3,6.99,0,56
62,2019,2,23,1353,47.66,127.02,3.34,0,2,3,5.78,0,56
63,2019,2,23,1353,47.66,127.04,3.34,0,2,3,8.26,0,56
64,2019,2,23,1353,47.66,127.06,3.34,0,2,3,8.26,0,56
65,2019,2,23,1353,47.66,127.08,3.34,0,2,3,6.99,0,56
66,2019,2,23,1353,47.52,123.66,3.35,0,2,5,9.76,0,75
67,2019,2,23,1353,47.52,123.68,3.35,0,2,5,9.52,0,75
68,2019,2,23,1353,47.52,123.70,3.35,0,2,5,9.52,0,75
69,2019,2,23,1353,47.50,123.66,3.35,0,2,5,9.76,0,75
70,2019,2,23,1353,47.50,123.68,3.35,0,2,5,9.76,0,75
71,2019,2,23,1353,47.50,123.70,3.35,0,2,5,9.52,0,75
72,2019,2,23,1353,47.48,123.64,3.35,0,2,3,4.76,0,75
73,2019,2,23,1353,47.48,123.66,3.35,0,2,3,4.76,0,75
74,2019,2,23,1353,47.48,123.68,3.35,0,2,5,10.19,0,75
75,2019,2,23,1353,47.48,123.70,3.35,0,2,5,24.11,0,75
76,2019,2,23,1353,47.48,123.72,3.35,0,2,5,24.11,0,75
77,2019,2,23,1353,47.48,123.74,3.35,0,2,5,6.35,0,75
78,2019,2,23,1353,47.46,123.72,3.35,0,2,3,2.29,0,75
79,2019,2,23,1353,47.46,123.76,3.35,0,2,5,6.34,0,79
80,2019,2,23,1353,47.46,124.90,3.35,0,2,3,4.45,0,81
81,2019,2,23,1353,47.46,124.92,3.35,0,2,5,5.78,0,81
82,2019,2,23,1353,47.46,124.94,3.35,0,2,5,5.78,0,81
83,2019,2,23,1353,47.44,123.72,3.35,0,2,3,2.29,0,75
84,2019,2,23,1353,47.44,124.90,3.35,0,2,3,3.09,0,81
85,2019,2,23,1353,47.44,124.92,3.35,0,2,3,3.09,0,81
86,2019,2,23,1353,47.44,124.94,3.35,0,2,3,2.37,0,81
87,2019,2,23,1353,47.44,126.40,3.35,0,2,3,1.77,0,87
88,2019,2,23,1353,47.44,126.42,3.35,0,2,3,1.77,0,87
89,2019,2,23,1353,47.44,126.46,3.35,0,2,3,.96,0,91
90,2019,2,23,1353,47.44,126.48,3.35,0,2,3,.96,0,91
91,2019,2,23,1353,47.44,126.50,3.35,0,2,5,1.82,0,91
92,2019,2,23,1353,47.42,124.92,3.35,0,2,3,3.09,0,81
93,2019,2,23,1353,47.42,124.94,3.35,0,2,3,2.37,0,81
94,2019,2,23,1353,47.42,124.96,3.35,0,2,3,2.37,0,81
95,2019,2,23,1353,47.42,126.42,3.35,0,2,3,1.77,0,87
96,2019,2,23,1353,47.42,126.46,3.35,0,2,3,.96,0,91
97,2019,2,23,1353,47.42,126.48,3.35,0,2,3,.96,0,91
98,2019,2,23,1353,47.42,126.50,3.35,0,2,5,1.82,0,91
99,2019,2,23,1353,47.38,126.78,3.36,0,2,5,1.71,0,99
100,2019,2,23,1353,47.36,123.04,3.36,0,2,5,2.31,0,100
101,2019,2,23,1353,47.34,123.04,3.36,0,2,5,2.31,0,100
102,2019,2,23,1353,47.34,127.42,3.36,0,2,3,1.51,0,102
103,2019,2,23,1353,47.34,127.44,3.36,0,2,3,1.51,0,102
104,2019,2,23,1353,47.34,127.46,3.36,0,2,3,1.33,0,102
105,2019,2,23,1353,47.32,123.04,3.36,0,2,5,1.20,0,100
106,2019,2,23,1353,47.32,123.06,3.36,0,2,5,1.20,0,100
107,2019,2,23,1353,47.32,127.44,3.36,0,2,3,1.51,0,102
108,2019,2,23,1353,47.32,127.46,3.36,0,2,3,1.33,0,102
109,2019,2,23,1353,47.30,123.06,3.36,0,2,5,1.20,0,100
110,2019,2,23,1353,47.24,123.14,3.37,0,2,5,2.24,0,117
111,2019,2,23,1353,47.24,123.16,3.37,0,2,5,3.96,0,117
112,2019,2,23,1353,47.24,123.18,3.37,0,2,5,3.96,0,117
113,2019,2,23,1353,47.24,127.48,3.37,0,2,3,1.26,0,113
114,2019,2,23,1353,47.24,127.50,3.37,0,2,1,1.26,0,113
115,2019,2,23,1353,47.22,123.14,3.37,0,2,3,2.19,0,117
116,2019,2,23,1353,47.22,123.16,3.37,0,2,3,2.19,0,117
117,2019,2,23,1353,47.22,123.18,3.37,0,2,5,5.67,0,117
118,2019,2,23,1353,47.20,123.16,3.37,0,2,3,2.19,0,117
119,2019,2,23,1353,47.20,123.18,3.37,0,2,5,5.55,0,117
120,2019,2,23,1353,47.20,123.20,3.37,0,2,5,5.55,0,117
121,2019,2,23,1353,47.16,125.76,3.37,0,1,3,4.03,0,121
122,2019,2,23,1353,47.16,125.78,3.37,0,1,3,4.03,0,121
123,2019,2,23,1353,47.16,125.80,3.37,0,2,3,1.04,0,121
124,2019,2,23,1353,47.12,123.22,3.37,0,1,5,9.59,0,220
125,2019,2,23,1353,47.12,123.24,3.37,0,2,5,6.55,0,220
126,2019,2,23,1353,47.12,123.26,3.37,0,2,5,6.55,0,220
127,2019,2,23,1353,47.12,123.28,3.37,0,2,3,3.63,0,220
128,2019,2,23,1353,47.10,123.22,3.37,0,1,5,9.59,0,220
129,2019,2,23,1353,47.10,123.24,3.37,0,1,3,9.59,0,220
130,2019,2,23,1353,47.10,123.26,3.37,0,2,5,6.55,0,220
131,2019,2,23,1353,47.10,123.28,3.37,0,2,3,3.63,0,220
132,2019,2,23,1353,47.10,123.42,3.37,0,2,3,5.82,0,220
133,2019,2,23,1353,47.10,123.44,3.37,0,2,3,5.82,0,220
134,2019,2,23,1353,47.10,123.46,3.37,0,2,1,4.36,0,220
135,2019,2,23,1353,47.08,123.20,3.38,0,2,3,.63,0,220
136,2019,2,23,1353,47.08,123.22,3.38,0,2,5,8.99,0,220
137,2019,2,23,1353,47.08,123.24,3.38,0,2,5,8.99,0,220
138,2019,2,23,1353,47.08,123.26,3.38,0,2,5,14.91,0,220
139,2019,2,23,1353,47.08,123.28,3.38,0,2,5,7.37,0,220
140,2019,2,23,1353,47.08,123.30,3.38,0,2,5,7.37,0,220
141,2019,2,23,1353,47.08,123.32,3.38,0,2,3,3.01,0,220
142,2019,2,23,1353,47.08,123.38,3.38,0,2,3,2.72,0,220
143,2019,2,23,1353,47.08,123.44,3.38,0,2,5,18.49,0,220
144,2019,2,23,1353,47.08,123.46,3.38,0,2,5,12.09,0,220
145,2019,2,23,1353,47.08,123.48,3.38,0,2,3,4.36,0,220
146,2019,2,23,1353,47.06,123.22,3.38,0,2,1,.63,0,220
147,2019,2,23,1353,47.06,123.24,3.38,0,2,5,8.99,0,220
148,2019,2,23,1353,47.06,123.26,3.38,0,2,5,14.91,0,220
149,2019,2,23,1353,47.06,123.28,3.38,0,2,5,14.91,0,220
150,2019,2,23,1353,47.06,123.30,3.38,0,2,5,7.36,0,220
151,2019,2,23,1353,47.06,123.32,3.38,0,2,3,3.01,0,220
152,2019,2,23,1353,47.06,123.34,3.38,0,2,3,3.01,0,220
153,2019,2,23,1353,47.06,123.38,3.38,0,2,3,2.72,0,220
154,2019,2,23,1353,47.06,123.40,3.38,0,2,3,2.72,0,220
155,2019,2,23,1353,47.06,123.44,3.38,0,2,5,18.49,0,220
156,2019,2,23,1353,47.06,123.46,3.38,0,2,5,18.49,0,220
157,2019,2,23,1353,47.06,123.48,3.38,0,2,5,12.09,0,220
158,2019,2,23,1353,47.06,123.50,3.38,0,2,3,3.46,0,220
159,2019,2,23,1353,47.06,123.52,3.38,0,2,3,3.46,0,220
160,2019,2,23,1353,47.04,123.24,3.38,0,2,5,3.65,0,220
161,2019,2,23,1353,47.04,123.26,3.38,0,2,5,3.65,0,220
162,2019,2,23,1353,47.04,123.28,3.38,0,2,5,5.01,0,220
163,2019,2,23,1353,47.04,123.30,3.38,0,2,5,3.38,0,220
164,2019,2,23,1353,47.04,123.32,3.38,0,2,5,3.38,0,220
165,2019,2,23,1353,47.04,123.34,3.38,0,2,5,3.21,0,220
166,2019,2,23,1353,47.04,123.36,3.38,0,1,3,4.42,0,220
167,2019,2,23,1353,47.04,123.38,3.38,0,1,3,4.42,0,220
168,2019,2,23,1353,47.04,123.40,3.38,0,2,5,6.46,0,220
169,2019,2,23,1353,47.04,123.42,3.38,0,2,5,4.58,0,220
170,2019,2,23,1353,47.04,123.44,3.38,0,2,5,4.58,0,220
171,2019,2,23,1353,47.04,123.46,3.38,0,2,5,12.54,0,220
172,2019,2,23,1353,47.04,123.48,3.38,0,2,5,12.62,0,220
173,2019,2,23,1353,47.04,123.50,3.38,0,2,5,12.62,0,220
174,2019,2,23,1353,47.04,123.54,3.38,0,2,5,5.24,0,220
175,2019,2,23,1353,47.04,123.56,3.38,0,2,5,10.56,0,220
176,2019,2,23,1353,47.04,123.58,3.38,0,2,5,10.56,0,220
177,2019,2,23,1353,47.04,123.60,3.38,0,2,5,3.60,0,220
178,2019,2,23,1353,47.02,123.36,3.38,0,2,5,1.54,0,220
179,2019,2,23,1353,47.02,123.38,3.38,0,1,3,4.42,0,220
180,2019,2,23,1353,47.02,123.40,3.38,0,2,5,6.46,0,220
181,2019,2,23,1353,47.02,123.42,3.38,0,2,5,4.58,0,220
182,2019,2,23,1353,47.02,123.44,3.38,0,2,5,4.58,0,220
183,2019,2,23,1353,47.02,123.46,3.38,0,2,5,12.54,0,220
184,2019,2,23,1353,47.02,123.48,3.38,0,2,5,12.62,0,220
185,2019,2,23,1353,47.02,123.50,3.38,0,2,5,12.62,0,220
186,2019,2,23,1353,47.02,123.54,3.38,0,2,5,5.24,0,220
187,2019,2,23,1353,47.02,123.56,3.38,0,2,5,5.24,0,220
188,2019,2,23,1353,47.02,123.58,3.38,0,2,5,10.56,0,220
189,2019,2,23,1353,47.02,123.60,3.38,0,2,5,3.60,0,220
190,2019,2,23,1353,47.02,123.62,3.38,0,2,5,3.60,0,220
191,2019,2,23,1353,47.00,123.38,3.38,0,2,5,1.54,0,220
192,2019,2,23,1353,47.00,123.40,3.38,0,2,3,.52,0,220
193,2019,2,23,1353,47.00,123.42,3.38,0,2,3,.52,0,220
194,2019,2,23,1353,47.00,123.46,3.38,0,2,5,6.23,0,220
195,2019,2,23,1353,47.00,123.48,3.38,0,2,5,6.23,0,220
196,2019,2,23,1353,47.00,123.50,3.38,0,2,5,7.52,0,220
197,2019,2,23,1353,47.00,123.52,3.38,0,2,5,15.42,0,220
198,2019,2,23,1353,47.00,123.54,3.38,0,2,5,15.42,0,220
199,2019,2,23,1353,47.00,123.56,3.38,0,2,5,33.50,0,220
200,2019,2,23,1353,47.00,123.58,3.38,0,2,5,33.34,0,220
201,2019,2,23,1353,47.00,123.60,3.38,0,2,5,33.34,0,220
202,2019,2,23,1353,47.00,123.62,3.38,0,2,5,10.81,0,220
203,2019,2,23,1353,46.98,123.44,3.38,0,2,3,.67,0,220
204,2019,2,23,1353,46.98,123.46,3.38,0,2,3,.67,0,220
205,2019,2,23,1353,46.98,123.50,3.38,0,2,5,12.86,0,220
206,2019,2,23,1353,46.98,123.52,3.38,0,2,5,12.86,0,220
207,2019,2,23,1353,46.98,123.54,3.38,0,2,5,15.42,0,220
208,2019,2,23,1353,46.98,123.56,3.38,0,2,5,33.42,0,220
209,2019,2,23,1353,46.98,123.58,3.38,0,2,5,33.42,0,220
210,2019,2,23,1353,46.98,123.60,3.38,0,2,5,33.34,0,220
211,2019,2,23,1353,46.98,123.62,3.38,0,2,5,10.81,0,220
212,2019,2,23,1353,46.98,123.64,3.38,0,2,5,10.80,0,220
213,2019,2,23,1353,46.98,124.86,3.38,0,2,3,1.26,0,213
214,2019,2,23,1353,46.98,126.40,3.38,0,2,5,4.44,0,214
215,2019,2,23,1353,46.96,123.46,3.38,0,2,3,.67,0,220
216,2019,2,23,1353,46.96,123.52,3.38,0,2,5,12.86,0,220
217,2019,2,23,1353,46.96,123.54,3.38,0,2,5,38.89,0,220
218,2019,2,23,1353,46.96,123.56,3.38,0,2,5,45.73,0,220
219,2019,2,23,1353,46.96,123.58,3.38,0,2,5,45.73,0,220
220,2019,2,23,1353,46.96,123.60,3.38,0,2,5,48.40,0,220
221,2019,2,23,1353,46.96,123.62,3.38,0,2,5,19.24,0,220
222,2019,2,23,1353,46.96,123.64,3.38,0,2,5,19.24,0,220
223,2019,2,23,1353,46.96,124.86,3.38,0,2,3,1.26,0,213
224,2019,2,23,1353,46.96,124.88,3.38,0,2,3,1.26,0,213
225,2019,2,23,1353,46.96,126.40,3.38,0,2,5,4.44,0,214
226,2019,2,23,1353,46.96,126.42,3.38,0,2,5,4.44,0,214
227,2019,2,23,1353,46.94,123.52,3.38,0,2,5,22.40,0,220
228,2019,2,23,1353,46.94,123.54,3.38,0,2,5,39.97,0,220
229,2019,2,23,1353,46.94,123.56,3.38,0,2,5,39.97,0,220
230,2019,2,23,1353,46.94,123.58,3.38,0,2,5,39.54,0,220
231,2019,2,23,1353,46.94,123.60,3.38,0,2,5,47.16,0,220
232,2019,2,23,1353,46.94,123.62,3.38,0,2,5,47.16,0,220
233,2019,2,23,1353,46.94,123.64,3.38,0,2,5,33.70,0,220
234,2019,2,23,1353,46.94,124.90,3.38,0,2,3,.63,0,234
235,2019,2,23,1353,46.94,126.42,3.38,0,2,5,1.46,0,214
236,2019,2,23,1353,46.92,123.52,3.39,0,2,5,22.40,0,220
237,2019,2,23,1353,46.92,123.54,3.39,0,2,5,22.40,0,220
238,2019,2,23,1353,46.92,123.56,3.39,0,2,5,39.97,0,220
239,2019,2,23,1353,46.92,123.58,3.39,0,2,5,39.54,0,220
240,2019,2,23,1353,46.92,123.60,3.39,0,2,5,39.54,0,220
241,2019,2,23,1353,46.92,123.62,3.39,0,2,5,47.16,0,220
242,2019,2,23,1353,46.92,123.64,3.39,0,2,5,33.70,0,220
243,2019,2,23,1353,46.92,123.66,3.39,0,2,5,33.70,0,220
244,2019,2,23,1353,46.92,124.90,3.39,0,2,3,.63,0,234
245,2019,2,23,1353,46.92,124.92,3.39,0,2,3,.63,0,234
246,2019,2,23,1353,46.90,123.50,3.39,0,2,5,8.09,0,220
247,2019,2,23,1353,46.90,123.52,3.39,0,2,5,8.09,0,220
248,2019,2,23,1353,46.90,123.54,3.39,0,2,5,19.10,0,220
249,2019,2,23,1353,46.90,123.56,3.39,0,2,5,23.04,0,220
250,2019,2,23,1353,46.90,123.58,3.39,0,2,5,23.04,0,220
251,2019,2,23,1353,46.90,123.60,3.39,0,2,5,27.47,0,220
252,2019,2,23,1353,46.90,123.62,3.39,0,2,5,34.56,0,220
253,2019,2,23,1353,46.90,123.64,3.39,0,2,5,34.56,0,220
254,2019,2,23,1353,46.90,123.66,3.39,0,2,5,19.79,0,220
255,2019,2,23,1353,46.88,123.52,3.39,0,2,5,6.14,0,220
256,2019,2,23,1353,46.88,123.54,3.39,0,2,5,2.58,0,220
257,2019,2,23,1353,46.88,123.60,3.39,0,2,5,27.39,0,220
258,2019,2,23,1353,46.88,123.62,3.39,0,2,5,34.56,0,220
259,2019,2,23,1353,46.88,123.64,3.39,0,2,5,34.56,0,220
260,2019,2,23,1353,46.88,123.66,3.39,0,2,5,19.79,0,220
261,2019,2,23,1353,46.86,123.04,3.39,0,1,5,16.48,0,261
262,2019,2,23,1353,46.86,123.06,3.39,0,1,5,16.48,0,261
263,2019,2,23,1353,46.86,123.08,3.39,0,2,5,6.14,0,261
264,2019,2,23,1353,46.86,123.10,3.39,0,2,5,2.69,0,261
265,2019,2,23,1353,46.86,123.12,3.39,0,2,5,2.69,0,261
266,2019,2,23,1353,46.86,123.14,3.39,0,2,1,3.33,0,261
267,2019,2,23,1353,46.86,123.16,3.39,0,2,5,2.12,0,261
268,2019,2,23,1353,46.86,123.18,3.39,0,2,5,2.12,0,261
269,2019,2,23,1353,46.86,123.52,3.39,0,2,5,6.14,0,220
270,2019,2,23,1353,46.86,123.54,3.39,0,2,5,2.58,0,220
271,2019,2,23,1353,46.86,123.56,3.39,0,2,5,2.58,0,220
272,2019,2,23,1353,46.86,123.60,3.39,0,2,5,11.96,0,220
273,2019,2,23,1353,46.86,123.62,3.39,0,2,5,11.96,0,220
274,2019,2,23,1353,46.86,123.64,3.39,0,2,5,13.88,0,220
275,2019,2,23,1353,46.86,123.66,3.39,0,2,5,2.87,0,220
276,2019,2,23,1353,46.86,123.68,3.39,0,2,5,2.87,0,220
277,2019,2,23,1353,46.86,127.16,3.39,0,2,3,1.96,0,277
278,2019,2,23,1353,46.84,123.06,3.39,0,1,5,16.48,0,261
279,2019,2,23,1353,46.84,123.08,3.39,0,2,5,6.14,0,261
280,2019,2,23,1353,46.84,123.10,3.39,0,2,5,6.14,0,261
281,2019,2,23,1353,46.84,123.12,3.39,0,2,5,2.69,0,261
282,2019,2,23,1353,46.84,123.14,3.39,0,2,1,3.33,0,261
283,2019,2,23,1353,46.84,123.16,3.39,0,2,1,3.33,0,261
284,2019,2,23,1353,46.84,123.18,3.39,0,2,5,2.12,0,261
285,2019,2,23,1353,46.84,123.62,3.39,0,2,5,8.31,0,220
286,2019,2,23,1353,46.84,123.64,3.39,0,2,5,6.25,0,220
287,2019,2,23,1353,46.84,123.66,3.39,0,2,5,6.25,0,220
288,2019,2,23,1353,46.84,127.16,3.39,0,2,3,1.96,0,277
289,2019,2,23,1353,46.82,123.06,3.39,0,2,5,3.09,0,261
290,2019,2,23,1353,46.82,123.08,3.39,0,2,5,3.67,0,261
291,2019,2,23,1353,46.82,123.10,3.39,0,2,5,3.67,0,261
292,2019,2,23,1353,46.82,123.12,3.39,0,1,5,7.72,0,261
293,2019,2,23,1353,46.82,123.14,3.39,0,2,5,4.70,0,261
294,2019,2,23,1353,46.82,123.16,3.39,0,2,5,4.70,0,261
295,2019,2,23,1353,46.82,123.18,3.39,0,2,5,3.42,0,261
296,2019,2,23,1353,46.82,123.62,3.39,0,2,5,8.31,0,220
297,2019,2,23,1353,46.82,123.64,3.39,0,2,5,8.31,0,220
298,2019,2,23,1353,46.82,123.66,3.39,0,2,3,6.25,0,220
299,2019,2,23,1353,46.80,123.16,3.39,0,2,3,1.40,0,261
300,2019,2,23,1353,46.78,122.96,3.39,0,2,3,2.89,0,300
301,2019,2,23,1353,46.78,123.16,3.39,0,2,3,1.40,0,261
302,2019,2,23,1353,46.78,123.18,3.39,0,2,3,1.40,0,261
303,2019,2,23,1353,46.76,122.60,3.40,0,2,5,1.97,0,303
304,2019,2,23,1353,46.76,122.62,3.40,0,2,5,1.97,0,303
305,2019,2,23,1353,46.76,122.64,3.40,0,2,3,1.05,0,303
306,2019,2,23,1353,46.76,122.96,3.40,0,2,3,2.89,0,300
307,2019,2,23,1353,46.76,122.98,3.40,0,2,3,2.89,0,300
308,2019,2,23,1353,46.74,122.62,3.40,0,2,5,1.97,0,303
309,2019,2,23,1353,46.74,122.64,3.40,0,2,3,1.05,0,303
310,2019,2,23,1353,46.74,122.66,3.40,0,2,3,1.05,0,303
311,2019,2,23,1353,46.66,122.50,3.40,0,2,5,3.85,0,311
312,2019,2,23,1353,46.66,122.52,3.40,0,2,5,3.85,0,311
313,2019,2,23,1353,46.64,122.52,3.40,0,2,3,3.85,0,311
314,2019,2,23,1353,46.60,123.12,3.41,0,2,5,7.64,0,371
315,2019,2,23,1353,46.60,123.14,3.41,0,2,5,9.87,0,371
316,2019,2,23,1353,46.60,123.16,3.41,0,2,5,9.87,0,371
317,2019,2,23,1353,46.60,123.18,3.41,0,2,5,5.50,0,371
318,2019,2,23,1353,46.58,122.06,3.41,0,2,3,.81,0,318
319,2019,2,23,1353,46.58,123.06,3.41,0,2,5,7.78,0,371
320,2019,2,23,1353,46.58,123.08,3.41,0,2,5,7.78,0,371
321,2019,2,23,1353,46.58,123.10,3.41,0,2,5,15.52,0,371
322,2019,2,23,1353,46.58,123.12,3.41,0,2,5,7.64,0,371
323,2019,2,23,1353,46.58,123.14,3.41,0,2,5,7.64,0,371
324,2019,2,23,1353,46.58,123.16,3.41,0,2,5,9.86,0,371
325,2019,2,23,1353,46.58,123.18,3.41,0,2,5,5.39,0,371
326,2019,2,23,1353,46.56,123.06,3.41,0,2,5,7.78,0,371
327,2019,2,23,1353,46.56,123.08,3.41,0,2,5,7.78,0,371
328,2019,2,23,1353,46.56,123.10,3.41,0,2,5,15.52,0,371
329,2019,2,23,1353,46.56,123.12,3.41,0,2,5,14.31,0,371
330,2019,2,23,1353,46.56,123.14,3.41,0,2,5,14.31,0,371
331,2019,2,23,1353,46.56,123.16,3.41,0,2,5,10.78,0,371
332,2019,2,23,1353,46.56,123.18,3.41,0,2,5,13.72,0,371
333,2019,2,23,1353,46.56,123.20,3.41,0,2,5,13.72,0,371
334,2019,2,23,1353,46.56,123.22,3.41,0,2,3,3.74,0,371
335,2019,2,23,1353,46.54,123.04,3.41,0,2,5,7.94,0,371
336,2019,2,23,1353,46.54,123.06,3.41,0,2,5,7.94,0,371
337,2019,2,23,1353,46.54,123.08,3.41,0,2,5,26.34,0,371
338,2019,2,23,1353,46.54,123.10,3.41,0,2,5,35.75,0,371
339,2019,2,23,1353,46.54,123.12,3.41,0,2,5,35.67,0,371
340,2019,2,23,1353,46.54,123.14,3.41,0,2,5,28.92,0,371
341,2019,2,23,1353,46.54,123.16,3.41,0,2,5,15.35,0,371
342,2019,2,23,1353,46.54,123.18,3.41,0,2,5,15.35,0,371
343,2019,2,23,1353,46.54,123.20,3.41,0,2,5,4.67,0,371
344,2019,2,23,1353,46.52,123.06,3.41,0,2,5,7.94,0,371
345,2019,2,23,1353,46.52,123.08,3.41,0,2,5,26.33,0,371
346,2019,2,23,1353,46.52,123.10,3.41,0,2,5,26.33,0,371
347,2019,2,23,1353,46.52,123.12,3.41,0,2,5,35.67,0,371
348,2019,2,23,1353,46.52,123.14,3.41,0,2,5,28.92,0,371
349,2019,2,23,1353,46.52,123.16,3.41,0,2,5,28.92,0,371
350,2019,2,23,1353,46.52,123.18,3.41,0,2,5,15.35,0,371
351,2019,2,23,1353,46.52,123.20,3.41,0,2,5,4.65,0,371
352,2019,2,23,1353,46.52,123.22,3.41,0,2,5,4.65,0,371
353,2019,2,23,1353,46.52,123.68,3.41,0,2,3,2.82,0,354
354,2019,2,23,1353,46.52,123.70,3.41,0,2,3,6.52,0,354
355,2019,2,23,1353,46.52,126.52,3.41,0,2,5,3.28,0,355
356,2019,2,23,1353,46.50,123.06,3.41,0,2,5,10.92,0,371
357,2019,2,23,1353,46.50,123.08,3.41,0,2,5,10.92,0,371
358,2019,2,23,1353,46.50,123.10,3.41,0,2,5,22.09,0,371
359,2019,2,23,1353,46.50,123.12,3.41,0,2,5,17.18,0,371
360,2019,2,23,1353,46.50,123.14,3.41,0,2,5,17.18,0,371
361,2019,2,23,1353,46.50,123.16,3.41,0,2,5,17.66,0,371
362,2019,2,23,1353,46.50,123.18,3.41,0,2,5,10.73,0,371
363,2019,2,23,1353,46.50,123.20,3.41,0,2,3,3.21,0,371
364,2019,2,23,1353,46.50,123.22,3.41,0,2,3,3.21,0,371
365,2019,2,23,1353,46.50,123.68,3.41,0,2,3,2.82,0,354
366,2019,2,23,1353,46.50,123.70,3.41,0,2,3,6.52,0,354
367,2019,2,23,1353,46.50,123.72,3.41,0,2,3,6.52,0,354
368,2019,2,23,1353,46.48,122.98,3.41,0,2,5,10.73,0,371
369,2019,2,23,1353,46.48,123.00,3.41,0,2,5,10.73,0,371
370,2019,2,23,1353,46.48,123.02,3.41,0,2,5,34.02,0,371
371,2019,2,23,1353,46.48,123.04,3.41,0,2,5,40.92,0,371
372,2019,2,23,1353,46.48,123.06,3.41,0,2,5,40.91,0,371
373,2019,2,23,1353,46.48,123.08,3.41,0,2,5,17.70,0,371
374,2019,2,23,1353,46.48,123.10,3.41,0,2,5,12.02,0,371
375,2019,2,23,1353,46.48,123.12,3.41,0,2,5,9.09,0,371
376,2019,2,23,1353,46.48,123.14,3.41,0,2,5,9.09,0,371
377,2019,2,23,1353,46.48,123.16,3.41,0,2,5,7.72,0,371
378,2019,2,23,1353,46.48,123.18,3.41,0,2,5,3.83,0,371
379,2019,2,23,1353,46.48,123.20,3.41,0,2,5,10.73,0,371
380,2019,2,23,1353,46.48,123.22,3.41,0,2,3,3.21,0,371
381,2019,2,23,1353,46.46,123.00,3.41,0,2,5,10.73,0,371
382,2019,2,23,1353,46.46,123.02,3.41,0,2,5,34.02,0,371
383,2019,2,23,1353,46.46,123.04,3.41,0,2,5,40.91,0,371
384,2019,2,23,1353,46.46,123.06,3.41,0,2,5,40.91,0,371
385,2019,2,23,1353,46.46,123.08,3.41,0,2,5,17.70,0,371
386,2019,2,23,1353,46.46,123.10,3.41,0,2,5,12.02,0,371
387,2019,2,23,1353,46.46,123.12,3.41,0,2,5,12.02,0,371
388,2019,2,23,1353,46.46,123.14,3.41,0,2,5,9.09,0,371
389,2019,2,23,1353,46.46,123.16,3.41,0,2,5,7.72,0,371
390,2019,2,23,1353,46.46,123.18,3.41,0,2,5,7.72,0,371
391,2019,2,23,1353,46.46,123.20,3.41,0,2,5,3.83,0,371
392,2019,2,23,1353,46.44,123.00,3.42,0,2,5,23.87,0,371
393,2019,2,23,1353,46.44,123.02,3.42,0,2,5,40.39,0,371
394,2019,2,23,1353,46.44,123.04,3.42,0,2,5,40.39,0,371
395,2019,2,23,1353,46.44,123.06,3.42,0,2,5,33.54,0,371
396,2019,2,23,1353,46.44,123.08,3.42,0,2,5,16.95,0,371
397,2019,2,23,1353,46.44,123.10,3.42,0,2,5,16.95,0,371
398,2019,2,23,1353,46.44,123.12,3.42,0,2,5,28.38,0,371
399,2019,2,23,1353,46.44,123.14,3.42,0,2,5,40.13,0,371
400,2019,2,23,1353,46.44,123.16,3.42,0,2,5,40.13,0,371
401,2019,2,23,1353,46.44,123.18,3.42,0,2,5,16.95,0,371
402,2019,2,23,1353,46.42,123.00,3.42,0,2,5,9.16,0,371
403,2019,2,23,1353,46.42,123.02,3.42,0,2,5,9.16,0,371
404,2019,2,23,1353,46.42,123.04,3.42,0,2,5,12.08,0,371
405,2019,2,23,1353,46.42,123.06,3.42,0,2,5,12.85,0,371
406,2019,2,23,1353,46.42,123.08,3.42,0,2,5,12.85,0,371
407,2019,2,23,1353,46.42,123.10,3.42,0,2,5,6.21,0,371
408,2019,2,23,1353,46.42,123.12,3.42,0,2,5,28.37,0,371
409,2019,2,23,1353,46.42,123.14,3.42,0,2,5,28.31,0,371
410,2019,2,23,1353,46.42,123.16,3.42,0,2,5,40.13,0,371
411,2019,2,23,1353,46.42,123.18,3.42,0,2,5,16.95,0,371
412,2019,2,23,1353,46.42,123.20,3.42,0,2,5,16.95,0,371
413,2019,2,23,1353,46.42,123.68,3.42,0,2,3,5.05,0,417
414,2019,2,23,1353,46.42,123.70,3.42,0,2,3,4.14,0,417
415,2019,2,23,1353,46.42,123.72,3.42,0,2,3,4.14,0,417
416,2019,2,23,1353,46.42,123.74,3.42,0,2,3,5.21,0,417
417,2019,2,23,1353,46.42,123.76,3.42,0,2,5,14.84,0,417
418,2019,2,23,1353,46.42,123.78,3.42,0,2,5,14.84,0,417
419,2019,2,23,1353,46.42,123.80,3.42,0,2,5,11.19,0,417
420,2019,2,23,1353,46.40,123.02,3.42,0,2,5,9.16,0,371
421,2019,2,23,1353,46.40,123.04,3.42,0,2,5,12.08,0,371
422,2019,2,23,1353,46.40,123.06,3.42,0,2,5,12.08,0,371
423,2019,2,23,1353,46.40,123.08,3.42,0,2,5,12.85,0,371
424,2019,2,23,1353,46.40,123.10,3.42,0,2,5,6.21,0,371
425,2019,2,23,1353,46.40,123.12,3.42,0,2,5,5.56,0,371
426,2019,2,23,1353,46.40,123.14,3.42,0,2,5,5.56,0,371
427,2019,2,23,1353,46.40,123.16,3.42,0,2,5,6.10,0,371
428,2019,2,23,1353,46.40,123.18,3.42,0,2,3,2.23,0,371
429,2019,2,23,1353,46.40,123.20,3.42,0,2,3,2.23,0,371
430,2019,2,23,1353,46.40,123.68,3.42,0,2,3,5.05,0,417
431,2019,2,23,1353,46.40,123.70,3.42,0,2,3,5.05,0,417
432,2019,2,23,1353,46.40,123.72,3.42,0,2,3,4.13,0,417
433,2019,2,23,1353,46.40,123.74,3.42,0,2,3,5.21,0,417
434,2019,2,23,1353,46.40,123.76,3.42,0,2,3,5.21,0,417
435,2019,2,23,1353,46.40,123.78,3.42,0,2,5,14.84,0,417
436,2019,2,23,1353,46.40,123.80,3.42,0,2,5,11.19,0,417
437,2019,2,23,1353,46.40,123.82,3.42,0,2,5,11.19,0,417
438,2019,2,23,1353,46.40,126.82,3.42,0,2,1,.75,0,438
439,2019,2,23,1353,46.38,123.04,3.42,0,2,5,9.11,0,371
440,2019,2,23,1353,46.38,123.06,3.42,0,2,5,9.11,0,371
441,2019,2,23,1353,46.38,123.08,3.42,0,2,5,13.67,0,371
442,2019,2,23,1353,46.38,123.10,3.42,0,2,5,4.05,0,371
443,2019,2,23,1353,46.38,123.12,3.42,0,2,5,4.05,0,371
444,2019,2,23,1353,46.38,123.22,3.42,0,2,5,3.43,0,486
445,2019,2,23,1353,46.38,123.24,3.42,0,2,5,3.43,0,486
446,2019,2,23,1353,46.38,123.26,3.42,0,2,3,2.53,0,486
447,2019,2,23,1353,46.38,123.70,3.42,0,2,3,5.45,0,417
448,2019,2,23,1353,46.36,122.82,3.42,0,2,3,1.54,0,470
449,2019,2,23,1353,46.36,122.84,3.42,0,2,3,1.54,0,470
450,2019,2,23,1353,46.36,123.06,3.42,0,2,5,9.11,0,371
451,2019,2,23,1353,46.36,123.08,3.42,0,2,5,13.67,0,371
452,2019,2,23,1353,46.36,123.10,3.42,0,2,5,13.67,0,371
453,2019,2,23,1353,46.36,123.12,3.42,0,2,5,4.05,0,371
454,2019,2,23,1353,46.36,123.24,3.42,0,2,5,3.43,0,486
455,2019,2,23,1353,46.36,123.26,3.42,0,2,3,2.53,0,486
456,2019,2,23,1353,46.36,123.28,3.42,0,2,3,2.53,0,486
457,2019,2,23,1353,46.36,123.32,3.42,0,2,3,2.88,0,486
458,2019,2,23,1353,46.34,122.82,3.42,0,2,3,1.54,0,470
459,2019,2,23,1353,46.34,122.84,3.42,0,2,3,1.54,0,470
460,2019,2,23,1353,46.34,123.06,3.42,0,2,5,2.38,0,371
461,2019,2,23,1353,46.34,123.08,3.42,0,2,5,2.38,0,371
462,2019,2,23,1353,46.34,123.10,3.42,0,2,5,3.51,0,371
463,2019,2,23,1353,46.34,123.22,3.42,0,2,3,.95,0,486
464,2019,2,23,1353,46.34,123.24,3.42,0,2,3,1.62,0,486
465,2019,2,23,1353,46.34,123.26,3.42,0,2,3,3.19,0,486
466,2019,2,23,1353,46.34,123.28,3.42,0,2,3,3.19,0,486
467,2019,2,23,1353,46.34,123.30,3.42,0,2,3,3.76,0,486
468,2019,2,23,1353,46.34,123.32,3.42,0,2,3,3.36,0,486
469,2019,2,23,1353,46.34,123.34,3.42,0,2,3,3.36,0,486
470,2019,2,23,1353,46.32,122.80,3.42,0,2,3,1.80,0,470
471,2019,2,23,1353,46.32,122.82,3.42,0,2,3,1.80,0,470
472,2019,2,23,1353,46.32,122.84,3.42,0,2,3,1.77,0,470
473,2019,2,23,1353,46.32,123.22,3.42,0,2,3,.95,0,486
474,2019,2,23,1353,46.32,123.24,3.42,0,2,3,1.62,0,486
475,2019,2,23,1353,46.32,123.26,3.42,0,2,3,1.62,0,486
476,2019,2,23,1353,46.32,123.28,3.42,0,2,3,3.19,0,486
477,2019,2,23,1353,46.32,123.30,3.42,0,2,3,3.76,0,486
478,2019,2,23,1353,46.32,123.32,3.42,0,2,3,3.76,0,486
479,2019,2,23,1353,46.32,123.34,3.42,0,2,3,3.36,0,486
480,2019,2,23,1353,46.30,123.22,3.42,0,2,3,1.19,0,486
481,2019,2,23,1353,46.30,123.24,3.42,0,2,3,1.19,0,486
482,2019,2,23,1353,46.30,123.32,3.42,0,2,5,6.66,0,486
483,2019,2,23,1353,46.30,123.34,3.42,0,2,3,3.49,0,486
484,2019,2,23,1353,46.30,123.36,3.42,0,2,3,3.49,0,486
485,2019,2,23,1353,46.28,123.30,3.43,0,2,3,3.61,0,486
486,2019,2,23,1353,46.28,123.32,3.43,0,2,5,11.63,0,486
487,2019,2,23,1353,46.28,123.34,3.43,0,2,5,9.02,0,486
488,2019,2,23,1353,46.28,123.36,3.43,0,2,5,9.02,0,486
489,2019,2,23,1353,46.26,123.30,3.43,0,2,3,3.61,0,486
490,2019,2,23,1353,46.26,123.32,3.43,0,2,5,11.61,0,486
491,2019,2,23,1353,46.26,123.34,3.43,0,2,5,11.61,0,486
492,2019,2,23,1353,46.26,123.36,3.43,0,2,5,9.02,0,486
493,2019,2,23,1353,46.26,126.58,3.43,0,2,5,3.53,0,493
494,2019,2,23,1353,46.26,126.60,3.43,0,2,5,3.53,0,493
495,2019,2,23,1353,46.24,123.34,3.43,0,2,3,4.96,0,486
496,2019,2,23,1353,46.24,123.36,3.43,0,2,3,4.24,0,486
497,2019,2,23,1353,46.24,123.38,3.43,0,2,3,4.24,0,486
498,2019,2,23,1353,46.24,126.60,3.43,0,2,3,1.65,0,493
499,2019,2,23,1353,46.22,123.34,3.43,0,2,3,4.96,0,486
500,2019,2,23,1353,46.22,123.36,3.43,0,2,3,4.96,0,486
501,2019,2,23,1353,46.22,123.38,3.43,0,2,3,4.24,0,486
502,2019,2,23,1353,46.22,126.60,3.43,0,2,3,1.65,0,493
503,2019,2,23,1353,46.20,126.50,3.43,0,2,3,1.81,0,503
504,2019,2,23,1353,46.14,124.10,3.43,0,2,3,2.80,0,504
505,2019,2,23,1353,46.06,126.08,3.44,0,2,3,2.72,0,505
506,2019,2,23,1353,46.04,126.08,3.44,0,2,3,2.72,0,505
507,2019,2,23,1353,46.04,126.10,3.44,0,2,3,2.72,0,505
508,2019,2,23,1353,45.98,129.68,3.44,0,2,3,6.31,0,511
509,2019,2,23,1353,45.96,129.68,3.45,0,2,3,6.31,0,511
510,2019,2,23,1353,45.96,129.70,3.45,0,2,3,6.31,0,511
511,2019,2,23,1353,45.96,129.72,3.45,0,2,3,7.52,0,511
512,2019,2,23,1353,44.06,132.34,3.56,0,2,5,5.01,0,512
513,2019,2,23,1353,44.04,132.34,3.56,0,2,5,5.01,0,512
514,2019,2,23,1353,43.88,125.86,3.57,0,2,3,1.54,0,514
515,2019,2,23,1353,43.88,131.96,3.57,0,2,3,2.80,0,515
516,2019,2,23,1353,43.88,131.98,3.57,0,2,3,2.80,0,515
517,2019,2,23,1353,43.76,135.36,3.58,0,2,5,7.20,0,517
518,2019,2,23,1353,43.74,132.02,3.58,0,2,3,1.58,0,518
519,2019,2,23,1353,43.74,135.34,3.58,0,2,3,3.13,0,517
520,2019,2,23,1353,43.74,135.36,3.58,0,2,5,5.80,0,517
521,2019,2,23,1353,43.72,132.02,3.58,0,2,3,1.58,0,518
522,2019,2,23,1353,43.72,135.34,3.58,0,2,3,3.13,0,517
523,2019,2,23,1353,43.72,135.36,3.58,0,2,3,5.80,0,517
524,2019,2,23,1353,43.62,128.22,3.59,0,2,5,2.83,0,526
525,2019,2,23,1353,43.62,128.24,3.59,0,2,5,2.83,0,526
526,2019,2,23,1353,43.62,128.26,3.59,0,2,5,2.99,0,526
527,2019,2,23,1353,43.56,123.48,3.59,0,2,5,2.97,0,527
528,2019,2,23,1353,43.56,123.50,3.59,0,2,3,1.98,0,527
529,2019,2,23,1353,43.50,131.76,3.60,0,2,5,7.03,0,529
530,2019,2,23,1353,43.50,131.78,3.60,0,2,5,7.03,0,529
531,2019,2,23,1353,43.48,131.76,3.60,0,2,5,7.03,0,529
532,2019,2,23,1353,43.48,131.78,3.60,0,2,5,7.03,0,529
533,2019,2,23,1353,43.46,131.78,3.60,0,2,5,5.50,0,529
534,2019,2,23,1353,43.36,132.50,3.60,0,2,5,7.19,0,535
535,2019,2,23,1353,43.36,132.52,3.60,0,2,5,8.96,0,535
536,2019,2,23,1353,43.34,132.50,3.60,0,2,3,2.07,0,535
537,2019,2,23,1353,43.34,132.52,3.60,0,2,3,2.59,0,535
538,2019,2,23,1353,43.34,132.54,3.60,0,2,3,2.59,0,535
539,2019,2,23,1353,43.32,132.50,3.61,0,2,3,2.07,0,535
540,2019,2,23,1353,43.32,132.52,3.61,0,2,3,2.59,0,535
541,2019,2,23,1353,43.32,132.54,3.61,0,2,3,2.59,0,535
542,2019,2,23,1353,42.92,130.34,3.63,0,2,3,2.76,0,542
543,2019,2,23,1353,42.90,130.34,3.63,0,2,3,2.76,0,542
544,2019,2,23,1353,42.90,130.36,3.63,0,2,3,2.76,0,542
545,2019,2,23,1353,42.36,122.94,3.66,0,2,1,1.14,0,545
546,2019,2,23,1353,42.08,123.62,3.68,0,2,3,.81,0,546
547,2019,2,23,1353,42.08,123.64,3.68,0,2,1,.81,0,546
548,2019,2,23,1353,42.06,123.36,3.68,0,2,3,.94,0,548
549,2019,2,23,1353,41.62,123.50,3.71,0,2,3,1.67,0,549
550,2019,2,23,1353,41.60,123.50,3.71,0,2,3,1.51,0,549
551,2019,2,23,1353,41.60,123.52,3.71,0,2,3,1.51,0,549
552,2019,2,23,1353,41.58,123.52,3.71,0,2,3,1.51,0,549
553,2019,2,23,1353,41.28,123.72,3.72,0,2,1,2.10,0,553
554,2019,2,23,1353,41.26,123.72,3.73,0,2,1,2.10,0,553
555,2019,2,23,1353,41.26,123.74,3.73,0,2,1,1.48,0,553
556,2019,2,23,1353,41.16,123.00,3.73,0,2,1,1.81,0,556
557,2019,2,23,1353,41.14,122.98,3.73,0,2,1,3.76,0,557
558,2019,2,23,1353,41.12,122.98,3.73,0,2,1,3.76,0,557
559,2019,2,23,1353,41.12,123.00,3.73,0,2,1,3.76,0,557
560,2019,2,23,1353,41.02,121.90,3.74,0,2,3,1.33,0,560
561,2019,2,23,1353,41.00,121.90,3.74,0,2,3,1.33,0,560
562,2019,2,23,1353,41.00,121.92,3.74,0,2,3,1.33,0,560
563,2019,2,23,1353,40.94,121.84,3.74,0,2,3,.93,0,565
564,2019,2,23,1353,40.94,121.86,3.74,0,2,3,.93,0,565
565,2019,2,23,1353,40.94,121.88,3.74,0,2,1,.96,0,565
566,2019,2,23,1353,40.92,121.86,3.75,0,2,3,.93,0,565
567,2019,2,23,1353,40.54,141.50,3.77,0,2,1,3.94,0,567
568,2019,2,23,1353,40.48,115.32,3.77,0,2,3,1.52,0,568
569,2019,2,23,1353,40.42,113.16,3.77,0,2,1,1.63,0,569
570,2019,2,23,1353,39.96,118.54,3.80,0,2,1,2.24,0,570
571,2019,2,23,1353,39.68,118.88,3.81,0,1,1,7.15,0,571
572,2019,2,23,1353,39.68,118.90,3.81,0,1,1,7.15,0,571
573,2019,2,23,1353,39.66,118.42,3.82,0,1,1,3.01,0,573
574,2019,2,23,1353,39.66,118.90,3.82,0,1,1,7.15,0,571
575,2019,2,23,1353,39.60,117.94,3.82,0,2,1,1.06,0,575
576,2019,2,23,1353,39.54,116.68,3.82,0,2,1,1.84,0,576
577,2019,2,23,1353,39.52,116.68,3.82,0,2,1,1.53,0,576
578,2019,2,23,1353,39.52,116.70,3.82,0,2,1,1.53,0,576
579,2019,2,23,1353,39.50,116.70,3.82,0,2,1,1.53,0,576
580,2019,2,23,1353,39.50,118.68,3.82,0,2,1,1.38,0,580
581,2019,2,23,1353,39.48,118.68,3.83,0,2,1,1.38,0,580
582,2019,2,23,1353,39.44,118.46,3.83,0,2,1,1.12,0,582
583,2019,2,23,1353,39.34,115.88,3.83,0,2,1,.88,0,583
584,2019,2,23,1353,39.32,117.72,3.83,0,2,5,3.21,0,584
585,2019,2,23,1353,39.32,117.74,3.83,0,2,5,3.21,0,584
586,2019,2,23,1353,39.14,116.02,3.84,0,2,3,1.15,0,586
587,2019,2,23,1353,38.58,116.80,3.87,0,2,3,1.54,0,587
588,2019,2,23,1353,38.56,116.80,3.88,0,2,3,1.54,0,587
589,2019,2,23,1353,38.56,116.82,3.88,0,2,3,1.54,0,587
590,2019,2,23,1353,38.50,114.98,3.88,0,2,1,1.33,0,590
591,2019,2,23,1353,38.44,115.82,3.88,0,2,3,1.18,0,591
592,2019,2,23,1353,38.44,115.84,3.88,0,2,3,1.18,0,591
593,2019,2,23,1353,38.42,115.84,3.88,0,2,1,1.18,0,591
594,2019,2,23,1353,38.38,117.32,3.89,0,2,3,1.39,0,594
595,2019,2,23,1353,38.36,117.32,3.89,0,2,3,.96,0,594
596,2019,2,23,1353,38.24,115.50,3.89,0,1,1,2.02,0,596
597,2019,2,23,1353,38.20,106.62,3.90,0,2,1,2.47,0,597
598,2019,2,23,1353,38.20,106.64,3.90,0,2,3,1.12,0,597
599,2019,2,23,1353,38.20,106.66,3.90,0,2,1,1.12,0,597
600,2019,2,23,1353,38.18,116.12,3.90,0,2,1,1.88,0,600
601,2019,2,23,1353,37.94,112.52,3.91,0,2,1,1.17,0,601
602,2019,2,23,1353,37.92,115.20,3.91,0,2,1,.76,0,602
603,2019,2,23,1353,37.80,115.88,3.92,0,2,3,1.20,0,603
604,2019,2,23,1353,37.76,117.60,3.92,0,2,3,1.23,0,604
605,2019,2,23,1353,37.76,117.62,3.92,0,2,3,1.23,0,604
606,2019,2,23,1353,37.52,117.96,3.93,0,3,3,.72,0,606
607,2019,2,23,1353,37.50,117.98,3.93,0,3,1,.65,0,607
608,2019,2,23,1353,37.38,117.98,3.94,0,2,1,1.40,0,608
609,2019,2,23,1353,37.02,118.50,3.96,0,2,3,.81,0,611
610,2019,2,23,1353,37.02,118.52,3.96,0,2,3,.81,0,611
611,2019,2,23,1353,37.00,118.52,3.96,0,1,3,2.64,0,611
612,2019,2,23,1353,36.98,120.70,3.96,0,2,3,1.11,0,612
613,2019,2,23,1353,36.74,114.10,3.97,0,2,1,1.31,0,613
614,2019,2,23,1353,36.72,119.12,3.97,0,2,3,1.55,0,614
615,2019,2,23,1353,36.72,119.14,3.97,0,2,3,1.55,0,614
616,2019,2,23,1353,36.70,119.14,3.97,0,2,3,1.55,0,614
617,2019,2,23,1353,36.46,113.10,3.99,0,2,1,1.11,0,617
618,2019,2,23,1353,36.46,115.96,3.99,0,2,1,.90,0,618
619,2019,2,23,1353,36.46,115.98,3.99,0,2,1,.85,0,618
620,2019,2,23,1353,36.44,119.20,3.99,0,2,3,1.17,0,620
621,2019,2,23,1353,36.42,119.20,3.99,0,2,3,1.07,0,620
622,2019,2,23,1353,36.38,119.76,3.99,0,2,1,.83,0,622
623,2019,2,23,1353,36.12,114.28,4.00,0,1,1,3.38,0,623
624,2019,2,23,1353,36.12,114.36,4.00,0,2,1,.97,0,624
625,2019,2,23,1353,36.10,114.30,4.00,0,1,1,2.83,0,625
626,2019,2,23,1353,36.10,114.38,4.00,0,2,3,.96,0,626
627,2019,2,23,1353,36.10,117.82,4.00,0,2,1,2.65,0,627
628,2019,2,23,1353,36.08,117.82,4.01,0,2,1,2.65,0,627
629,2019,2,23,1353,36.08,117.84,4.01,0,2,1,2.65,0,627
630,2019,2,23,1353,36.00,129.38,4.01,0,2,1,3.47,0,630
631,2019,2,23,1353,36.00,129.40,4.01,0,2,1,3.47,0,630
632,2019,2,23,1353,35.94,140.66,4.01,0,2,1,2.54,0,632
633,2019,2,23,1353,35.80,116.08,4.02,0,2,3,1.71,0,633
634,2019,2,23,1353,35.70,111.42,4.03,0,2,1,1.19,0,634
635,2019,2,23,1353,35.68,111.44,4.03,0,2,1,1.16,0,635
636,2019,2,23,1353,35.56,140.10,4.03,0,2,1,2.48,0,636
637,2019,2,23,1353,35.42,111.28,4.04,0,2,1,1.02,0,637
638,2019,2,23,1353,35.20,118.78,4.05,0,1,3,3.70,0,638
639,2019,2,23,1353,35.20,118.80,4.05,0,1,3,3.70,0,638
640,2019,2,23,1353,34.80,114.30,4.07,0,2,1,.91,0,640
641,2019,2,23,1353,34.80,114.32,4.07,0,2,1,.91,0,640
642,2019,2,23,1353,34.78,114.32,4.07,0,2,1,.91,0,640
643,2019,2,23,1353,34.46,133.44,4.09,0,2,1,3.03,0,643
644,2019,2,23,1353,34.44,115.62,4.09,0,2,1,.89,0,644
645,2019,2,23,1353,34.42,115.64,4.09,0,2,1,.84,0,647
646,2019,2,23,1353,34.42,119.84,4.09,0,2,1,4.86,0,646
647,2019,2,23,1353,34.40,115.64,4.09,0,2,1,1.07,0,647
648,2019,2,23,1353,34.40,119.84,4.09,0,2,1,4.86,0,646
649,2019,2,23,1353,34.38,119.84,4.09,0,2,1,2.01,0,646
650,2019,2,23,1353,34.24,132.52,4.10,0,2,1,1.73,0,650
651,2019,2,23,1353,34.20,132.52,4.10,0,2,1,2.87,0,651
652,2019,2,23,1353,34.20,132.54,4.10,0,2,1,2.87,0,651
653,2019,2,23,1353,33.74,114.88,4.12,0,2,1,1.09,0,653
654,2019,2,23,1353,33.08,114.18,4.15,0,2,3,1.67,0,654
655,2019,2,23,1353,33.08,114.20,4.15,0,2,3,1.67,0,654
656,2019,2,23,1353,33.06,114.20,4.15,0,2,3,1.67,0,654
657,2019,2,23,1353,33.06,114.22,4.15,0,2,1,1.31,0,654
658,2019,2,23,1353,32.48,114.02,4.18,0,2,1,2.10,0,658
659,2019,2,23,1353,32.48,114.04,4.18,0,2,1,2.10,0,658
660,2019,2,23,1353,32.24,119.62,4.19,0,2,1,3.20,0,660
661,2019,2,23,1353,32.20,118.72,4.19,0,2,1,1.22,0,661
662,2019,2,23,1353,31.70,120.08,4.22,0,1,1,6.82,0,662
663,2019,2,23,1353,25.26,92.84,4.48,0,3,3,1.53,0,664
664,2019,2,23,1353,25.26,92.86,4.48,0,3,3,1.53,0,664
665,2019,2,23,1353,23.92,111.92,4.53,0,2,3,1.87,0,666
666,2019,2,23,1353,23.92,111.94,4.53,0,2,3,2.09,0,666
667,2019,2,23,1353,23.92,111.96,4.53,0,2,1,2.09,0,666
668,2019,2,23,1353,23.78,86.34,4.54,0,2,1,5.81,0,670
669,2019,2,23,1353,23.78,86.36,4.54,0,2,1,5.81,0,670
670,2019,2,23,1353,23.78,86.38,4.54,0,2,1,5.82,0,670
671,2019,2,23,1353,23.76,86.36,4.54,0,2,1,5.20,0,670
672,2019,2,23,1353,23.76,86.38,4.54,0,2,1,5.20,0,670
673,2019,2,23,1353,23.76,86.40,4.54,0,2,1,5.20,0,670
674,2019,2,23,1353,23.54,114.22,4.54,0,2,3,1.08,0,674
675,2019,2,23,1353,23.54,114.24,4.54,0,2,3,1.08,0,674
676,2019,2,23,1353,23.48,101.06,4.55,0,2,1,2.02,0,676
677,2019,2,23,1353,23.46,99.66,4.55,0,2,3,2.24,0,677
678,2019,2,23,1353,23.38,100.54,4.55,0,2,3,1.60,0,678
679,2019,2,23,1353,23.34,99.38,4.55,0,2,3,3.56,0,679
680,2019,2,23,1353,23.32,99.38,4.55,0,2,3,3.56,0,679
681,2019,2,23,1353,23.32,99.40,4.55,0,2,3,3.56,0,679
682,2019,2,23,1353,23.24,99.52,4.55,0,1,1,6.52,0,682
683,2019,2,23,1353,23.20,112.00,4.56,0,2,3,1.62,0,683
684,2019,2,23,1353,22.28,96.66,4.59,0,2,1,2.55,0,685
685,2019,2,23,1353,22.28,96.68,4.59,0,2,3,5.18,0,685
686,2019,2,23,1353,22.28,96.70,4.59,0,2,3,5.18,0,685
687,2019,2,23,1353,22.28,102.84,4.59,0,2,3,1.91,0,687
688,2019,2,23,1353,22.28,102.86,4.59,0,2,3,1.91,0,687
689,2019,2,23,1353,22.26,96.70,4.59,0,2,3,5.18,0,685
690,2019,2,23,1353,22.18,93.88,4.59,0,2,3,2.35,0,691
691,2019,2,23,1353,22.18,93.90,4.59,0,2,3,2.35,0,691
692,2019,2,23,1353,22.04,103.62,4.59,0,2,5,5.17,0,692
693,2019,2,23,1353,22.04,103.64,4.59,0,2,5,5.17,0,692
694,2019,2,23,1353,22.02,103.64,4.60,0,2,5,5.17,0,692
695,2019,2,23,1353,21.96,99.60,4.60,0,2,3,2.36,0,697
696,2019,2,23,1353,21.96,99.62,4.60,0,2,3,2.36,0,697
697,2019,2,23,1353,21.94,99.62,4.60,0,2,5,5.93,0,697
698,2019,2,23,1353,21.90,102.46,4.60,0,2,3,3.71,0,698
699,2019,2,23,1353,21.88,102.46,4.60,0,2,3,1.94,0,698
700,2019,2,23,1353,21.30,100.38,4.62,0,2,3,5.96,0,700
701,2019,2,23,1353,21.30,100.40,4.62,0,2,3,5.96,0,700
702,2019,2,23,1353,21.28,100.40,4.62,0,2,3,3.18,0,700
703,2019,2,23,1353,21.10,100.50,4.62,0,2,3,2.61,0,704
704,2019,2,23,1353,21.10,100.52,4.62,0,2,3,4.30,0,704
705,2019,2,23,1353,21.10,100.54,4.62,0,2,3,4.30,0,704
706,2019,2,23,1353,20.86,101.08,4.63,0,2,3,1.96,0,707
707,2019,2,23,1353,20.86,101.10,4.63,0,2,3,2.99,0,707
708,2019,2,23,1353,20.86,101.12,4.63,0,2,3,2.99,0,707
709,2019,2,23,1353,20.84,103.54,4.63,0,2,3,1.63,0,709
710,2019,2,23,1353,20.72,103.56,4.64,0,2,3,2.16,0,710
711,2019,2,23,1353,20.72,103.58,4.64,0,2,3,1.21,0,710
712,2019,2,23,1353,20.60,97.20,4.64,0,2,3,3.30,0,712
713,2019,2,23,1353,20.60,97.22,4.64,0,2,3,3.30,0,712
714,2019,2,23,1353,20.52,97.80,4.64,0,2,3,10.74,0,714
715,2019,2,23,1353,20.52,97.82,4.64,0,2,3,10.74,0,714
716,2019,2,23,1353,20.38,98.00,4.65,0,2,3,4.07,0,716
717,2019,2,23,1353,20.36,103.78,4.65,0,2,5,9.47,0,717
718,2019,2,23,1353,20.36,103.80,4.65,0,2,5,9.47,0,717
719,2019,2,23,1353,20.34,103.78,4.65,0,2,1,2.43,0,717
720,2019,2,23,1353,20.34,103.80,4.65,0,2,5,7.04,0,717
721,2019,2,23,1353,20.24,99.38,4.65,0,2,5,11.78,0,721
722,2019,2,23,1353,20.24,99.40,4.65,0,2,5,11.78,0,721
723,2019,2,23,1353,20.24,99.42,4.65,0,2,5,5.09,0,721
724,2019,2,23,1353,20.24,103.30,4.65,0,2,3,3.22,0,724
725,2019,2,23,1353,20.24,103.32,4.65,0,2,5,3.22,0,724
726,2019,2,23,1353,20.24,103.46,4.65,0,2,3,2.83,0,726
727,2019,2,23,1353,20.22,103.48,4.65,0,2,3,2.85,0,727
728,2019,2,23,1353,19.98,103.50,4.66,0,2,3,3.23,0,729
729,2019,2,23,1353,19.98,103.52,4.66,0,2,3,3.97,0,729
730,2019,2,23,1353,19.98,103.54,4.66,0,2,3,3.97,0,729
731,2019,2,23,1353,19.96,103.50,4.66,0,2,1,2.54,0,729
732,2019,2,23,1353,19.96,103.52,4.66,0,2,3,2.54,0,729
733,2019,2,23,1353,19.96,103.54,4.66,0,3,3,2.27,0,729
734,2019,2,23,1353,19.90,97.66,4.66,0,2,3,3.49,0,734
735,2019,2,23,1353,19.90,97.68,4.66,0,2,3,3.49,0,734
736,2019,2,23,1353,19.46,96.34,4.67,0,2,1,4.58,0,738
737,2019,2,23,1353,19.44,96.32,4.67,0,2,3,8.78,0,738
738,2019,2,23,1353,19.44,96.34,4.67,0,2,5,9.91,0,738
739,2019,2,23,1353,19.44,96.36,4.67,0,2,5,9.91,0,738
740,2019,2,23,1353,19.28,98.20,4.68,0,2,5,5.02,0,740
741,2019,2,23,1353,19.12,95.42,4.68,0,2,5,4.29,0,741
742,2019,2,23,1353,18.70,98.76,4.69,0,2,3,2.09,0,742
743,2019,2,23,1353,18.64,97.50,4.70,0,2,3,3.23,0,743
744,2019,2,23,1353,18.62,95.54,4.70,0,2,3,4.03,0,744
745,2019,2,23,1353,18.28,100.80,4.71,0,2,3,2.67,0,745
746,2019,2,23,1353,18.28,100.82,4.71,0,2,3,2.67,0,745
747,2019,2,23,1353,17.72,98.72,4.72,0,2,3,2.92,0,747
748,2019,2,23,1353,17.30,102.10,4.73,0,2,3,2.99,0,748
749,2019,2,23,1353,17.30,102.12,4.73,0,2,3,2.99,0,748
750,2019,2,23,1353,17.30,102.14,4.73,0,3,3,1.75,0,748
751,2019,2,23,1353,17.08,101.92,4.74,0,2,3,2.43,0,751
752,2019,2,23,1353,16.98,102.92,4.74,0,2,5,8.90,0,752
753,2019,2,23,1353,16.94,120.72,4.74,0,2,3,7.64,0,755
754,2019,2,23,1353,16.92,120.70,4.74,0,2,3,5.83,0,755
755,2019,2,23,1353,16.92,120.72,4.74,0,2,1,12.10,0,755
756,2019,2,23,1353,16.70,102.08,4.75,0,2,3,3.66,0,756
757,2019,2,23,1353,16.70,102.10,4.75,0,2,3,3.65,0,756
758,2019,2,23,1353,16.70,102.12,4.75,0,2,3,3.29,0,756
759,2019,2,23,1353,16.58,102.32,4.75,0,2,5,5.74,0,759
760,2019,2,23,1353,16.46,98.96,4.75,0,2,3,3.30,0,760
761,2019,2,23,1353,16.46,98.98,4.75,0,2,3,3.30,0,760
762,2019,2,23,1353,16.40,102.24,4.75,0,1,3,10.21,0,762
763,2019,2,23,1353,16.38,102.24,4.76,0,2,3,4.46,0,762
764,2019,2,23,1353,16.22,102.06,4.76,0,2,3,2.94,0,764
765,2019,2,23,1353,16.14,104.92,4.76,0,2,3,5.05,0,765
766,2019,2,23,1353,16.12,102.58,4.76,0,2,3,4.18,0,766
767,2019,2,23,1353,16.12,104.96,4.76,0,3,5,3.01,0,767
768,2019,2,23,1353,16.02,101.50,4.76,0,2,3,2.59,0,768
769,2019,2,23,1353,16.02,101.52,4.76,0,2,1,2.59,0,768
770,2019,2,23,1353,16.00,101.58,4.76,0,2,3,5.64,0,770
771,2019,2,23,1353,16.00,101.60,4.76,0,2,3,3.99,0,770
772,2019,2,23,1353,15.90,100.96,4.77,0,2,1,6.47,0,777
773,2019,2,23,1353,15.90,100.98,4.77,0,2,3,5.85,0,777
774,2019,2,23,1353,15.90,101.00,4.77,0,2,3,5.85,0,777
775,2019,2,23,1353,15.88,100.96,4.77,0,2,3,6.74,0,777
776,2019,2,23,1353,15.88,100.98,4.77,0,2,3,6.74,0,777
777,2019,2,23,1353,15.88,101.00,4.77,0,2,5,8.03,0,777
778,2019,2,23,1353,15.80,100.88,4.77,0,2,5,7.69,0,778
779,2019,2,23,1353,15.60,106.66,4.77,0,2,3,2.66,0,779
780,2019,2,23,1353,15.58,99.50,4.77,0,2,5,8.24,0,780
781,2019,2,23,1353,15.58,99.52,4.77,0,2,5,8.24,0,780
782,2019,2,23,1353,15.58,100.94,4.77,0,2,5,13.20,0,787
783,2019,2,23,1353,15.58,100.96,4.77,0,1,3,18.39,0,787
784,2019,2,23,1353,15.58,100.98,4.77,0,1,3,18.39,0,787
785,2019,2,23,1353,15.56,99.52,4.77,0,2,5,7.14,0,780
786,2019,2,23,1353,15.56,100.94,4.77,0,2,5,31.38,0,787
787,2019,2,23,1353,15.56,100.96,4.77,0,1,5,59.90,0,787
788,2019,2,23,1353,15.56,100.98,4.77,0,1,5,59.90,0,787
789,2019,2,23,1353,15.40,101.54,4.78,0,2,5,5.52,0,789
790,2019,2,23,1353,15.40,101.56,4.78,0,2,5,5.52,0,789
791,2019,2,23,1353,15.34,101.68,4.78,0,2,3,3.39,0,792
792,2019,2,23,1353,15.32,101.68,4.78,0,2,3,3.68,0,792
793,2019,2,23,1353,15.30,105.90,4.78,0,2,1,1.94,0,795
794,2019,2,23,1353,15.28,99.72,4.78,0,2,1,1.65,0,796
795,2019,2,23,1353,15.28,105.90,4.78,0,2,3,4.13,0,795
796,2019,2,23,1353,15.26,99.72,4.78,0,2,5,3.93,0,796
797,2019,2,23,1353,15.26,101.06,4.78,0,2,3,2.57,0,797
798,2019,2,23,1353,15.22,99.70,4.78,0,2,3,3.52,0,798
799,2019,2,23,1353,15.16,100.78,4.78,0,2,3,2.55,0,799
800,2019,2,23,1353,15.16,102.98,4.78,0,2,5,5.20,0,800
801,2019,2,23,1353,15.16,103.00,4.78,0,2,3,3.81,0,800
802,2019,2,23,1353,15.14,102.98,4.78,0,2,3,3.21,0,800
803,2019,2,23,1353,15.04,101.66,4.79,0,2,5,4.55,0,803
804,2019,2,23,1353,15.04,101.68,4.79,0,2,5,4.55,0,803
805,2019,2,23,1353,15.02,101.68,4.79,0,2,3,4.26,0,803
806,2019,2,23,1353,14.78,99.66,4.79,0,2,3,3.15,0,806
807,2019,2,23,1353,14.78,99.68,4.79,0,3,3,2.63,0,806
808,2019,2,23,1353,14.78,99.70,4.79,0,3,1,2.63,0,806
809,2019,2,23,1353,14.78,99.86,4.79,0,3,5,6.82,0,810
810,2019,2,23,1353,14.78,99.88,4.79,0,2,5,6.85,0,810
811,2019,2,23,1353,14.78,99.90,4.79,0,2,5,6.85,0,810
812,2019,2,23,1353,14.72,102.76,4.79,0,2,3,3.89,0,812
813,2019,2,23,1353,14.70,102.78,4.79,0,2,5,10.03,0,813
814,2019,2,23,1353,14.70,102.80,4.79,0,2,3,5.13,0,813
815,2019,2,23,1353,14.68,101.18,4.79,0,2,5,8.86,0,815
816,2019,2,23,1353,14.68,101.20,4.79,0,2,5,8.86,0,815
817,2019,2,23,1353,14.68,101.22,4.79,0,2,3,6.50,0,815
818,2019,2,23,1353,14.66,101.18,4.80,0,2,3,8.52,0,815
819,2019,2,23,1353,14.66,101.20,4.80,0,2,3,8.52,0,815
820,2019,2,23,1353,14.64,99.34,4.80,0,2,3,3.97,0,820
821,2019,2,23,1353,14.64,99.36,4.80,0,2,3,3.97,0,820
822,2019,2,23,1353,14.64,99.38,4.80,0,2,1,2.49,0,820
823,2019,2,23,1353,14.60,99.48,4.80,0,2,3,3.23,0,823
824,2019,2,23,1353,14.60,99.54,4.80,0,2,3,3.17,0,824
825,2019,2,23,1353,14.58,99.48,4.80,0,3,3,2.50,0,823
826,2019,2,23,1353,14.48,99.76,4.80,0,2,5,6.00,0,826
827,2019,2,23,1353,14.48,99.78,4.80,0,2,5,6.00,0,826
828,2019,2,23,1353,14.48,99.80,4.80,0,2,5,5.33,0,826
829,2019,2,23,1353,14.26,99.88,4.80,0,2,3,3.94,0,829
830,2019,2,23,1353,14.26,99.90,4.80,0,2,3,3.94,0,829
831,2019,2,23,1353,14.24,99.72,4.80,0,3,5,7.41,0,831
832,2019,2,23,1353,14.24,99.74,4.80,0,2,5,7.28,0,831
833,2019,2,23,1353,14.24,99.76,4.80,0,2,5,7.28,0,831
834,2019,2,23,1353,14.20,108.08,4.81,0,2,3,5.15,0,836
835,2019,2,23,1353,14.20,108.10,4.81,0,2,3,5.15,0,836
836,2019,2,23,1353,14.20,108.12,4.81,0,2,5,8.01,0,836
837,2019,2,23,1353,14.20,108.14,4.81,0,2,3,2.98,0,836
838,2019,2,23,1353,14.18,108.08,4.81,0,2,1,3.93,0,836
839,2019,2,23,1353,14.18,108.10,4.81,0,2,3,3.93,0,836
840,2019,2,23,1353,14.18,108.12,4.81,0,2,5,6.36,0,836
841,2019,2,23,1353,14.16,98.36,4.81,0,2,3,3.35,0,841
842,2019,2,23,1353,14.16,98.38,4.81,0,2,3,3.35,0,841
843,2019,2,23,1353,14.14,98.42,4.81,0,2,3,2.58,0,843
844,2019,2,23,1353,14.04,107.40,4.81,0,2,3,2.92,0,844
845,2019,2,23,1353,14.04,107.42,4.81,0,2,3,2.92,0,844
846,2019,2,23,1353,13.92,122.20,4.81,0,1,1,9.59,0,846
847,2019,2,23,1353,13.82,107.32,4.81,0,2,3,3.15,0,847
848,2019,2,23,1353,13.82,107.34,4.81,0,2,3,3.15,0,847
849,2019,2,23,1353,13.80,106.68,4.81,0,2,3,5.79,0,849
850,2019,2,23,1353,13.80,106.70,4.81,0,2,3,5.79,0,849
851,2019,2,23,1353,13.78,105.70,4.81,0,2,3,3.00,0,851
852,2019,2,23,1353,13.78,106.70,4.81,0,2,3,3.93,0,849
853,2019,2,23,1353,13.72,99.22,4.82,0,2,1,2.13,0,853
854,2019,2,23,1353,13.72,99.24,4.82,0,2,1,2.13,0,853
855,2019,2,23,1353,13.60,105.80,4.82,0,2,5,5.56,0,856
856,2019,2,23,1353,13.58,105.80,4.82,0,2,5,6.95,0,856
857,2019,2,23,1353,13.58,105.82,4.82,0,2,5,6.95,0,856
858,2019,2,23,1353,13.34,105.84,4.82,0,2,3,6.06,0,858
859,2019,2,23,1353,13.32,105.84,4.82,0,2,3,2.75,0,858
860,2019,2,23,1353,13.30,101.36,4.82,0,2,5,17.29,0,860
861,2019,2,23,1353,13.30,101.38,4.82,0,2,5,17.29,0,860
862,2019,2,23,1353,13.30,101.40,4.82,0,2,5,12.39,0,860
863,2019,2,23,1353,13.28,101.36,4.82,0,2,5,11.93,0,860
864,2019,2,23,1353,13.28,101.38,4.82,0,2,5,11.93,0,860
865,2019,2,23,1353,13.28,101.40,4.82,0,2,5,8.81,0,860
866,2019,2,23,1353,13.14,108.90,4.83,0,2,5,8.35,0,866
867,2019,2,23,1353,13.14,108.92,4.83,0,2,5,8.35,0,866
868,2019,2,23,1353,13.12,108.92,4.83,0,2,3,2.50,0,866
869,2019,2,23,1353,13.08,108.88,4.83,0,2,3,3.66,0,870
870,2019,2,23,1353,13.08,108.90,4.83,0,2,5,5.90,0,870
871,2019,2,23,1353,12.94,105.90,4.83,0,2,3,3.18,0,871
872,2019,2,23,1353,12.94,105.92,4.83,0,2,3,3.18,0,871
873,2019,2,23,1353,12.54,108.26,4.84,0,2,3,2.67,0,873
874,2019,2,23,1353,12.54,108.28,4.84,0,2,3,2.67,0,873
875,2019,2,23,1353,12.54,108.30,4.84,0,2,3,1.72,0,873
876,2019,2,23,1353,12.26,108.06,4.84,0,1,1,8.00,0,876
877,2019,2,23,1353,12.24,108.06,4.84,0,1,3,7.89,0,876
878,2019,2,23,1353,11.72,106.20,4.85,0,2,3,3.00,0,878
879,2019,2,23,1353,11.72,106.22,4.85,0,2,3,3.00,0,878
880,2019,2,23,1353,11.48,106.08,4.86,0,2,3,2.87,0,880
881,2019,2,23,1353,11.46,125.12,4.86,0,1,3,5.22,0,881
882,2019,2,23,1353,1.74,101.58,4.95,0,2,1,11.90,0,882
883,2019,2,23,1353,1.46,104.24,4.95,0,2,3,5.24,0,883
884,2019,2,23,1353,.72,102.84,4.96,0,2,3,8.66,0,886
885,2019,2,23,1353,.70,102.84,4.96,0,2,5,13.47,0,886
886,2019,2,23,1353,.70,102.86,4.96,0,2,3,14.15,0,886
887,2019,2,23,1353,.10,117.46,4.96,0,3,3,2.60,0,887
888,2019,2,23,1358,-1.18,119.86,4.96,0,1,3,10.34,0,888
889,2019,2,23,1358,-16.36,132.88,4.76,0,2,5,5.06,0,889
890,2019,2,23,1358,-16.36,132.90,4.76,0,2,3,4.30,0,889
891,2019,2,23,1358,-16.60,137.54,4.75,0,2,3,2.45,0,891
892,2019,2,23,1358,-19.46,128.62,4.67,0,1,1,8.08,0,892
893,2019,2,23,1358,-20.02,129.82,4.66,0,2,3,2.22,0,893
894,2019,2,23,1358,-20.44,147.06,4.64,0,2,3,.90,0,896
895,2019,2,23,1358,-20.44,147.08,4.64,0,1,3,1.60,0,895
896,2019,2,23,1358,-20.46,147.06,4.64,0,1,3,2.08,0,896
897,2019,2,23,1358,-20.88,127.22,4.63,0,1,1,5.75,0,897
898,2019,2,23,1358,-21.24,128.90,4.62,0,1,1,10.83,0,898
899,2019,2,23,1358,-21.30,126.84,4.62,0,2,3,2.81,0,900
900,2019,2,23,1358,-21.30,126.86,4.62,0,2,5,4.00,0,900
901,2019,2,23,1358,-21.38,124.94,4.62,0,1,1,9.65,0,901
902,2019,2,23,1358,-21.38,125.00,4.62,0,1,3,10.81,0,902
903,2019,2,23,1358,-21.38,125.02,4.62,0,1,1,9.17,0,902
904,2019,2,23,1358,-21.40,124.64,4.61,0,1,3,9.62,0,905
905,2019,2,23,1358,-21.42,124.60,4.61,0,1,3,13.78,0,905
906,2019,2,23,1358,-21.42,124.62,4.61,0,1,3,11.88,0,905
907,2019,2,23,1358,-21.42,124.64,4.61,0,1,3,11.88,0,905
908,2019,2,23,1358,-21.48,124.38,4.61,0,1,3,9.49,0,908
909,2019,2,23,1358,-21.58,132.44,4.61,0,1,1,7.96,0,910
910,2019,2,23,1358,-21.58,132.46,4.61,0,1,1,14.36,0,910
911,2019,2,23,1358,-21.60,132.50,4.61,0,2,1,4.76,0,911
912,2019,2,23,1358,-21.68,127.00,4.61,0,2,3,1.59,0,915
913,2019,2,23,1358,-21.70,114.98,4.61,0,2,1,13.46,0,913
914,2019,2,23,1358,-21.70,115.00,4.61,0,3,1,11.34,0,913
915,2019,2,23,1358,-21.70,127.00,4.61,0,2,3,2.04,0,915
916,2019,2,23,1358,-21.76,133.36,4.60,0,1,1,4.63,0,917
917,2019,2,23,1358,-21.78,133.36,4.60,0,1,3,5.44,0,917
918,2019,2,23,1358,-21.80,133.38,4.60,0,1,3,5.35,0,918
919,2019,2,23,1358,-21.92,141.24,4.60,0,1,3,10.18,0,919
920,2019,2,23,1358,-22.00,122.82,4.60,0,1,3,14.49,0,921
921,2019,2,23,1358,-22.02,122.82,4.60,0,1,3,20.88,0,921
922,2019,2,23,1358,-22.02,122.86,4.60,0,1,3,14.11,0,922
923,2019,2,23,1358,-22.08,122.94,4.59,0,1,3,8.72,0,923
924,2019,2,23,1358,-22.10,122.94,4.59,0,1,3,6.34,0,923
925,2019,2,23,1358,-22.28,117.66,4.59,0,1,1,33.40,0,925
926,2019,2,23,1358,-22.58,128.32,4.58,0,1,1,12.29,0,926
927,2019,2,23,1358,-22.76,131.48,4.57,0,1,1,5.53,0,927
928,2019,2,23,1358,-22.96,117.08,4.56,0,1,3,41.01,0,928
929,2019,2,23,1358,-23.08,119.68,4.56,0,2,3,36.26,0,929
930,2019,2,23,1358,-23.08,119.70,4.56,0,2,3,36.26,0,929
931,2019,2,23,1358,-23.10,119.72,4.56,0,2,3,40.03,0,931
932,2019,2,23,1358,-23.10,119.74,4.56,0,2,3,40.03,0,931
933,2019,2,23,1358,-23.38,129.44,4.55,0,2,3,2.99,0,933
934,2019,2,23,1358,-24.44,130.22,4.51,0,1,1,5.76,0,934
935,2019,2,23,1358,-24.72,148.26,4.50,0,2,3,8.86,0,939
936,2019,2,23,1358,-24.72,148.28,4.50,0,2,3,5.02,0,939
937,2019,2,23,1358,-24.74,148.26,4.50,0,2,5,13.16,0,939
938,2019,2,23,1358,-24.74,148.28,4.50,0,2,5,9.98,0,939
939,2019,2,23,1358,-24.76,148.26,4.50,0,2,5,13.57,0,939
940,2019,2,23,1358,-24.76,148.28,4.50,0,2,5,9.96,0,939
941,2019,2,23,1358,-24.78,148.26,4.50,0,2,3,6.07,0,939
942,2019,2,23,1358,-24.84,148.90,4.50,0,2,3,3.60,0,942
943,2019,2,23,1358,-24.84,148.92,4.50,0,2,1,2.70,0,942
944,2019,2,23,1358,-24.86,131.00,4.50,0,1,1,9.15,0,945
945,2019,2,23,1358,-24.88,131.00,4.50,0,1,3,9.69,0,945
946,2019,2,23,1358,-24.88,131.02,4.50,0,2,3,4.00,0,945
947,2019,2,23,1358,-24.94,148.22,4.49,0,2,3,5.93,0,947
948,2019,2,23,1358,-24.96,148.22,4.49,0,2,3,4.74,0,947
949,2019,2,23,1358,-24.98,118.00,4.49,0,1,3,21.34,0,950
950,2019,2,23,1358,-25.00,118.00,4.49,0,1,3,21.34,0,950
951,2019,2,23,1358,-25.02,148.48,4.49,0,2,1,4.02,0,960
952,2019,2,23,1358,-25.02,148.50,4.49,0,2,3,5.85,0,960
953,2019,2,23,1358,-25.04,148.48,4.49,0,2,1,4.02,0,960
954,2019,2,23,1358,-25.04,148.50,4.49,0,2,3,5.85,0,960
955,2019,2,23,1358,-25.06,148.48,4.49,0,2,3,7.47,0,960
956,2019,2,23,1358,-25.06,148.50,4.49,0,2,5,11.89,0,960
957,2019,2,23,1358,-25.08,132.08,4.49,0,1,1,7.06,0,957
958,2019,2,23,1358,-25.08,132.10,4.49,0,2,1,3.20,0,957
959,2019,2,23,1358,-25.08,148.48,4.49,0,2,3,7.77,0,960
960,2019,2,23,1358,-25.08,148.50,4.49,0,2,5,13.45,0,960
961,2019,2,23,1358,-25.10,148.48,4.49,0,2,3,7.35,0,960
962,2019,2,23,1358,-25.10,148.50,4.49,0,2,3,9.58,0,960
963,2019,2,23,1358,-25.12,148.48,4.49,0,2,3,4.63,0,960
964,2019,2,23,1358,-25.12,148.50,4.49,0,2,3,8.39,0,960
965,2019,2,23,1358,-25.12,148.52,4.49,0,2,3,8.39,0,960
966,2019,2,23,1358,-25.12,149.82,4.49,0,2,1,2.35,0,966
967,2019,2,23,1358,-25.26,149.20,4.48,0,2,3,2.30,0,971
968,2019,2,23,1358,-25.28,149.20,4.48,0,2,1,1.84,0,971
969,2019,2,23,1358,-25.28,149.26,4.48,0,2,1,1.88,0,969
970,2019,2,23,1358,-25.30,149.20,4.48,0,2,3,3.20,0,971
971,2019,2,23,1358,-25.30,149.22,4.48,0,2,3,4.05,0,971
972,2019,2,23,1358,-25.58,134.96,4.47,0,2,3,1.10,0,973
973,2019,2,23,1358,-25.60,134.96,4.47,0,1,1,5.20,0,973
974,2019,2,23,1358,-26.16,127.92,4.45,0,2,1,4.55,0,974
975,2019,2,23,1358,-26.66,127.50,4.43,0,2,3,3.54,0,975
976,2019,2,23,1358,-26.76,123.28,4.43,0,2,3,3.88,0,976
977,2019,2,23,1358,-27.08,123.80,4.41,0,2,5,5.54,0,977
978,2019,2,23,1358,-27.08,123.82,4.41,0,2,1,3.94,0,977
979,2019,2,23,1358,-27.10,123.80,4.41,0,2,1,2.47,0,977
980,2019,2,23,1358,-27.10,123.82,4.41,0,2,1,2.24,0,977
981,2019,2,23,1358,-27.32,129.94,4.40,0,1,3,5.45,0,981
982,2019,2,23,1358,-28.02,138.08,4.38,0,1,1,13.17,0,982
983,2019,2,23,1358,-28.08,138.26,4.37,0,1,1,11.33,0,983
984,2019,2,23,1358,-28.20,125.14,4.37,0,2,3,3.65,0,984
985,2019,2,23,1358,-28.20,125.16,4.37,0,2,3,3.34,0,984
986,2019,2,23,1358,-28.24,125.02,4.37,0,2,5,6.88,0,986
987,2019,2,23,1358,-28.24,125.04,4.37,0,2,5,6.68,0,986
988,2019,2,23,1358,-28.24,125.08,4.37,0,2,3,3.17,0,988
989,2019,2,23,1358,-28.24,125.10,4.37,0,2,5,3.16,0,988
990,2019,2,23,1358,-28.26,125.02,4.37,0,2,3,5.63,0,986
991,2019,2,23,1358,-28.26,125.04,4.37,0,2,3,5.83,0,986
992,2019,2,23,1358,-28.28,125.02,4.36,0,2,3,5.63,0,986
993,2019,2,23,1358,-28.28,125.04,4.36,0,2,3,5.85,0,986
994,2019,2,23,1358,-28.34,125.06,4.36,0,2,3,2.90,0,994
995,2019,2,23,1358,-28.34,125.08,4.36,0,2,3,2.90,0,994
996,2019,2,23,1358,-28.78,124.46,4.34,0,1,3,4.78,0,997
997,2019,2,23,1358,-28.80,124.46,4.34,0,1,1,5.20,0,997
998,2019,2,23,1358,-29.18,131.04,4.33,0,1,3,6.80,0,998
999,2019,2,23,1358,-29.18,131.06,4.33,0,1,1,6.54,0,998
1000,2019,2,23,1358,-29.22,123.84,4.33,0,2,3,18.16,0,1000
1001,2019,2,23,1358,-29.24,123.84,4.33,0,2,3,14.29,0,1000
1002,2019,2,23,1358,-29.40,125.08,4.32,0,2,5,7.02,0,1002
1003,2019,2,23,1358,-29.40,125.10,4.32,0,2,5,5.43,0,1002
1004,2019,2,23,1358,-29.42,125.08,4.32,0,2,1,1.81,0,1002
1005,2019,2,23,1358,-29.48,124.30,4.31,0,2,3,5.03,0,1005
1006,2019,2,23,1358,-29.72,135.56,4.30,0,1,1,12.13,0,1007
1007,2019,2,23,1358,-29.74,135.56,4.30,0,1,1,12.13,0,1007
1008,2019,2,23,1358,-30.10,123.10,4.29,0,2,5,99.57,0,1015
1009,2019,2,23,1358,-30.10,123.12,4.29,0,2,5,217.69,0,1015
1010,2019,2,23,1358,-30.10,123.14,4.29,0,2,5,34.94,0,1015
1011,2019,2,23,1358,-30.10,123.82,4.29,0,2,1,27.53,0,1011
1012,2019,2,23,1358,-30.10,123.84,4.29,0,2,3,26.04,0,1011
1013,2019,2,23,1358,-30.12,123.08,4.29,0,2,5,80.22,0,1015
1014,2019,2,23,1358,-30.12,123.10,4.29,0,2,5,80.22,0,1015
1015,2019,2,23,1358,-30.12,123.12,4.29,0,2,5,237.58,0,1015
1016,2019,2,23,1358,-30.12,123.14,4.29,0,1,5,81.32,0,1015
1017,2019,2,23,1358,-30.12,123.82,4.29,0,2,1,14.51,0,1011
1018,2019,2,23,1358,-30.12,123.84,4.29,0,2,3,22.09,0,1011
1019,2019,2,23,1358,-30.14,123.08,4.29,0,2,3,31.93,0,1015
1020,2019,2,23,1358,-30.14,123.10,4.29,0,2,5,86.15,0,1015
1021,2019,2,23,1358,-30.14,123.88,4.29,0,2,3,12.75,0,1022
1022,2019,2,23,1358,-30.16,123.88,4.29,0,2,5,63.52,0,1022
1023,2019,2,23,1358,-30.16,123.90,4.29,0,2,3,47.75,0,1022
1024,2019,2,23,1358,-30.44,136.84,4.27,0,2,1,4.17,0,1024
1025,2019,2,23,1358,-30.54,123.20,4.27,0,2,5,90.18,0,1038
1026,2019,2,23,1358,-30.54,123.22,4.27,0,2,5,40.98,0,1038
1027,2019,2,23,1358,-30.56,123.20,4.27,0,2,5,90.19,0,1038
1028,2019,2,23,1358,-30.56,123.22,4.27,0,2,5,40.98,0,1038
1029,2019,2,23,1358,-30.56,123.28,4.27,0,2,1,19.39,0,1029
1030,2019,2,23,1358,-30.58,123.20,4.27,0,2,5,85.72,0,1038
1031,2019,2,23,1358,-30.58,123.22,4.27,0,2,5,71.37,0,1038
1032,2019,2,23,1358,-30.58,123.24,4.27,0,2,5,102.10,0,1038
1033,2019,2,23,1358,-30.58,123.26,4.27,0,2,1,24.18,0,1038
1034,2019,2,23,1358,-30.60,123.24,4.27,0,2,5,82.41,0,1038
1035,2019,2,23,1358,-30.60,123.26,4.27,0,2,5,38.95,0,1038
1036,2019,2,23,1358,-30.60,123.28,4.27,0,2,3,57.81,0,1038
1037,2019,2,23,1358,-30.62,123.26,4.27,0,2,5,32.82,0,1038
1038,2019,2,23,1358,-30.62,123.28,4.27,0,2,5,179.81,0,1038
1039,2019,2,23,1358,-30.64,123.28,4.26,0,2,5,93.47,0,1038
1040,2019,2,23,1358,-31.60,146.46,4.22,0,2,5,4.71,0,1043
1041,2019,2,23,1358,-31.60,146.48,4.22,0,2,5,8.71,0,1043
1042,2019,2,23,1358,-31.62,146.46,4.22,0,2,5,4.71,0,1043
1043,2019,2,23,1358,-31.62,146.48,4.22,0,2,5,8.71,0,1043
1044,2019,2,23,1358,-31.64,146.48,4.22,0,2,3,3.77,0,1043
1045,2019,2,23,1358,-32.12,133.58,4.20,0,1,3,9.03,0,1045
1046,2019,2,23,1358,-32.32,120.58,4.19,0,2,3,8.02,0,1048
1047,2019,2,23,1358,-32.34,120.54,4.19,0,2,3,13.49,0,1048
1048,2019,2,23,1358,-32.34,120.56,4.19,0,2,5,21.38,0,1048
1049,2019,2,23,1358,-32.34,120.58,4.19,0,2,5,21.38,0,1048
1050,2019,2,23,1358,-32.50,120.62,4.18,0,2,5,43.51,0,1054
1051,2019,2,23,1358,-32.50,120.64,4.18,0,2,3,15.14,0,1054
1052,2019,2,23,1358,-32.50,120.66,4.18,0,2,3,15.12,0,1054
1053,2019,2,23,1358,-32.52,120.62,4.18,0,2,5,33.06,0,1054
1054,2019,2,23,1358,-32.52,120.64,4.18,0,2,5,60.61,0,1054
1055,2019,2,23,1358,-32.52,120.66,4.18,0,2,5,24.31,0,1054
1056,2019,2,23,1358,-32.54,120.64,4.18,0,2,5,26.45,0,1054
1057,2019,2,23,1358,-32.54,120.66,4.18,0,2,5,27.28,0,1054
1058,2019,2,23,1358,-32.54,120.68,4.18,0,2,5,28.42,0,1054
1059,2019,2,23,1358,-32.56,120.64,4.18,0,2,5,26.46,0,1054
1060,2019,2,23,1358,-32.56,120.66,4.18,0,2,5,27.28,0,1054
1061,2019,2,23,1358,-32.56,120.68,4.18,0,2,5,24.66,0,1054
1062,2019,2,23,1358,-32.56,120.70,4.18,0,2,5,20.51,0,1054
1063,2019,2,23,1358,-32.58,120.64,4.18,0,2,5,22.04,0,1054
1064,2019,2,23,1358,-32.58,120.66,4.18,0,2,5,22.04,0,1054
1065,2019,2,23,1358,-32.58,120.68,4.18,0,2,5,24.66,0,1054
1066,2019,2,23,1358,-32.58,120.70,4.18,0,2,5,20.51,0,1054
1067,2019,2,23,1358,-32.60,120.66,4.18,0,2,3,10.45,0,1054
1068,2019,2,23,1358,-32.60,120.68,4.18,0,2,3,10.45,0,1054
1069,2019,2,23,1358,-32.60,120.70,4.18,0,2,3,12.57,0,1054
1070,2019,2,23,1358,-32.74,136.86,4.17,0,1,1,8.03,0,1070
1071,2019,2,23,1358,-33.96,148.96,4.11,0,1,3,2.73,0,1071
1072,2019,2,23,1358,-34.00,141.22,4.11,0,1,1,10.31,0,1072
1073,2019,2,23,1358,-34.16,138.08,4.10,0,1,1,11.58,0,1073
1074,2019,2,23,1358,-35.00,148.62,4.06,0,2,1,2.15,0,1075
1075,2019,2,23,1358,-35.02,148.62,4.06,0,2,1,2.15,0,1075
1076,2019,2,23,1358,-36.08,148.16,4.01,0,1,3,7.90,0,1077
1077,2019,2,23,1358,-36.10,148.16,4.00,0,2,5,12.73,0,1077
1078,2019,2,23,1358,-36.10,148.18,4.00,0,2,3,4.00,0,1077
1079,2019,2,23,1358,-36.12,148.16,4.00,0,2,3,2.84,0,1077
1080,2019,2,23,1358,-36.74,141.82,3.97,0,1,3,6.29,0,1081
1081,2019,2,23,1358,-36.76,141.82,3.97,0,1,3,6.29,0,1081
1082,2019,2,23,1358,-37.50,143.64,3.93,0,1,1,5.65,0,1082
1083,2019,2,23,1358,-37.72,142.86,3.92,0,1,1,7.40,0,1084
1084,2019,2,23,1358,-37.74,142.86,3.92,0,1,1,7.40,0,1084
1085,2019,2,23,1358,-38.20,143.36,3.90,0,1,3,5.70,0,1088
1086,2019,2,23,1358,-38.22,143.36,3.89,0,2,1,2.77,0,1088
1087,2019,2,23,1358,-38.24,143.36,3.89,0,2,1,2.77,0,1088
1088,2019,2,23,1358,-38.26,143.36,3.89,0,1,1,5.82,0,1088
1089,2019,2,23,1358,-42.20,147.16,3.67,0,1,3,4.62,0,1089
