# 2019  8 13  9 40 UTC  2020  3 21 19  3 UTC
# ID,Year,Month,Day,Time(UTC),Lat,Lon,Area(km^2),Volcano,Level,Reliability,FRP(Wm^-2),QF,Hot(ID)
1,2019,8,13,0939,57.82,161.44,2.64,0,2,1,1.18,0,1
2,2019,8,13,0939,51.36,117.80,3.10,0,2,1,1.44,0,4
3,2019,8,13,0939,51.34,117.80,3.10,0,2,3,1.44,0,4
4,2019,8,13,0939,51.34,117.82,3.10,0,2,1,1.44,0,4
5,2019,8,13,0939,50.48,103.50,3.15,0,3,3,5.03,0,8
6,2019,8,13,0939,50.48,103.52,3.15,0,3,3,5.03,0,8
7,2019,8,13,0939,50.46,103.52,3.16,0,3,3,5.03,0,8
8,2019,8,13,0939,50.46,103.54,3.16,0,3,3,5.03,0,8
9,2019,8,13,0939,37.74,100.74,3.92,0,3,1,2.78,0,10
10,2019,8,13,0939,37.74,100.76,3.92,0,3,3,2.78,0,10
11,2019,8,13,0939,34.14,100.30,4.10,0,3,3,6.04,2,11
12,2019,8,13,0939,32.18,119.92,4.20,0,2,1,2.91,0,12
13,2019,8,13,0939,31.56,105.98,4.22,0,2,1,1.81,0,13
14,2019,8,13,0939,31.26,107.42,4.24,0,2,3,1.86,0,17
15,2019,8,13,0939,31.26,107.44,4.24,0,2,3,1.86,0,17
16,2019,8,13,0939,31.24,107.44,4.24,0,2,1,1.86,0,17
17,2019,8,13,0939,31.22,107.44,4.24,0,2,1,2.62,0,17
18,2019,8,13,0939,31.22,107.46,4.24,0,2,1,2.62,0,17
19,2019,8,13,0939,31.20,107.42,4.24,0,2,1,2.26,0,17
20,2019,8,13,0939,31.20,107.44,4.24,0,2,1,2.26,0,17
21,2019,8,13,0945,31.10,106.54,4.24,0,3,1,1.55,0,21
22,2019,8,13,0945,30.86,106.06,4.25,0,2,1,1.46,0,24
23,2019,8,13,0945,30.86,106.08,4.25,0,2,1,1.46,0,24
24,2019,8,13,0945,30.84,106.08,4.26,0,2,1,1.82,0,24
25,2019,8,13,0945,30.78,105.98,4.26,0,3,1,1.55,0,25
26,2019,8,13,0945,30.78,106.00,4.26,0,3,1,1.55,0,25
27,2019,8,13,0945,30.76,106.00,4.26,0,3,1,1.55,0,25
28,2019,8,13,0945,30.68,107.72,4.26,0,3,3,1.95,0,28
29,2019,8,13,0945,30.68,107.74,4.26,0,3,3,1.95,0,28
30,2019,8,13,0945,30.68,107.76,4.26,0,3,1,1.56,0,28
31,2019,8,13,0945,30.32,107.34,4.28,0,2,1,2.08,0,31
32,2019,8,13,0945,29.64,106.76,4.31,0,2,1,2.38,0,32
33,2019,8,13,0945,29.58,105.74,4.31,0,3,1,1.61,0,33
34,2019,8,13,0945,29.42,105.58,4.32,0,2,1,2.83,0,34
35,2019,8,13,0945,29.42,105.60,4.32,0,2,1,2.83,0,34
36,2019,8,13,0945,29.42,105.62,4.32,0,3,1,1.72,0,34
37,2019,8,13,0945,29.40,105.60,4.32,0,2,1,2.83,0,34
38,2019,8,13,0945,29.40,105.62,4.32,0,3,1,1.72,0,34
39,2019,8,13,0945,29.40,105.64,4.32,0,3,1,1.72,0,34
40,2019,8,13,0945,28.92,105.40,4.34,0,3,1,1.27,0,40
41,2019,8,13,0945,28.18,109.18,4.37,0,2,1,1.58,0,41
42,2019,8,13,0945,27.94,108.22,4.38,0,2,3,2.19,0,42
43,2019,8,13,0945,27.76,109.24,4.39,0,2,3,1.52,0,43
44,2019,8,13,0945,27.74,109.24,4.39,0,2,1,1.38,0,43
45,2019,8,13,0945,27.30,108.98,4.40,0,2,1,1.66,0,45
46,2019,8,13,0945,27.30,109.00,4.40,0,2,1,1.66,0,45
47,2019,8,13,0945,27.22,107.88,4.41,0,3,1,1.63,0,47
48,2019,8,13,0945,26.60,101.62,4.43,0,2,1,6.38,0,50
49,2019,8,13,0945,26.60,101.64,4.43,0,2,1,6.38,0,50
50,2019,8,13,0945,26.58,101.64,4.43,0,2,1,9.14,0,50
51,2019,8,13,0945,25.42,107.88,4.48,0,3,3,1.19,0,51
52,2019,8,13,0945,24.70,108.02,4.50,0,2,3,1.60,0,52
53,2019,8,13,0945,24.70,108.04,4.50,0,2,3,1.60,0,52
54,2019,8,13,0945,24.50,108.62,4.51,0,3,3,1.34,0,55
55,2019,8,13,0945,24.50,108.64,4.51,0,2,3,1.38,0,55
56,2019,8,13,0945,13.50,109.18,4.82,0,2,3,10.42,0,57
57,2019,8,13,0945,13.48,109.18,4.82,0,2,5,17.71,0,57
58,2019,8,13,0945,12.84,108.82,4.83,0,2,1,9.14,0,60
59,2019,8,13,0945,12.82,108.82,4.83,0,2,5,20.63,0,60
60,2019,8,13,0945,12.82,108.84,4.83,0,2,5,23.86,0,60
61,2019,8,13,0945,12.58,108.94,4.84,0,2,5,31.48,0,61
62,2019,8,13,0945,12.58,108.96,4.84,0,2,3,10.69,0,61
63,2019,8,13,0945,10.14,125.52,4.88,0,2,3,3.30,0,63
64,2019,8,13,0945,6.76,116.80,4.92,0,2,3,6.41,0,65
65,2019,8,13,0945,6.74,116.80,4.92,0,2,3,6.93,0,65
66,2019,8,13,0945,4.08,103.34,4.94,0,2,5,10.07,0,66
67,2019,8,13,0945,4.08,103.36,4.94,0,2,5,10.07,0,66
68,2019,8,13,0945,4.06,103.34,4.94,0,2,3,8.48,0,66
69,2019,8,13,0945,4.06,103.36,4.94,0,2,3,8.48,0,66
70,2019,8,13,0945,2.58,100.18,4.95,0,2,3,8.40,0,70
71,2019,8,13,0945,2.52,100.24,4.95,0,1,1,23.88,0,71
72,2019,8,13,0945,2.28,99.58,4.95,0,2,5,28.08,0,72
73,2019,8,13,0945,2.28,99.60,4.95,0,2,5,28.08,0,72
74,2019,8,13,0945,1.98,100.60,4.95,0,2,3,16.63,0,74
75,2019,8,13,0945,1.94,100.64,4.95,0,2,1,25.25,0,78
76,2019,8,13,0945,1.94,100.66,4.95,0,2,1,25.25,0,78
77,2019,8,13,0945,1.92,100.62,4.95,0,2,3,44.19,0,78
78,2019,8,13,0945,1.92,100.64,4.95,0,2,1,51.22,0,78
79,2019,8,13,0945,1.92,100.66,4.95,0,2,1,51.22,0,78
80,2019,8,13,0945,1.12,104.32,4.96,0,2,3,2.83,0,81
81,2019,8,13,0945,1.12,104.34,4.96,0,2,3,3.29,0,81
82,2019,8,13,0945,1.12,104.56,4.96,0,2,3,5.89,0,82
83,2019,8,13,0945,1.12,104.58,4.96,0,2,3,5.89,0,82
84,2019,8,13,0945,1.02,111.94,4.96,0,2,3,11.40,0,84
85,2019,8,13,0945,1.02,111.96,4.96,0,2,3,9.55,0,84
86,2019,8,13,0945,1.02,112.84,4.96,0,2,3,3.29,0,86
87,2019,8,13,0945,.92,102.46,4.96,0,2,3,15.57,0,89
88,2019,8,13,0945,.92,102.48,4.96,0,2,3,15.57,0,89
89,2019,8,13,0945,.92,102.50,4.96,0,1,1,23.21,0,89
90,2019,8,13,0945,.88,113.08,4.96,0,2,3,10.96,0,90
91,2019,8,13,0945,.80,111.74,4.96,0,2,3,10.37,0,91
92,2019,8,13,0945,.74,111.76,4.96,0,2,3,13.53,0,97
93,2019,8,13,0945,.74,111.78,4.96,0,2,3,6.94,0,97
94,2019,8,13,0945,.74,111.80,4.96,0,2,3,6.94,0,97
95,2019,8,13,0945,.72,111.54,4.96,0,2,3,15.86,0,95
96,2019,8,13,0945,.72,111.56,4.96,0,2,3,11.41,0,95
97,2019,8,13,0945,.72,111.76,4.96,0,2,5,67.62,0,97
98,2019,8,13,0945,.72,111.78,4.96,0,2,5,35.75,0,97
99,2019,8,13,0945,.72,111.80,4.96,0,2,5,35.75,0,97
100,2019,8,13,0945,.70,111.76,4.96,0,2,1,13.05,0,97
101,2019,8,13,0945,.64,109.22,4.96,0,2,1,14.05,0,101
102,2019,8,13,0945,.64,111.26,4.96,0,2,3,12.77,0,102
103,2019,8,13,0945,.58,111.34,4.96,0,2,3,14.82,0,103
104,2019,8,13,0945,.58,111.62,4.96,0,2,3,11.35,0,104
105,2019,8,13,0945,.50,111.14,4.96,0,2,1,9.11,0,105
106,2019,8,13,0945,.48,109.08,4.96,0,2,1,9.77,0,106
107,2019,8,13,0945,.40,116.22,4.96,0,2,3,2.75,0,108
108,2019,8,13,0945,.38,116.22,4.96,0,2,3,4.94,0,108
109,2019,8,13,0945,.36,109.92,4.96,0,2,3,15.13,0,109
110,2019,8,13,0945,.28,110.76,4.96,0,2,5,19.51,0,110
111,2019,8,13,0945,.28,110.78,4.96,0,2,3,10.24,0,110
112,2019,8,13,0945,.28,114.44,4.96,0,2,3,8.99,0,112
113,2019,8,13,0945,.18,110.90,4.96,0,2,3,5.77,0,113
114,2019,8,13,0945,-.02,116.46,4.96,0,2,3,7.18,0,114
115,2019,8,13,0945,-.16,101.92,4.96,0,2,3,9.84,0,115
116,2019,8,13,0945,-.18,101.92,4.96,0,2,3,6.21,0,115
117,2019,8,13,0945,-.62,110.04,4.96,0,2,3,8.09,0,117
118,2019,8,13,0945,-.86,111.38,4.96,0,1,5,36.58,0,118
119,2019,8,13,0945,-.86,111.40,4.96,0,1,5,36.57,0,118
120,2019,8,13,0945,-.88,111.38,4.96,0,2,3,11.63,0,118
121,2019,8,13,0945,-.92,113.68,4.96,0,2,3,6.70,0,124
122,2019,8,13,0945,-.92,113.70,4.96,0,2,3,6.70,0,124
123,2019,8,13,0945,-.92,113.72,4.96,0,2,3,3.55,0,124
124,2019,8,13,0945,-.94,113.68,4.96,0,1,5,17.18,0,124
125,2019,8,13,0945,-.94,113.70,4.96,0,1,5,17.18,0,124
126,2019,8,13,0945,-.94,113.72,4.96,0,2,3,4.46,0,124
127,2019,8,13,0945,-1.20,114.12,4.96,0,2,3,6.22,0,127
128,2019,8,13,0945,-1.46,113.02,4.95,0,2,3,4.13,0,128
129,2019,8,13,0945,-1.56,114.44,4.95,0,2,3,8.28,0,133
130,2019,8,13,0945,-1.56,114.46,4.95,0,2,3,12.21,0,130
131,2019,8,13,0945,-1.58,110.30,4.95,0,2,1,13.78,0,132
132,2019,8,13,0945,-1.58,110.32,4.95,0,2,1,15.68,0,132
133,2019,8,13,0945,-1.58,114.44,4.95,0,2,3,9.35,0,133
134,2019,8,13,0945,-1.70,110.24,4.95,0,2,1,20.83,0,138
135,2019,8,13,0945,-1.70,110.26,4.95,0,2,1,20.83,0,138
136,2019,8,13,0945,-1.70,110.28,4.95,0,2,1,24.45,0,138
137,2019,8,13,0945,-1.72,110.20,4.95,0,2,1,9.18,0,141
138,2019,8,13,0945,-1.72,110.24,4.95,0,2,1,35.44,0,138
139,2019,8,13,0945,-1.72,110.26,4.95,0,2,1,35.44,0,138
140,2019,8,13,0945,-1.72,110.28,4.95,0,2,5,27.13,0,138
141,2019,8,13,0945,-1.74,110.20,4.95,0,2,1,17.17,0,141
142,2019,8,13,0945,-1.78,105.54,4.95,0,2,1,7.77,0,142
143,2019,8,13,0945,-1.78,105.56,4.95,0,2,1,7.77,0,142
144,2019,8,13,0945,-1.80,114.92,4.95,0,2,3,19.07,0,145
145,2019,8,13,0945,-1.80,114.94,4.95,0,2,1,29.31,0,145
146,2019,8,13,0945,-1.84,103.92,4.95,0,2,1,11.95,0,151
147,2019,8,13,0945,-1.84,103.94,4.95,0,2,1,34.02,0,151
148,2019,8,13,0945,-1.84,103.96,4.95,0,2,1,5.79,0,151
149,2019,8,13,0945,-1.84,103.98,4.95,0,2,1,5.78,0,151
150,2019,8,13,0945,-1.86,103.92,4.95,0,2,1,37.68,0,151
151,2019,8,13,0945,-1.86,103.94,4.95,0,2,1,85.34,0,151
152,2019,8,13,0945,-1.86,103.96,4.95,0,2,1,15.32,0,151
153,2019,8,13,0945,-1.86,103.98,4.95,0,2,1,15.32,0,151
154,2019,8,13,0945,-1.86,114.92,4.95,0,2,3,18.88,0,154
155,2019,8,13,0945,-1.88,103.92,4.95,0,3,1,7.30,0,151
156,2019,8,13,0945,-1.88,103.94,4.95,0,2,1,18.92,0,151
157,2019,8,13,0945,-1.94,113.54,4.95,0,2,1,5.00,0,157
158,2019,8,13,0945,-1.94,120.54,4.95,0,2,3,6.36,0,158
159,2019,8,13,0945,-1.96,113.54,4.95,0,2,3,4.09,0,157
160,2019,8,13,0945,-2.00,105.44,4.95,0,2,1,6.29,0,160
161,2019,8,13,0945,-2.04,105.46,4.95,0,2,1,16.64,0,161
162,2019,8,13,0945,-2.06,105.46,4.95,0,2,1,4.84,0,161
163,2019,8,13,0945,-2.06,110.58,4.95,0,2,5,9.59,0,163
164,2019,8,13,0945,-2.08,110.58,4.95,0,2,1,6.10,0,163
165,2019,8,13,0945,-2.22,114.12,4.95,0,2,1,8.92,0,167
166,2019,8,13,0945,-2.24,113.80,4.95,0,2,1,11.32,0,166
167,2019,8,13,0945,-2.24,114.12,4.95,0,2,1,13.94,0,167
168,2019,8,13,0945,-2.34,110.76,4.95,0,2,3,3.87,0,170
169,2019,8,13,0945,-2.34,116.08,4.95,0,2,3,13.02,0,169
170,2019,8,13,0945,-2.36,110.76,4.95,0,2,3,6.51,0,170
171,2019,8,13,0945,-2.62,106.08,4.95,0,2,3,2.41,0,171
172,2019,8,13,0945,-2.64,102.84,4.95,0,2,3,3.11,0,172
173,2019,8,13,0945,-2.70,112.64,4.95,0,2,3,5.44,0,173
174,2019,8,13,0945,-2.86,106.36,4.95,0,2,3,2.93,0,174
175,2019,8,13,0945,-3.20,103.16,4.95,0,2,3,5.67,0,180
176,2019,8,13,0945,-3.20,103.18,4.95,0,2,3,5.67,0,180
177,2019,8,13,0945,-3.20,105.12,4.95,0,2,3,4.26,0,178
178,2019,8,13,0945,-3.20,105.14,4.95,0,2,3,4.46,0,178
179,2019,8,13,0945,-3.20,105.16,4.95,0,2,3,4.46,0,178
180,2019,8,13,0945,-3.22,103.16,4.95,0,1,5,27.22,0,180
181,2019,8,13,0945,-3.22,103.18,4.95,0,1,5,27.22,0,180
182,2019,8,13,0945,-3.22,128.40,4.95,0,2,3,4.87,0,182
183,2019,8,13,0945,-3.52,103.16,4.95,0,2,3,3.83,0,184
184,2019,8,13,0945,-3.54,103.14,4.95,0,2,1,3.97,0,184
185,2019,8,13,0945,-3.54,103.16,4.95,0,2,1,3.97,0,184
186,2019,8,13,0945,-6.34,139.82,4.93,0,1,1,4.39,0,186
187,2019,8,13,0945,-6.90,111.76,4.92,0,2,3,4.43,0,187
188,2019,8,13,0945,-6.92,111.76,4.92,0,2,3,2.45,0,187
189,2019,8,13,0945,-7.46,111.12,4.91,0,2,3,4.22,0,191
190,2019,8,13,0945,-7.46,111.14,4.91,0,2,3,4.21,0,191
191,2019,8,13,0945,-7.46,111.16,4.91,0,2,3,4.46,0,191
192,2019,8,13,0945,-7.48,111.18,4.91,0,2,5,7.59,0,192
193,2019,8,13,0945,-7.56,111.36,4.91,0,2,3,3.50,0,193
194,2019,8,13,0945,-7.56,111.38,4.91,0,2,3,3.50,0,193
195,2019,8,13,0945,-7.66,111.50,4.91,0,2,3,3.88,0,195
196,2019,8,13,0945,-8.46,124.18,4.90,0,2,1,4.00,0,196
197,2019,8,13,0945,-9.66,120.18,4.89,0,2,3,5.95,0,197
198,2019,8,13,0945,-9.66,120.20,4.89,0,2,3,2.43,0,197
199,2019,8,13,0945,-9.70,119.98,4.89,0,2,3,2.44,0,199
200,2019,8,13,0945,-10.16,120.26,4.88,0,2,3,5.65,0,200
201,2019,8,13,0945,-10.16,123.88,4.88,0,2,3,2.22,0,201
202,2019,8,13,0945,-11.22,132.38,4.86,0,2,5,4.43,0,202
203,2019,8,13,0945,-11.24,132.38,4.86,0,2,3,2.69,0,202
204,2019,8,13,0945,-11.40,130.86,4.86,0,2,3,5.35,0,207
205,2019,8,13,0945,-11.40,130.88,4.86,0,2,5,7.95,0,207
206,2019,8,13,0945,-11.42,130.88,4.86,0,2,1,3.66,0,207
207,2019,8,13,0945,-11.42,130.90,4.86,0,2,5,8.61,0,207
208,2019,8,13,0945,-11.62,130.44,4.86,0,2,3,3.84,0,208
209,2019,8,13,0945,-11.64,130.42,4.85,0,2,3,2.74,0,209
210,2019,8,13,0945,-12.08,134.68,4.85,0,2,3,2.93,0,210
211,2019,8,13,0945,-12.10,134.76,4.85,0,2,3,3.02,0,211
212,2019,8,13,0945,-12.24,134.82,4.84,0,2,3,4.12,0,212
213,2019,8,13,0945,-12.28,133.52,4.84,0,2,3,2.36,0,213
214,2019,8,13,0945,-12.28,134.18,4.84,0,2,3,4.15,0,214
215,2019,8,13,0945,-12.30,131.16,4.84,0,2,3,8.21,0,215
216,2019,8,13,0945,-12.50,131.28,4.84,0,2,5,10.50,0,216
217,2019,8,13,0945,-12.50,131.30,4.84,0,2,3,3.92,0,216
218,2019,8,13,0945,-12.52,131.26,4.84,0,2,3,6.39,0,216
219,2019,8,13,0945,-12.52,131.28,4.84,0,2,3,5.74,0,216
220,2019,8,13,0945,-12.56,132.00,4.84,0,2,3,4.05,0,220
221,2019,8,13,0945,-12.58,131.98,4.84,0,2,3,3.19,0,220
222,2019,8,13,0945,-12.58,132.00,4.84,0,2,3,2.78,0,220
223,2019,8,13,0945,-12.64,130.60,4.84,0,2,5,17.07,0,226
224,2019,8,13,0945,-12.64,130.62,4.84,0,2,5,13.55,0,226
225,2019,8,13,0945,-12.66,130.60,4.84,0,2,5,17.10,0,226
226,2019,8,13,0945,-12.66,130.62,4.84,0,2,5,23.40,0,226
227,2019,8,13,0945,-12.72,134.76,4.83,0,2,5,3.63,0,227
228,2019,8,13,0945,-12.72,134.78,4.83,0,2,3,1.97,0,227
229,2019,8,13,0945,-12.74,132.48,4.83,0,2,5,6.74,0,229
230,2019,8,13,0945,-12.74,132.90,4.83,0,1,3,18.34,0,231
231,2019,8,13,0945,-12.74,132.92,4.83,0,2,5,48.37,0,231
232,2019,8,13,0945,-12.74,132.94,4.83,0,2,5,39.16,0,231
233,2019,8,13,0945,-12.76,131.64,4.83,0,2,3,3.56,0,233
234,2019,8,13,0945,-12.76,132.92,4.83,0,2,5,8.37,0,231
235,2019,8,13,0945,-12.76,132.94,4.83,0,2,5,11.05,0,231
236,2019,8,13,0945,-12.78,131.66,4.83,0,2,3,5.68,0,236
237,2019,8,13,0945,-12.80,131.66,4.83,0,2,3,4.32,0,236
238,2019,8,13,0945,-12.84,131.62,4.83,0,2,3,5.13,0,239
239,2019,8,13,0945,-12.84,131.64,4.83,0,2,5,9.98,0,239
240,2019,8,13,0945,-12.84,132.46,4.83,0,2,1,2.43,0,240
241,2019,8,13,0945,-12.88,134.34,4.83,0,2,3,2.66,0,241
242,2019,8,13,0945,-12.90,134.34,4.83,0,2,3,2.19,0,241
243,2019,8,13,0945,-13.02,132.98,4.83,0,2,5,5.73,0,243
244,2019,8,13,0945,-13.02,133.00,4.83,0,2,5,5.17,0,243
245,2019,8,13,0945,-13.04,132.98,4.83,0,2,3,4.06,0,243
246,2019,8,13,0945,-13.30,142.54,4.82,0,2,3,2.54,0,246
247,2019,8,13,0945,-13.32,142.54,4.82,0,2,3,1.91,0,246
248,2019,8,13,0945,-13.48,131.42,4.82,0,2,3,2.44,0,249
249,2019,8,13,0945,-13.50,131.42,4.82,0,2,3,2.94,0,249
250,2019,8,13,0945,-13.54,143.06,4.82,0,2,3,3.84,0,250
251,2019,8,13,0945,-13.56,143.06,4.82,0,2,1,3.11,0,250
252,2019,8,13,0945,-13.62,134.32,4.82,0,2,3,2.47,0,252
253,2019,8,13,0945,-13.66,130.98,4.82,0,2,5,10.22,0,253
254,2019,8,13,0945,-13.66,131.04,4.82,0,2,3,6.54,0,256
255,2019,8,13,0945,-13.68,131.00,4.82,0,2,3,7.20,0,255
256,2019,8,13,0945,-13.68,131.04,4.82,0,1,3,28.55,0,256
257,2019,8,13,0945,-13.68,131.06,4.82,0,2,5,14.20,0,256
258,2019,8,13,0945,-13.70,131.04,4.82,0,2,3,7.23,0,256
259,2019,8,13,0945,-14.12,136.50,4.81,0,2,1,1.89,0,259
260,2019,8,13,0945,-14.32,130.80,4.80,0,2,5,5.63,0,260
261,2019,8,13,0945,-14.54,131.34,4.80,0,2,3,8.45,0,262
262,2019,8,13,0945,-14.56,131.34,4.80,0,2,5,12.10,0,262
263,2019,8,13,0945,-14.58,131.34,4.80,0,2,3,7.48,0,262
264,2019,8,13,0945,-14.58,131.42,4.80,0,2,3,7.22,0,264
265,2019,8,13,0945,-14.64,131.44,4.80,0,2,3,7.30,0,265
266,2019,8,13,0945,-14.66,133.14,4.80,0,2,3,2.46,0,266
267,2019,8,13,0945,-14.66,133.18,4.80,0,2,1,1.57,0,267
268,2019,8,13,0945,-14.68,131.52,4.79,0,2,3,9.69,0,268
269,2019,8,13,0945,-14.68,131.54,4.79,0,2,3,9.45,0,268
270,2019,8,13,0945,-14.68,133.16,4.79,0,2,3,3.46,0,270
271,2019,8,13,0945,-14.72,131.64,4.79,0,2,5,16.08,0,271
272,2019,8,13,0945,-14.74,134.44,4.79,0,2,3,2.37,0,272
273,2019,8,13,0945,-14.76,130.76,4.79,0,2,3,2.46,0,273
274,2019,8,13,0945,-14.78,130.74,4.79,0,2,3,5.01,0,274
275,2019,8,13,0945,-14.94,144.82,4.79,0,2,3,3.41,0,275
276,2019,8,13,0945,-14.96,129.78,4.79,0,2,3,17.75,0,278
277,2019,8,13,0945,-14.96,144.82,4.79,0,2,3,2.73,0,275
278,2019,8,13,0945,-14.98,129.76,4.79,0,2,5,22.83,0,278
279,2019,8,13,0945,-14.98,129.78,4.79,0,2,3,10.78,0,278
280,2019,8,13,0945,-14.98,129.80,4.79,0,2,1,7.24,0,278
281,2019,8,13,0945,-15.00,129.76,4.79,0,2,3,11.37,0,278
282,2019,8,13,0945,-15.02,142.00,4.79,0,2,3,2.58,0,283
283,2019,8,13,0945,-15.02,142.02,4.79,0,2,3,2.84,0,283
284,2019,8,13,0945,-15.04,129.72,4.79,0,2,3,7.68,0,284
285,2019,8,13,0945,-15.30,130.28,4.78,0,2,5,5.96,0,285
286,2019,8,13,0945,-15.30,130.30,4.78,0,2,3,4.78,0,285
287,2019,8,13,0945,-15.44,130.90,4.78,0,2,1,1.78,0,287
288,2019,8,13,0945,-15.44,131.08,4.78,0,2,5,5.60,0,288
289,2019,8,13,0945,-15.48,131.42,4.78,0,2,5,7.54,0,291
290,2019,8,13,0945,-15.48,131.44,4.78,0,2,3,5.53,0,291
291,2019,8,13,0945,-15.50,131.42,4.78,0,2,5,8.00,0,291
292,2019,8,13,0945,-15.50,131.44,4.78,0,2,5,7.39,0,291
293,2019,8,13,0945,-15.52,131.44,4.78,0,2,3,5.47,0,291
294,2019,8,13,0945,-15.60,130.66,4.77,0,2,3,2.27,0,294
295,2019,8,13,0945,-15.68,130.56,4.77,0,2,3,3.57,0,295
296,2019,8,13,0945,-15.68,145.20,4.77,0,2,3,3.37,0,296
297,2019,8,13,0945,-15.68,145.22,4.77,0,2,3,2.54,0,296
298,2019,8,13,0945,-15.70,130.54,4.77,0,2,3,2.12,0,295
299,2019,8,13,0945,-15.70,130.56,4.77,0,2,3,2.26,0,295
300,2019,8,13,0945,-15.72,137.04,4.77,0,2,3,4.85,0,300
301,2019,8,13,0945,-15.88,136.14,4.77,0,2,3,2.22,0,301
302,2019,8,13,0945,-15.88,136.32,4.77,0,2,3,2.65,0,302
303,2019,8,13,0945,-15.88,136.34,4.77,0,2,3,1.78,0,302
304,2019,8,13,0945,-16.08,136.70,4.76,0,2,3,1.65,0,306
305,2019,8,13,0945,-16.10,136.40,4.76,0,2,3,2.85,0,305
306,2019,8,13,0945,-16.10,136.68,4.76,0,2,5,5.64,0,306
307,2019,8,13,0945,-16.10,136.70,4.76,0,2,3,3.44,0,306
308,2019,8,13,0945,-16.12,136.40,4.76,0,2,3,1.65,0,305
309,2019,8,13,0945,-16.12,136.42,4.76,0,2,3,1.47,0,305
310,2019,8,13,0945,-16.12,136.68,4.76,0,2,5,3.60,0,306
311,2019,8,13,0945,-16.16,136.40,4.76,0,2,3,2.63,0,311
312,2019,8,13,0945,-16.18,135.98,4.76,0,2,3,2.12,0,312
313,2019,8,13,0945,-16.30,144.62,4.76,0,2,3,2.69,0,317
314,2019,8,13,0945,-16.32,136.96,4.76,0,2,3,4.92,0,315
315,2019,8,13,0945,-16.32,136.98,4.76,0,2,5,8.52,0,315
316,2019,8,13,0945,-16.32,144.60,4.76,0,2,3,4.10,0,317
317,2019,8,13,0945,-16.32,144.62,4.76,0,2,5,8.88,0,317
318,2019,8,13,0945,-16.32,144.64,4.76,0,2,5,3.07,0,317
319,2019,8,13,0945,-16.34,136.98,4.76,0,2,3,4.61,0,315
320,2019,8,13,0945,-16.34,144.62,4.76,0,2,5,7.82,0,317
321,2019,8,13,0945,-16.38,136.98,4.76,0,2,3,3.57,0,321
322,2019,8,13,0945,-16.40,136.84,4.75,0,2,3,7.22,0,324
323,2019,8,13,0945,-16.40,136.86,4.75,0,2,5,7.31,0,324
324,2019,8,13,0945,-16.42,136.84,4.75,0,2,3,8.36,0,324
325,2019,8,13,0945,-16.42,136.86,4.75,0,2,3,7.95,0,324
326,2019,8,13,0945,-16.56,141.74,4.75,0,2,3,5.30,0,326
327,2019,8,13,0945,-16.56,141.76,4.75,0,2,3,3.17,0,326
328,2019,8,13,0945,-16.58,141.76,4.75,0,2,3,4.86,0,326
329,2019,8,13,0945,-16.62,141.96,4.75,0,2,3,5.78,0,334
330,2019,8,13,0945,-16.62,141.98,4.75,0,2,5,10.00,0,334
331,2019,8,13,0945,-16.62,142.00,4.75,0,2,5,5.75,0,334
332,2019,8,13,0945,-16.64,136.82,4.75,0,2,3,1.92,0,337
333,2019,8,13,0945,-16.64,141.96,4.75,0,2,3,8.90,0,334
334,2019,8,13,0945,-16.64,141.98,4.75,0,2,5,12.82,0,334
335,2019,8,13,0945,-16.64,142.00,4.75,0,2,5,5.52,0,334
336,2019,8,13,0945,-16.66,136.80,4.75,0,2,3,2.58,0,337
337,2019,8,13,0945,-16.66,136.82,4.75,0,2,5,3.74,0,337
338,2019,8,13,0945,-16.68,144.82,4.75,0,2,3,2.46,0,338
339,2019,8,13,0945,-16.74,142.12,4.75,0,2,3,5.09,0,339
340,2019,8,13,0945,-16.78,142.12,4.75,0,2,5,6.38,0,340
341,2019,8,13,0945,-19.44,146.74,4.67,0,2,1,2.85,0,341
342,2019,8,13,0945,-20.30,145.52,4.65,0,2,3,3.74,0,342
343,2019,8,13,0945,-20.30,145.54,4.65,0,2,5,3.59,0,342
344,2019,8,13,0945,-20.32,145.52,4.65,0,2,5,3.25,0,342
345,2019,8,13,0945,-20.32,145.54,4.65,0,2,3,2.35,0,342
346,2019,8,13,0945,-20.70,143.54,4.64,0,2,1,2.72,0,346
347,2019,8,13,0945,-20.78,143.46,4.63,0,2,1,1.57,0,347
348,2019,8,13,0945,-21.46,148.38,4.61,0,2,1,2.34,0,351
349,2019,8,13,0945,-21.46,148.40,4.61,0,2,5,2.71,0,351
350,2019,8,13,0945,-21.48,125.32,4.61,0,1,1,4.77,0,350
351,2019,8,13,0945,-21.48,148.38,4.61,0,2,3,3.35,0,351
352,2019,8,13,0945,-21.48,148.40,4.61,0,2,5,2.70,0,351
353,2019,8,13,0945,-22.34,123.84,4.58,0,1,3,4.24,0,353
354,2019,8,13,0945,-22.48,148.90,4.58,0,2,1,2.61,0,354
355,2019,8,13,0945,-22.54,150.10,4.58,0,2,3,5.12,0,356
356,2019,8,13,0945,-22.54,150.12,4.58,0,2,5,5.99,0,356
357,2019,8,13,0945,-22.56,128.34,4.58,0,1,3,5.18,0,358
358,2019,8,13,0945,-22.58,128.34,4.58,0,1,1,6.51,0,358
359,2019,8,13,0945,-22.62,147.78,4.58,0,2,1,1.49,0,359
360,2019,8,13,0945,-22.70,150.42,4.57,0,2,5,16.86,0,360
361,2019,8,13,0945,-22.70,150.44,4.57,0,2,5,12.88,0,360
362,2019,8,13,0945,-22.72,121.78,4.57,0,1,1,5.77,0,362
363,2019,8,13,0945,-22.72,150.42,4.57,0,2,5,5.57,0,360
364,2019,8,13,0945,-22.72,150.44,4.57,0,2,5,6.65,0,360
365,2019,8,13,0945,-22.74,147.62,4.57,0,2,1,1.71,0,365
366,2019,8,13,0945,-22.76,131.48,4.57,0,2,1,2.13,0,366
367,2019,8,13,0945,-22.82,131.84,4.57,0,2,3,2.09,0,371
368,2019,8,13,0945,-22.82,148.64,4.57,0,2,5,5.08,0,368
369,2019,8,13,0945,-22.82,148.66,4.57,0,2,3,2.51,0,368
370,2019,8,13,0945,-22.82,148.68,4.57,0,2,3,2.51,0,368
371,2019,8,13,0945,-22.84,131.82,4.57,0,1,1,3.86,0,371
372,2019,8,13,0945,-22.84,131.84,4.57,0,2,1,2.71,0,371
373,2019,8,13,0945,-22.84,148.66,4.57,0,2,3,2.24,0,368
374,2019,8,13,0945,-23.28,129.42,4.55,0,1,1,4.85,0,374
375,2019,8,13,0945,-23.32,123.54,4.55,0,1,1,4.89,0,376
376,2019,8,13,0945,-23.32,123.56,4.55,0,1,1,5.11,0,376
377,2019,8,13,0951,-23.70,148.04,4.54,0,1,1,5.34,0,377
378,2019,8,13,0951,-23.72,148.04,4.54,0,1,1,4.10,0,377
379,2019,8,13,0951,-24.20,148.22,4.52,0,2,3,2.80,0,379
380,2019,8,13,0951,-24.30,150.40,4.52,0,2,3,2.30,0,380
381,2019,8,13,0951,-24.58,149.80,4.51,0,2,1,2.86,0,381
382,2019,8,13,0951,-24.70,129.84,4.50,0,1,1,4.91,0,382
383,2019,8,13,0951,-24.90,139.48,4.50,0,2,1,1.30,0,384
384,2019,8,13,0951,-24.92,139.48,4.50,0,2,1,3.01,0,384
385,2019,8,13,0951,-25.10,151.96,4.49,0,2,5,13.89,0,385
386,2019,8,13,0951,-25.12,151.98,4.49,0,2,3,5.09,0,386
387,2019,8,13,0951,-25.28,122.96,4.48,0,2,3,3.03,0,388
388,2019,8,13,0951,-25.28,122.98,4.48,0,1,3,3.67,0,388
389,2019,8,13,0951,-25.30,130.72,4.48,0,2,1,3.32,0,390
390,2019,8,13,0951,-25.30,130.74,4.48,0,1,1,3.80,0,390
391,2019,8,13,0951,-25.30,130.76,4.48,0,2,1,2.93,0,390
392,2019,8,13,0951,-25.56,123.04,4.47,0,1,1,7.57,0,394
393,2019,8,13,0951,-25.56,123.06,4.47,0,1,1,11.32,0,393
394,2019,8,13,0951,-25.58,123.04,4.47,0,1,1,10.29,0,394
395,2019,8,13,0951,-25.60,130.40,4.47,0,1,3,3.09,0,395
396,2019,8,13,0951,-25.60,152.80,4.47,0,2,5,8.25,0,396
397,2019,8,13,0951,-25.60,152.82,4.47,0,2,5,4.47,0,396
398,2019,8,13,0951,-25.72,148.42,4.47,0,2,3,2.64,0,402
399,2019,8,13,0951,-25.74,148.40,4.46,0,2,3,1.98,0,402
400,2019,8,13,0951,-25.74,148.42,4.46,0,2,3,2.64,0,402
401,2019,8,13,0951,-25.76,148.40,4.46,0,2,3,1.98,0,402
402,2019,8,13,0951,-25.76,148.42,4.46,0,2,5,4.00,0,402
403,2019,8,13,0951,-25.88,151.02,4.46,0,2,5,9.68,0,403
404,2019,8,13,0951,-25.90,151.00,4.46,0,2,3,4.11,0,403
405,2019,8,13,0951,-25.90,151.02,4.46,0,2,5,7.98,0,403
406,2019,8,13,0951,-26.04,145.32,4.45,0,2,1,1.82,0,408
407,2019,8,13,0951,-26.06,145.30,4.45,0,2,1,1.82,0,408
408,2019,8,13,0951,-26.06,145.32,4.45,0,2,1,2.36,0,408
409,2019,8,13,0951,-26.16,127.92,4.45,0,2,1,1.79,0,409
410,2019,8,13,0951,-26.18,151.10,4.45,0,2,5,6.39,0,410
411,2019,8,13,0951,-26.18,152.56,4.45,0,2,5,3.94,0,411
412,2019,8,13,0951,-26.20,150.26,4.45,0,2,5,4.57,0,412
413,2019,8,13,0951,-26.20,152.54,4.45,0,2,3,3.17,0,411
414,2019,8,13,0951,-26.20,152.56,4.45,0,2,3,3.37,0,411
415,2019,8,13,0951,-26.22,150.26,4.45,0,2,3,1.95,0,412
416,2019,8,13,0951,-26.28,139.70,4.44,0,2,1,1.00,0,416
417,2019,8,13,0951,-26.36,146.84,4.44,0,2,3,1.51,0,417
418,2019,8,13,0951,-26.36,146.86,4.44,0,2,3,1.51,0,417
419,2019,8,13,0951,-26.80,150.68,4.42,0,2,3,1.57,0,419
420,2019,8,13,0951,-27.18,148.62,4.41,0,2,3,1.68,0,422
421,2019,8,13,0951,-27.18,148.64,4.41,0,2,3,1.68,0,422
422,2019,8,13,0951,-27.20,148.64,4.41,0,2,1,5.25,0,422
423,2019,8,13,0951,-27.30,148.04,4.40,0,1,1,9.29,0,426
424,2019,8,13,0951,-27.30,148.06,4.40,0,2,1,2.08,0,426
425,2019,8,13,0951,-27.32,148.02,4.40,0,2,1,8.48,0,426
426,2019,8,13,0951,-27.32,148.04,4.40,0,2,1,35.37,0,426
427,2019,8,13,0951,-27.32,148.06,4.40,0,2,1,6.94,0,426
428,2019,8,13,0951,-27.34,148.04,4.40,0,2,1,5.13,0,426
429,2019,8,13,0951,-27.34,148.06,4.40,0,2,3,1.64,0,426
430,2019,8,13,0951,-27.50,150.76,4.40,0,1,3,11.02,0,437
431,2019,8,13,0951,-27.50,150.78,4.40,0,2,5,21.25,0,437
432,2019,8,13,0951,-27.52,150.76,4.40,0,1,3,11.02,0,437
433,2019,8,13,0951,-27.52,150.78,4.40,0,2,5,21.25,0,437
434,2019,8,13,0951,-27.52,150.80,4.40,0,2,5,28.22,0,437
435,2019,8,13,0951,-27.52,150.82,4.40,0,2,5,4.81,0,437
436,2019,8,13,0951,-27.54,150.76,4.39,0,2,5,41.88,0,437
437,2019,8,13,0951,-27.54,150.78,4.39,0,2,5,85.08,0,437
438,2019,8,13,0951,-27.54,150.80,4.39,0,2,5,72.91,0,437
439,2019,8,13,0951,-27.54,150.82,4.39,0,2,5,11.22,0,437
440,2019,8,13,0951,-27.56,150.76,4.39,0,2,5,48.50,0,437
441,2019,8,13,0951,-27.56,150.78,4.39,0,2,5,64.00,0,437
442,2019,8,13,0951,-27.56,150.80,4.39,0,2,5,24.62,0,437
443,2019,8,13,0951,-27.56,150.82,4.39,0,2,5,4.88,0,437
444,2019,8,13,0951,-27.56,150.84,4.39,0,2,5,4.88,0,437
445,2019,8,13,0951,-27.58,149.08,4.39,0,2,1,36.22,0,450
446,2019,8,13,0951,-27.58,149.10,4.39,0,2,1,25.33,0,450
447,2019,8,13,0951,-27.58,150.76,4.39,0,2,5,21.73,0,437
448,2019,8,13,0951,-27.58,150.78,4.39,0,2,5,27.78,0,437
449,2019,8,13,0951,-27.58,150.80,4.39,0,2,5,27.78,0,437
450,2019,8,13,0951,-27.60,149.08,4.39,0,2,1,42.43,0,450
451,2019,8,13,0951,-27.60,149.10,4.39,0,2,1,27.50,0,450
452,2019,8,13,0951,-27.66,149.66,4.39,0,2,5,2.21,0,452
453,2019,8,13,0951,-27.66,149.68,4.39,0,2,3,1.23,0,452
454,2019,8,13,0951,-27.74,147.98,4.39,0,2,3,1.06,0,454
455,2019,8,13,0951,-27.80,151.34,4.38,0,2,1,3.48,0,455
456,2019,8,13,0951,-27.98,124.18,4.38,0,2,1,3.02,0,456
457,2019,8,13,0951,-27.98,124.28,4.38,0,2,3,3.10,0,457
458,2019,8,13,0951,-27.98,124.42,4.38,0,1,1,6.46,0,458
459,2019,8,13,0951,-28.00,124.46,4.38,0,2,3,2.82,0,460
460,2019,8,13,0951,-28.02,124.46,4.38,0,1,1,4.36,0,460
461,2019,8,13,0951,-28.02,148.16,4.38,0,2,1,24.31,0,462
462,2019,8,13,0951,-28.02,148.18,4.38,0,2,1,30.02,0,462
463,2019,8,13,0951,-28.04,148.16,4.37,0,2,1,5.20,0,462
464,2019,8,13,0951,-28.04,148.18,4.37,0,2,1,5.93,0,462
465,2019,8,13,0951,-28.22,149.94,4.37,0,2,1,1.80,0,466
466,2019,8,13,0951,-28.22,149.96,4.37,0,2,5,3.09,0,466
467,2019,8,13,0951,-28.24,149.96,4.37,0,2,3,2.08,0,466
468,2019,8,13,0951,-28.46,150.80,4.36,0,2,3,1.65,0,468
469,2019,8,13,0951,-28.46,152.90,4.36,0,1,3,6.09,0,469
470,2019,8,13,0951,-28.54,149.80,4.35,0,2,5,3.17,0,472
471,2019,8,13,0951,-28.54,149.82,4.35,0,2,1,1.08,0,472
472,2019,8,13,0951,-28.56,149.80,4.35,0,2,5,3.17,0,472
473,2019,8,13,0951,-28.56,149.82,4.35,0,2,1,1.08,0,472
474,2019,8,13,0951,-28.56,149.84,4.35,0,2,1,1.08,0,472
475,2019,8,13,0951,-28.70,124.38,4.35,0,1,3,3.58,0,480
476,2019,8,13,0951,-28.70,148.98,4.35,0,2,3,1.90,0,476
477,2019,8,13,0951,-28.72,124.38,4.35,0,1,3,3.58,0,480
478,2019,8,13,0951,-28.72,124.40,4.35,0,1,1,4.91,0,480
479,2019,8,13,0951,-28.74,124.38,4.35,0,1,3,3.93,0,480
480,2019,8,13,0951,-28.74,124.40,4.35,0,1,1,4.91,0,480
481,2019,8,13,0951,-29.16,152.98,4.33,0,2,3,3.02,0,481
482,2019,8,13,0951,-29.18,131.02,4.33,0,1,3,3.62,0,483
483,2019,8,13,0951,-29.18,131.04,4.33,0,1,3,4.99,0,483
484,2019,8,13,0951,-29.18,152.90,4.33,0,2,3,3.09,0,485
485,2019,8,13,0951,-29.18,152.92,4.33,0,2,5,7.39,0,485
486,2019,8,13,0951,-29.18,152.98,4.33,0,2,3,2.62,0,481
487,2019,8,13,0951,-29.20,131.04,4.33,0,1,3,3.38,0,483
488,2019,8,13,0951,-29.20,131.08,4.33,0,2,3,2.66,0,488
489,2019,8,13,0951,-29.20,152.90,4.33,0,2,3,3.83,0,485
490,2019,8,13,0951,-29.20,152.92,4.33,0,2,5,5.24,0,485
491,2019,8,13,0951,-29.20,152.98,4.33,0,2,3,2.62,0,481
492,2019,8,13,0951,-29.22,131.08,4.33,0,2,3,2.53,0,488
493,2019,8,13,0951,-29.22,152.90,4.33,0,2,3,3.83,0,485
494,2019,8,13,0951,-29.22,152.92,4.33,0,2,5,5.24,0,485
495,2019,8,13,0951,-29.28,149.46,4.32,0,2,3,2.09,0,497
496,2019,8,13,0951,-29.30,149.44,4.32,0,2,3,1.08,0,497
497,2019,8,13,0951,-29.30,149.46,4.32,0,2,5,3.84,0,497
498,2019,8,13,0951,-29.40,148.26,4.32,0,2,3,1.92,0,498
499,2019,8,13,0951,-29.56,152.86,4.31,0,2,5,7.77,0,500
500,2019,8,13,0951,-29.56,152.88,4.31,0,2,5,8.70,0,500
501,2019,8,13,0951,-29.58,152.88,4.31,0,2,1,5.30,0,500
502,2019,8,13,0951,-29.60,132.66,4.31,0,1,1,3.73,0,502
503,2019,8,13,0951,-29.60,152.88,4.31,0,2,1,5.30,0,500
504,2019,8,13,0951,-29.92,152.94,4.30,0,2,3,6.75,0,505
505,2019,8,13,0951,-29.94,152.94,4.30,0,2,3,6.75,0,505
506,2019,8,13,0951,-29.94,152.98,4.30,0,2,3,5.32,0,506
507,2019,8,13,0951,-29.96,152.94,4.29,0,2,3,6.59,0,505
508,2019,8,13,0951,-30.12,149.80,4.29,0,2,3,1.10,0,509
509,2019,8,13,0951,-30.14,149.80,4.29,0,2,3,2.37,0,509
510,2019,8,13,0951,-30.34,147.72,4.28,0,2,3,1.62,0,511
511,2019,8,13,0951,-30.36,147.72,4.28,0,2,3,2.03,0,511
512,2019,8,13,0951,-30.36,150.76,4.28,0,2,5,3.27,0,512
513,2019,8,13,0951,-30.38,148.94,4.28,0,2,3,1.94,0,514
514,2019,8,13,0951,-30.40,148.92,4.28,0,2,3,2.00,0,514
515,2019,8,13,0951,-30.40,148.94,4.28,0,2,3,1.75,0,514
516,2019,8,13,0951,-30.86,136.06,4.25,0,1,1,6.00,0,516
517,2019,8,13,0951,-31.04,152.60,4.25,0,2,3,5.47,0,520
518,2019,8,13,0951,-31.04,152.62,4.25,0,2,3,5.47,0,520
519,2019,8,13,0951,-31.04,152.64,4.25,0,2,3,4.76,0,520
520,2019,8,13,0951,-31.06,152.64,4.25,0,2,5,9.84,0,520
521,2019,8,13,0951,-31.06,152.66,4.25,0,2,5,5.17,0,520
522,2019,8,13,0951,-31.30,147.68,4.24,0,2,3,1.33,0,522
523,2019,8,13,0951,-31.30,152.60,4.24,0,2,1,11.97,0,523
524,2019,8,13,0951,-31.32,152.60,4.23,0,2,5,7.15,0,523
525,2019,8,13,0951,-31.34,149.86,4.23,0,2,3,2.08,0,525
526,2019,8,13,0951,-31.56,152.62,4.22,0,2,3,3.36,0,526
527,2019,8,13,0951,-31.56,152.64,4.22,0,2,3,3.16,0,526
528,2019,8,13,0951,-31.62,134.92,4.22,0,2,1,2.55,0,528
529,2019,8,13,0951,-31.64,150.96,4.22,0,2,3,1.77,0,529
530,2019,8,13,0951,-31.66,152.08,4.22,0,1,3,5.50,0,530
531,2019,8,13,0951,-31.68,148.80,4.22,0,2,1,1.73,0,531
532,2019,8,13,0951,-31.68,152.08,4.22,0,2,3,1.89,0,530
533,2019,8,13,0951,-31.78,148.88,4.21,0,2,3,1.13,0,533
534,2019,8,13,0951,-31.80,148.48,4.21,0,2,5,3.07,0,534
535,2019,8,13,0951,-31.88,149.42,4.21,0,2,5,5.25,0,536
536,2019,8,13,0951,-31.90,149.42,4.21,0,2,5,7.85,0,536
537,2019,8,13,0951,-32.12,149.88,4.20,0,2,3,1.30,0,539
538,2019,8,13,0951,-32.12,149.90,4.20,0,2,3,1.30,0,539
539,2019,8,13,0951,-32.12,149.92,4.20,0,2,5,2.93,0,539
540,2019,8,13,0951,-32.20,146.72,4.19,0,2,1,4.16,0,540
541,2019,8,13,0951,-32.20,146.74,4.19,0,2,1,2.04,0,540
542,2019,8,13,0951,-32.54,145.96,4.18,0,2,1,.91,0,542
543,2019,8,13,0951,-32.58,135.18,4.18,0,2,1,2.93,0,544
544,2019,8,13,0951,-32.60,135.18,4.18,0,2,1,2.93,0,544
545,2019,8,13,0951,-32.72,136.88,4.17,0,1,1,2.99,0,545
546,2019,8,13,0951,-32.72,136.90,4.17,0,1,1,2.99,0,545
547,2019,8,13,0951,-32.72,145.94,4.17,0,2,3,1.41,0,548
548,2019,8,13,0951,-32.74,145.94,4.17,0,2,3,1.41,0,548
549,2019,8,13,0951,-32.76,145.94,4.17,0,2,3,1.21,0,548
550,2019,8,13,0951,-32.94,116.44,4.16,0,2,3,1.66,0,550
551,2019,8,13,0951,-33.00,137.58,4.16,0,2,1,1.57,0,551
552,2019,8,13,0951,-33.00,137.60,4.16,0,2,1,1.32,0,551
553,2019,8,13,0951,-33.02,137.58,4.16,0,2,1,1.21,0,551
554,2019,8,13,0951,-33.02,137.60,4.16,0,2,1,.98,0,551
555,2019,8,13,0951,-33.22,134.70,4.15,0,1,3,2.54,0,555
556,2019,8,13,0951,-33.58,150.58,4.13,0,2,3,2.50,0,557
557,2019,8,13,0951,-33.58,150.60,4.13,0,2,5,3.91,0,557
558,2019,8,13,0951,-33.58,150.62,4.13,0,2,5,3.91,0,557
559,2019,8,13,0951,-33.60,150.58,4.13,0,2,3,1.62,0,557
560,2019,8,13,0951,-33.60,150.60,4.13,0,2,3,1.62,0,557
561,2019,8,13,0951,-33.60,150.62,4.13,0,2,5,2.23,0,557
562,2019,8,13,0951,-33.62,150.60,4.13,0,2,3,1.62,0,557
563,2019,8,13,0951,-33.62,150.62,4.13,0,2,5,2.23,0,557
564,2019,8,13,0951,-33.66,149.80,4.13,0,2,5,2.13,0,566
565,2019,8,13,0951,-33.66,149.82,4.13,0,2,3,1.37,0,566
566,2019,8,13,0951,-33.68,149.80,4.12,0,2,5,2.13,0,566
567,2019,8,13,0951,-33.68,149.82,4.12,0,2,3,1.37,0,566
568,2019,8,13,0951,-33.68,149.84,4.12,0,2,3,1.37,0,566
569,2019,8,13,0951,-33.72,141.98,4.12,0,2,3,1.85,0,574
570,2019,8,13,0951,-33.72,142.00,4.12,0,2,5,1.81,0,574
571,2019,8,13,0951,-33.74,141.98,4.12,0,2,3,1.85,0,574
572,2019,8,13,0951,-33.74,142.00,4.12,0,2,5,1.81,0,574
573,2019,8,13,0951,-33.76,141.98,4.12,0,2,5,3.84,0,574
574,2019,8,13,0951,-33.76,142.00,4.12,0,2,5,4.38,0,574
575,2019,8,13,0951,-33.76,149.38,4.12,0,2,5,1.99,0,575
576,2019,8,13,0951,-33.86,122.42,4.12,0,2,3,2.26,0,580
577,2019,8,13,0951,-33.86,122.44,4.12,0,2,3,2.26,0,580
578,2019,8,13,0951,-33.86,122.46,4.12,0,2,5,4.25,0,578
579,2019,8,13,0951,-33.88,122.42,4.12,0,2,3,2.26,0,580
580,2019,8,13,0951,-33.88,122.44,4.12,0,2,5,4.38,0,580
581,2019,8,13,0951,-33.90,138.16,4.11,0,1,1,3.48,0,581
582,2019,8,13,0951,-33.90,138.18,4.11,0,1,3,3.48,0,581
583,2019,8,13,0951,-33.96,146.36,4.11,0,2,3,2.22,0,583
584,2019,8,13,0951,-33.98,146.36,4.11,0,2,3,1.25,0,583
585,2019,8,13,0951,-34.18,135.52,4.10,0,2,1,1.32,0,585
586,2019,8,13,0951,-34.22,135.48,4.10,0,2,3,1.98,0,586
587,2019,8,13,0951,-34.46,150.86,4.09,0,2,1,3.51,0,589
588,2019,8,13,0951,-34.46,150.88,4.09,0,2,1,4.87,0,589
589,2019,8,13,0951,-34.46,150.90,4.09,0,2,1,4.87,0,589
590,2019,8,13,0951,-34.60,140.98,4.08,0,2,1,2.85,0,590
591,2019,8,13,0951,-35.76,142.42,4.02,0,2,3,.88,0,591
592,2019,8,13,0951,-35.76,144.98,4.02,0,1,1,3.03,0,592
593,2019,8,13,0951,-35.78,145.00,4.02,0,2,3,1.31,0,593
594,2019,8,13,0951,-36.64,145.38,3.98,0,2,3,1.28,0,594
595,2019,8,13,0951,-42.48,146.94,3.66,0,2,3,1.72,0,595
596,2019,8,13,0951,-43.74,173.12,3.58,0,2,1,3.25,0,596
